0.03 0.05 0.03 0.04 0.04 0.05 0.04 0.05 0.04 0.02 
0.02 0.04 0.05 0.02 0.03 0.05 0.03 0.05 0.03 0.02 
0.02 0.02 0.02 0.05 0.05 0.02 0.03 0.03 0.03 0.04 
0.05 0.05 0.03 0.05 0.02 0.03 0.04 0.03 0.02 0.02 
0.04 0.02 0.04 0.05 0.05 0.02 0.03 0.04 0.03 0.05 
0.04 0.04 0.05 0.04 0.05 0.03 0.04 0.03 0.04 0.02 
0.03 0.02 0.05 0.05 0.05 0.05 0.04 0.05 0.02 0.03 
0.04 0.05 0.03 0.05 0.02 0.05 0.05 0.03 0.03 0.02 
0.04 0.02 0.02 0.02 0.05 0.02 0.03 0.05 0.05 0.02 
0.02 0.02 0.02 0.02 0.05 0.05 0.03 0.05 0.02 0.03 
0.05 0.02 0.03 0.04 0.02 0.04 0.04 0.03 0.05 0.04 
0.04 0.03 0.04 0.04 0.05 0.03 0.05 0.02 0.03 0.04 
0.04 0.03 0.02 0.03 0.04 0.05 0.05 0.03 0.03 0.03 
0.02 0.04 0.05 0.04 0.03 0.03 0.04 0.03 0.03 0.04 
0.05 0.05 0.03 0.03 0.05 0.03 0.02 0.02 0.05 0.04 
0.04 0.04 0.02 0.02 0.02 0.04 0.05 0.05 0.02 0.03 
0.03 0.02 0.05 0.02 0.04 0.05 0.02 0.05 0.03 0.05 
0.02 0.05 0.02 0.04 0.03 0.02 0.03 0.04 0.02 0.04 
0.03 0.03 0.02 0.04 0.05 0.02 0.03 0.05 0.03 0.05 
0.02 0.03 0.02 0.05 0.05 0.02 0.02 0.03 0.02 0.04 
0.05 0.04 0.05 0.02 0.02 0.02 0.02 0.02 0.03 0.04 
0.03 0.05 0.05 0.02 0.04 0.04 0.04 0.04 0.03 0.04 
0.04 0.05 0.05 0.02 0.04 0.04 0.05 0.04 0.02 0.04 
0.05 0.05 0.02 0.05 0.05 0.03 0.04 0.05 0.04 0.03 
0.02 0.02 0.02 0.02 0.05 0.03 0.05 0.05 0.05 0.04 
0.02 0.02 0.02 0.04 0.05 0.04 0.02 0.05 0.03 0.03 
0.02 0.04 0.04 0.05 0.04 0.02 0.05 0.05 0.03 0.02 
0.02 0.02 0.05 0.04 0.04 0.02 0.05 0.04 0.04 0.03 
0.03 0.03 0.03 0.03 0.05 0.05 0.03 0.05 0.05 0.02 
0.02 0.04 0.02 0.05 0.02 0.02 0.02 0.05 0.05 0.03 
0.05 0.04 0.02 0.02 0.03 0.05 0.04 0.02 0.04 0.02 
0.04 0.03 0.03 0.04 0.05 0.03 0.05 0.02 0.03 0.03 
0.02 0.03 0.04 0.03 0.02 0.05 0.05 0.03 0.03 0.02 
0.02 0.04 0.02 0.02 0.03 0.02 0.02 0.04 0.03 0.02 
0.04 0.03 0.02 0.02 0.02 0.03 0.05 0.03 0.02 0.02 
0.05 0.02 0.03 0.04 0.02 0.03 0.04 0.02 0.02 0.02 
0.02 0.05 0.05 0.03 0.02 0.05 0.02 0.05 0.04 0.02 
0.05 0.02 0.02 0.04 0.04 0.02 0.02 0.02 0.03 0.05 
0.02 0.02 0.03 0.05 0.03 0.04 0.04 0.05 0.02 0.03 
0.05 0.05 0.04 0.02 0.04 0.02 0.02 0.03 0.05 0.04 
0.03 0.05 0.04 0.04 0.04 0.03 0.03 0.03 0.03 0.02 
0.04 0.02 0.04 0.03 0.02 0.05 0.03 0.04 0.02 0.04 
0.04 0.04 0.03 0.05 0.04 0.05 0.03 0.05 0.03 0.04 
0.05 0.02 0.02 0.03 0.03 0.03 0.03 0.02 0.03 0.04 
0.05 0.04 0.05 0.02 0.04 0.05 0.05 0.03 0.04 0.05 
0.04 0.02 0.05 0.04 0.04 0.03 0.02 0.02 0.03 0.03 
0.05 0.04 0.05 0.03 0.02 0.05 0.02 0.04 0.04 0.05 
0.03 0.03 0.04 0.05 0.02 0.04 0.04 0.04 0.02 0.04 
0.04 0.02 0.02 0.03 0.02 0.05 0.02 0.03 0.05 0.04 
0.03 0.03 0.04 0.05 0.02 0.05 0.05 0.05 0.04 0.02 
0.05 0.02 0.04 0.02 0.04 0.05 0.05 0.03 0.05 0.04 
0.04 0.04 0.02 0.02 0.04 0.02 0.02 0.05 0.02 0.04 
0.04 0.02 0.02 0.03 0.04 0.03 0.05 0.05 0.04 0.02 
0.02 0.04 0.03 0.02 0.03 0.03 0.02 0.03 0.02 0.03 
0.03 0.03 0.03 0.03 0.02 0.02 0.02 0.05 0.02 0.05 
0.05 0.03 0.03 0.05 0.03 0.03 0.05 0.04 0.04 0.02 
0.02 0.02 0.03 0.04 0.03 0.03 0.05 0.04 0.02 0.03 
0.05 0.05 0.03 0.04 0.02 0.04 0.04 0.03 0.02 0.02 
0.03 0.05 0.03 0.03 0.02 0.05 0.02 0.05 0.04 0.02 
0.04 0.03 0.03 0.02 0.03 0.02 0.02 0.05 0.03 0.02 
0.04 0.05 0.04 0.02 0.04 0.04 0.03 0.04 0.02 0.05 
0.02 0.02 0.04 0.03 0.02 0.02 0.04 0.04 0.02 0.03 
0.03 0.03 0.05 0.04 0.05 0.02 0.03 0.03 0.03 0.05 
0.03 0.02 0.03 0.02 0.04 0.03 0.05 0.04 0.05 0.05 
0.03 0.05 0.05 0.04 0.03 0.04 0.02 0.03 0.04 0.03 
0.02 0.04 0.04 0.03 0.04 0.02 0.04 0.02 0.03 0.05 
0.04 0.05 0.03 0.05 0.05 0.03 0.02 0.04 0.03 0.05 
0.02 0.05 0.02 0.04 0.03 0.03 0.05 0.03 0.03 0.03 
0.03 0.02 0.05 0.04 0.02 0.02 0.02 0.05 0.03 0.03 
0.05 0.05 0.05 0.03 0.05 0.03 0.04 0.03 0.03 0.05 
0.03 0.03 0.05 0.04 0.03 0.02 0.02 0.03 0.03 0.04 
0.02 0.02 0.03 0.05 0.05 0.04 0.02 0.05 0.05 0.05 
0.02 0.04 0.02 0.05 0.02 0.05 0.03 0.05 0.03 0.05 
0.05 0.02 0.03 0.04 0.04 0.03 0.05 0.02 0.03 0.03 
0.04 0.04 0.02 0.04 0.02 0.04 0.05 0.05 0.04 0.03 
0.03 0.02 0.05 0.02 0.03 0.04 0.02 0.03 0.02 0.02 
0.05 0.05 0.04 0.02 0.04 0.05 0.02 0.05 0.02 0.02 
0.03 0.03 0.05 0.02 0.05 0.05 0.02 0.02 0.03 0.04 
0.04 0.04 0.02 0.02 0.02 0.04 0.03 0.03 0.04 0.02 
0.05 0.04 0.04 0.05 0.03 0.05 0.04 0.02 0.05 0.03 
0.02 0.04 0.02 0.02 0.03 0.04 0.05 0.05 0.03 0.02 
0.05 0.04 0.03 0.05 0.05 0.02 0.03 0.05 0.05 0.03 
0.04 0.02 0.05 0.02 0.02 0.04 0.02 0.02 0.02 0.03 
0.05 0.03 0.04 0.03 0.04 0.02 0.02 0.03 0.03 0.02 
0.03 0.02 0.04 0.04 0.02 0.05 0.03 0.02 0.05 0.05 
0.05 0.05 0.02 0.04 0.04 0.05 0.02 0.02 0.05 0.04 
0.04 0.04 0.05 0.02 0.02 0.02 0.02 0.02 0.02 0.02 
0.02 0.05 0.04 0.03 0.05 0.05 0.02 0.03 0.03 0.05 
0.05 0.05 0.05 0.03 0.03 0.03 0.03 0.04 0.05 0.04 
0.02 0.05 0.03 0.05 0.05 0.05 0.02 0.04 0.02 0.05 
0.03 0.04 0.03 0.03 0.02 0.03 0.03 0.04 0.04 0.04 
0.02 0.03 0.04 0.03 0.04 0.04 0.04 0.03 0.04 0.02 
0.02 0.05 0.04 0.05 0.05 0.05 0.03 0.03 0.05 0.04 
0.05 0.02 0.05 0.03 0.04 0.05 0.03 0.05 0.03 0.04 
0.02 0.02 0.05 0.03 0.03 0.05 0.03 0.03 0.03 0.04 
0.03 0.03 0.05 0.04 0.05 0.05 0.02 0.05 0.02 0.02 
0.03 0.05 0.02 0.02 0.03 0.05 0.03 0.02 0.04 0.03 
0.03 0.05 0.04 0.03 0.02 0.05 0.03 0.02 0.05 0.05 
0.04 0.03 0.03 0.02 0.05 0.04 0.05 0.05 0.02 0.02 
0.03 0.03 0.03 0.02 0.03 0.03 0.05 0.02 0.05 0.02 
0.05 0.02 0.03 0.05 0.05 0.02 0.05 0.05 0.05 0.03 
0.05 0.03 0.02 0.03 0.05 0.02 0.04 0.05 0.03 0.03 
0.04 0.02 0.05 0.03 0.03 0.05 0.03 0.03 0.03 0.04 
0.05 0.05 0.04 0.05 0.02 0.03 0.05 0.03 0.05 0.05 
0.05 0.05 0.02 0.05 0.02 0.02 0.05 0.05 0.03 0.04 
0.05 0.03 0.04 0.02 0.02 0.03 0.02 0.02 0.03 0.05 
0.02 0.04 0.05 0.05 0.02 0.04 0.03 0.05 0.02 0.05 
0.05 0.02 0.04 0.02 0.04 0.05 0.03 0.02 0.03 0.04 
0.04 0.05 0.04 0.03 0.03 0.05 0.02 0.04 0.04 0.02 
0.02 0.02 0.02 0.04 0.05 0.02 0.04 0.04 0.04 0.04 
0.03 0.04 0.05 0.03 0.03 0.02 0.03 0.05 0.05 0.04 
0.02 0.04 0.02 0.03 0.04 0.02 0.04 0.02 0.02 0.05 
0.02 0.04 0.04 0.04 0.05 0.05 0.03 0.02 0.04 0.05 
0.03 0.02 0.02 0.02 0.05 0.02 0.05 0.02 0.04 0.03 
0.03 0.04 0.03 0.04 0.05 0.05 0.03 0.05 0.03 0.03 
0.04 0.05 0.04 0.03 0.02 0.05 0.05 0.02 0.04 0.05 
0.02 0.04 0.05 0.05 0.03 0.02 0.03 0.03 0.02 0.05 
0.02 0.05 0.03 0.03 0.02 0.05 0.02 0.05 0.03 0.04 
0.05 0.05 0.03 0.04 0.04 0.05 0.03 0.03 0.04 0.05 
0.03 0.02 0.03 0.05 0.02 0.02 0.05 0.03 0.03 0.04 
0.05 0.03 0.03 0.04 0.05 0.04 0.03 0.04 0.04 0.05 
0.03 0.04 0.02 0.02 0.05 0.05 0.03 0.02 0.05 0.03 
0.02 0.04 0.04 0.03 0.02 0.05 0.05 0.04 0.05 0.02 
0.03 0.03 0.05 0.02 0.05 0.05 0.02 0.02 0.02 0.04 
0.04 0.02 0.05 0.05 0.02 0.04 0.03 0.03 0.05 0.02 
0.05 0.03 0.02 0.04 0.04 0.02 0.05 0.04 0.05 0.03 
0.03 0.05 0.02 0.02 0.02 0.04 0.02 0.04 0.02 0.02 
0.02 0.05 0.03 0.04 0.05 0.05 0.05 0.03 0.05 0.02 
0.04 0.03 0.02 0.04 0.03 0.04 0.05 0.02 0.04 0.04 
0.03 0.05 0.04 0.02 0.04 0.04 0.05 0.02 0.05 0.02 
0.04 0.02 0.05 0.04 0.05 0.04 0.02 0.03 0.03 0.05 
0.05 0.03 0.04 0.05 0.04 0.05 0.02 0.05 0.02 0.04 
0.05 0.05 0.02 0.03 0.05 0.02 0.05 0.05 0.02 0.04 
0.05 0.05 0.03 0.03 0.05 0.04 0.04 0.03 0.04 0.04 
0.04 0.05 0.03 0.02 0.02 0.05 0.04 0.03 0.04 0.04 
0.05 0.05 0.03 0.03 0.02 0.03 0.02 0.04 0.05 0.04 
0.05 0.02 0.03 0.05 0.04 0.02 0.03 0.05 0.05 0.05 
0.04 0.04 0.05 0.05 0.02 0.04 0.03 0.03 0.03 0.05 
0.03 0.02 0.04 0.02 0.03 0.03 0.03 0.05 0.02 0.03 
0.02 0.02 0.03 0.04 0.03 0.05 0.03 0.02 0.03 0.03 
0.03 0.03 0.04 0.05 0.02 0.04 0.03 0.02 0.03 0.05 
0.02 0.04 0.03 0.05 0.05 0.03 0.03 0.02 0.03 0.05 
0.03 0.03 0.03 0.05 0.05 0.03 0.05 0.03 0.03 0.04 
0.03 0.02 0.05 0.03 0.04 0.04 0.03 0.05 0.02 0.04 
0.02 0.02 0.04 0.05 0.04 0.02 0.04 0.03 0.02 0.05 
0.05 0.04 0.02 0.02 0.04 0.02 0.04 0.05 0.03 0.02 
0.02 0.02 0.02 0.03 0.04 0.02 0.04 0.03 0.04 0.02 
0.04 0.04 0.03 0.02 0.04 0.04 0.04 0.02 0.02 0.05 
0.05 0.02 0.02 0.05 0.05 0.02 0.02 0.05 0.02 0.04 
0.04 0.04 0.03 0.04 0.05 0.02 0.04 0.04 0.03 0.05 
0.02 0.04 0.05 0.04 0.04 0.05 0.04 0.05 0.04 0.03 
0.04 0.02 0.03 0.03 0.03 0.03 0.03 0.04 0.05 0.03 
0.05 0.03 0.02 0.03 0.04 0.03 0.04 0.05 0.03 0.03 
0.04 0.02 0.03 0.04 0.03 0.02 0.04 0.04 0.05 0.05 
0.05 0.05 0.02 0.02 0.03 0.02 0.02 0.02 0.05 0.05 
0.02 0.05 0.02 0.03 0.04 0.03 0.05 0.05 0.05 0.03 
0.03 0.02 0.03 0.02 0.05 0.02 0.02 0.03 0.02 0.04 
0.02 0.03 0.02 0.05 0.03 0.04 0.05 0.05 0.05 0.05 
0.04 0.05 0.02 0.05 0.04 0.03 0.03 0.05 0.05 0.03 
0.03 0.03 0.02 0.04 0.02 0.02 0.03 0.02 0.04 0.03 
0.04 0.03 0.02 0.04 0.05 0.04 0.04 0.04 0.05 0.03 
0.04 0.04 0.03 0.02 0.04 0.02 0.02 0.04 0.02 0.03 
0.05 0.04 0.05 0.05 0.04 0.03 0.05 0.05 0.05 0.03 
0.05 0.05 0.04 0.05 0.05 0.04 0.02 0.03 0.05 0.05 
0.02 0.02 0.04 0.03 0.02 0.05 0.03 0.05 0.05 0.03 
0.03 0.04 0.04 0.05 0.05 0.02 0.04 0.03 0.05 0.04 
0.02 0.05 0.05 0.03 0.04 0.05 0.04 0.02 0.04 0.02 
0.05 0.04 0.05 0.05 0.03 0.03 0.03 0.04 0.02 0.04 
0.04 0.05 0.03 0.05 0.03 0.03 0.02 0.04 0.05 0.03 
0.03 0.03 0.04 0.04 0.03 0.05 0.05 0.03 0.03 0.02 
0.04 0.05 0.04 0.05 0.02 0.05 0.05 0.02 0.05 0.05 
0.03 0.02 0.02 0.05 0.03 0.02 0.03 0.05 0.02 0.04 
0.02 0.05 0.02 0.03 0.04 0.04 0.02 0.05 0.05 0.03 
0.05 0.04 0.04 0.02 0.03 0.05 0.02 0.04 0.02 0.03 
0.04 0.02 0.03 0.04 0.04 0.04 0.05 0.04 0.05 0.02 
0.04 0.04 0.02 0.02 0.02 0.04 0.03 0.02 0.02 0.05 
0.02 0.03 0.03 0.02 0.02 0.05 0.02 0.03 0.04 0.04 
0.04 0.04 0.02 0.04 0.05 0.02 0.02 0.05 0.03 0.02 
0.05 0.03 0.05 0.02 0.04 0.02 0.03 0.05 0.03 0.03 
0.03 0.04 0.04 0.04 0.02 0.02 0.02 0.04 0.03 0.05 
0.04 0.02 0.03 0.05 0.05 0.03 0.05 0.03 0.05 0.02 
0.02 0.04 0.04 0.03 0.04 0.03 0.02 0.04 0.05 0.04 
0.03 0.04 0.02 0.02 0.05 0.02 0.05 0.03 0.03 0.03 
0.05 0.02 0.03 0.05 0.05 0.04 0.04 0.03 0.05 0.03 
0.04 0.05 0.03 0.02 0.03 0.03 0.02 0.05 0.04 0.02 
0.05 0.03 0.05 0.02 0.05 0.05 0.04 0.05 0.03 0.02 
0.04 0.05 0.04 0.03 0.02 0.03 0.02 0.05 0.02 0.03 
0.04 0.05 0.05 0.04 0.04 0.03 0.05 0.03 0.02 0.05 
0.02 0.02 0.03 0.02 0.02 0.03 0.05 0.02 0.02 0.04 
0.02 0.05 0.05 0.02 0.02 0.02 0.05 0.05 0.05 0.05 
0.02 0.02 0.04 0.03 0.05 0.03 0.04 0.05 0.02 0.05 
0.05 0.02 0.03 0.04 0.05 0.04 0.05 0.03 0.05 0.04 
0.05 0.05 0.05 0.02 0.03 0.02 0.03 0.05 0.03 0.02 
0.04 0.05 0.04 0.04 0.03 0.03 0.02 0.05 0.04 0.03 
0.02 0.04 0.04 0.04 0.02 0.03 0.03 0.04 0.03 0.05 
0.02 0.04 0.03 0.04 0.02 0.02 0.03 0.02 0.04 0.04 
0.05 0.02 0.05 0.02 0.02 0.02 0.03 0.02 0.04 0.05 
0.05 0.04 0.03 0.03 0.04 0.03 0.04 0.05 0.05 0.05 
0.02 0.05 0.05 0.05 0.04 0.05 0.04 0.02 0.02 0.05 
0.03 0.04 0.03 0.04 0.05 0.03 0.05 0.03 0.05 0.03 
0.02 0.03 0.02 0.05 0.04 0.04 0.04 0.04 0.04 0.04 
0.04 0.02 0.02 0.04 0.05 0.03 0.03 0.05 0.03 0.05 
0.03 0.04 0.05 0.02 0.05 0.04 0.02 0.02 0.05 0.03 
0.02 0.05 0.05 0.02 0.03 0.03 0.02 0.03 0.05 0.03 
0.04 0.03 0.05 0.05 0.04 0.05 0.04 0.02 0.05 0.05 
0.03 0.03 0.03 0.03 0.05 0.04 0.04 0.05 0.02 0.05 
0.03 0.03 0.04 0.05 0.04 0.04 0.04 0.05 0.03 0.02 
0.02 0.02 0.04 0.03 0.02 0.03 0.03 0.05 0.02 0.05 
0.03 0.02 0.02 0.05 0.04 0.02 0.02 0.04 0.03 0.02 
0.03 0.05 0.04 0.03 0.02 0.04 0.05 0.05 0.05 0.03 
0.05 0.03 0.02 0.04 0.04 0.03 0.03 0.02 0.05 0.05 
0.05 0.02 0.03 0.03 0.02 0.04 0.04 0.03 0.05 0.03 
0.03 0.03 0.02 0.02 0.02 0.02 0.03 0.05 0.02 0.04 
0.03 0.02 0.03 0.05 0.05 0.04 0.05 0.03 0.02 0.03 
0.02 0.05 0.02 0.02 0.05 0.02 0.04 0.05 0.04 0.02 
0.03 0.03 0.04 0.03 0.05 0.05 0.03 0.04 0.02 0.04 
0.03 0.04 0.05 0.04 0.05 0.04 0.03 0.02 0.05 0.04 
0.02 0.04 0.04 0.03 0.03 0.04 0.05 0.02 0.02 0.05 
0.05 0.05 0.04 0.02 0.02 0.02 0.03 0.02 0.02 0.04 
0.04 0.02 0.02 0.03 0.05 0.02 0.04 0.03 0.04 0.02 
0.02 0.02 0.05 0.03 0.04 0.04 0.05 0.03 0.05 0.04 
0.03 0.02 0.05 0.05 0.04 0.04 0.05 0.05 0.03 0.05 
0.04 0.05 0.04 0.05 0.04 0.03 0.02 0.02 0.03 0.04 
0.04 0.03 0.05 0.04 0.05 0.04 0.02 0.03 0.05 0.04 
0.03 0.04 0.03 0.03 0.05 0.02 0.05 0.04 0.02 0.05 
0.03 0.05 0.02 0.05 0.02 0.02 0.02 0.03 0.05 0.03 
0.03 0.02 0.03 0.03 0.05 0.05 0.04 0.05 0.03 0.04 
0.04 0.05 0.05 0.04 0.05 0.02 0.03 0.05 0.02 0.05 
0.02 0.04 0.03 0.02 0.05 0.03 0.03 0.03 0.04 0.05 
0.03 0.05 0.05 0.02 0.05 0.04 0.05 0.03 0.03 0.03 
0.02 0.02 0.05 0.03 0.04 0.04 0.03 0.02 0.04 0.05 
0.03 0.02 0.02 0.04 0.03 0.05 0.03 0.05 0.02 0.04 
0.03 0.04 0.03 0.03 0.05 0.05 0.02 0.05 0.02 0.05 
0.05 0.05 0.02 0.04 0.02 0.02 0.04 0.05 0.02 0.03 
0.04 0.05 0.04 0.04 0.02 0.04 0.02 0.02 0.02 0.04 
0.02 0.04 0.03 0.02 0.04 0.05 0.03 0.05 0.03 0.03 
0.03 0.03 0.05 0.05 0.02 0.04 0.05 0.04 0.02 0.03 
0.04 0.03 0.04 0.04 0.02 0.03 0.03 0.02 0.03 0.05 
0.05 0.02 0.02 0.02 0.03 0.04 0.04 0.05 0.02 0.04 
0.03 0.05 0.02 0.02 0.02 0.04 0.05 0.05 0.03 0.03 
0.03 0.05 0.03 0.05 0.05 0.04 0.04 0.05 0.05 0.04 
0.04 0.04 0.05 0.05 0.03 0.04 0.03 0.04 0.04 0.05 
0.02 0.04 0.02 0.02 0.04 0.04 0.03 0.04 0.05 0.02 
0.03 0.05 0.05 0.03 0.04 0.02 0.03 0.02 0.02 0.04 
0.04 0.02 0.03 0.03 0.03 0.03 0.04 0.05 0.04 0.02 
0.03 0.03 0.04 0.03 0.02 0.04 0.02 0.05 0.04 0.05 
0.05 0.02 0.02 0.04 0.04 0.03 0.03 0.04 0.05 0.03 
0.02 0.04 0.05 0.04 0.05 0.04 0.05 0.04 0.05 0.04 
0.05 0.03 0.02 0.03 0.05 0.05 0.03 0.02 0.04 0.04 
0.02 0.02 0.02 0.02 0.05 0.05 0.03 0.02 0.04 0.03 
0.02 0.04 0.02 0.04 0.05 0.04 0.04 0.03 0.03 0.03 
0.03 0.03 0.05 0.03 0.04 0.04 0.05 0.03 0.04 0.04 
0.04 0.04 0.03 0.05 0.04 0.05 0.05 0.05 0.02 0.03 
0.05 0.02 0.04 0.03 0.05 0.02 0.02 0.05 0.02 0.05 
0.02 0.04 0.04 0.03 0.04 0.05 0.02 0.03 0.03 0.05 
0.02 0.02 0.03 0.04 0.05 0.02 0.05 0.04 0.02 0.05 
0.05 0.04 0.02 0.02 0.05 0.04 0.02 0.04 0.05 0.03 
0.03 0.05 0.04 0.02 0.03 0.05 0.03 0.05 0.05 0.05 
0.02 0.04 0.04 0.04 0.05 0.02 0.05 0.03 0.03 0.05 
0.04 0.04 0.02 0.05 0.03 0.04 0.04 0.02 0.02 0.03 
0.03 0.04 0.03 0.02 0.05 0.03 0.04 0.05 0.04 0.04 
0.02 0.04 0.02 0.02 0.03 0.02 0.05 0.04 0.02 0.05 
0.02 0.02 0.05 0.04 0.04 0.03 0.02 0.05 0.04 0.05 
0.02 0.03 0.03 0.04 0.03 0.05 0.03 0.04 0.05 0.03 
0.02 0.04 0.04 0.04 0.03 0.05 0.05 0.03 0.04 0.02 
0.05 0.05 0.02 0.02 0.04 0.05 0.05 0.04 0.05 0.02 
0.03 0.04 0.03 0.02 0.05 0.02 0.04 0.03 0.04 0.05 
0.04 0.04 0.04 0.05 0.04 0.05 0.04 0.02 0.04 0.04 
0.03 0.02 0.04 0.03 0.02 0.04 0.02 0.05 0.03 0.03 
0.02 0.02 0.04 0.04 0.05 0.03 0.05 0.03 0.04 0.05 
0.02 0.03 0.02 0.05 0.04 0.05 0.02 0.03 0.02 0.03 
0.05 0.02 0.02 0.03 0.05 0.05 0.03 0.03 0.05 0.05 
0.04 0.04 0.04 0.03 0.04 0.02 0.02 0.04 0.03 0.04 
0.03 0.04 0.05 0.03 0.03 0.04 0.02 0.04 0.03 0.03 
0.03 0.05 0.02 0.02 0.03 0.05 0.02 0.02 0.02 0.02 
0.05 0.02 0.05 0.02 0.05 0.04 0.02 0.03 0.04 0.05 
0.02 0.04 0.03 0.03 0.03 0.05 0.03 0.05 0.03 0.05 
0.05 0.02 0.04 0.04 0.02 0.05 0.04 0.02 0.04 0.05 
0.04 0.05 0.04 0.02 0.03 0.02 0.03 0.03 0.04 0.03 
0.02 0.05 0.02 0.04 0.02 0.03 0.04 0.05 0.05 0.02 
0.03 0.04 0.04 0.03 0.05 0.03 0.04 0.04 0.04 0.03 
0.04 0.02 0.04 0.04 0.05 0.05 0.05 0.02 0.02 0.02 
0.03 0.02 0.02 0.03 0.02 0.03 0.05 0.03 0.02 0.03 
0.03 0.02 0.04 0.02 0.03 0.03 0.02 0.02 0.03 0.03 
0.03 0.04 0.04 0.02 0.02 0.05 0.03 0.05 0.02 0.02 
0.05 0.02 0.04 0.05 0.03 0.04 0.04 0.03 0.05 0.05 
0.02 0.03 0.02 0.02 0.03 0.04 0.04 0.02 0.05 0.03 
0.04 0.02 0.03 0.04 0.05 0.02 0.04 0.04 0.04 0.05 
0.05 0.02 0.04 0.03 0.03 0.03 0.03 0.03 0.05 0.04 
0.05 0.05 0.03 0.05 0.04 0.02 0.02 0.05 0.05 0.04 
0.04 0.03 0.04 0.04 0.03 0.02 0.03 0.03 0.03 0.05 
0.03 0.05 0.05 0.03 0.04 0.04 0.03 0.02 0.03 0.03 
0.03 0.04 0.03 0.04 0.02 0.05 0.03 0.05 0.05 0.02 
0.04 0.02 0.05 0.04 0.04 0.04 0.04 0.02 0.04 0.03 
0.02 0.03 0.02 0.03 0.03 0.03 0.03 0.03 0.03 0.03 
0.02 0.05 0.02 0.02 0.03 0.04 0.02 0.04 0.03 0.02 
0.04 0.03 0.05 0.03 0.04 0.03 0.02 0.03 0.04 0.03 
0.03 0.05 0.03 0.04 0.02 0.04 0.05 0.04 0.05 0.04 
0.04 0.04 0.05 0.05 0.04 0.03 0.02 0.02 0.04 0.03 
0.02 0.04 0.04 0.02 0.05 0.02 0.04 0.05 0.03 0.02 
0.03 0.05 0.05 0.02 0.05 0.02 0.03 0.03 0.05 0.05 
0.04 0.05 0.04 0.03 0.02 0.03 0.05 0.04 0.05 0.04 
0.03 0.03 0.05 0.05 0.02 0.05 0.05 0.02 0.02 0.03 
0.02 0.03 0.02 0.04 0.02 0.03 0.03 0.05 0.05 0.04 
0.04 0.05 0.05 0.03 0.05 0.02 0.05 0.02 0.02 0.03 
0.04 0.04 0.03 0.05 0.03 0.03 0.04 0.03 0.03 0.05 
0.04 0.02 0.05 0.03 0.02 0.05 0.05 0.03 0.02 0.04 
0.05 0.04 0.04 0.03 0.04 0.05 0.03 0.02 0.03 0.04 
0.04 0.03 0.02 0.04 0.03 0.05 0.02 0.05 0.03 0.03 
0.03 0.05 0.04 0.05 0.02 0.02 0.04 0.04 0.04 0.03 
0.04 0.03 0.02 0.05 0.03 0.02 0.02 0.03 0.02 0.03 
0.04 0.04 0.03 0.04 0.02 0.05 0.02 0.05 0.04 0.03 
0.04 0.02 0.03 0.02 0.05 0.03 0.03 0.04 0.03 0.05 
0.02 0.02 0.05 0.05 0.03 0.04 0.04 0.03 0.03 0.03 
0.05 0.05 0.02 0.02 0.05 0.02 0.04 0.03 0.03 0.05 
0.04 0.04 0.03 0.04 0.03 0.05 0.02 0.04 0.03 0.05 
0.03 0.04 0.05 0.05 0.03 0.03 0.02 0.02 0.02 0.04 
0.02 0.05 0.04 0.03 0.05 0.05 0.03 0.02 0.05 0.05 
0.03 0.03 0.04 0.03 0.03 0.04 0.04 0.02 0.04 0.05 
0.02 0.05 0.03 0.05 0.04 0.05 0.04 0.05 0.05 0.05 
0.04 0.03 0.05 0.02 0.03 0.05 0.05 0.04 0.02 0.03 
0.05 0.02 0.04 0.05 0.03 0.05 0.03 0.02 0.04 0.05 
0.05 0.05 0.03 0.02 0.04 0.04 0.02 0.02 0.02 0.03 
0.04 0.04 0.04 0.02 0.05 0.05 0.02 0.03 0.02 0.05 
0.05 0.03 0.03 0.04 0.03 0.04 0.03 0.03 0.02 0.05 
0.04 0.03 0.02 0.02 0.04 0.02 0.02 0.04 0.03 0.03 
0.05 0.03 0.04 0.04 0.02 0.03 0.02 0.02 0.05 0.03 
0.03 0.05 0.03 0.03 0.03 0.04 0.03 0.02 0.05 0.02 
0.05 0.05 0.02 0.04 0.03 0.04 0.03 0.02 0.05 0.03 
0.02 0.05 0.04 0.05 0.04 0.02 0.04 0.02 0.03 0.04 
0.02 0.03 0.05 0.02 0.05 0.02 0.03 0.03 0.02 0.04 
0.05 0.04 0.03 0.04 0.04 0.02 0.03 0.02 0.02 0.02 
0.05 0.03 0.04 0.02 0.04 0.04 0.05 0.04 0.02 0.02 
0.05 0.02 0.02 0.04 0.05 0.05 0.02 0.04 0.03 0.05 
0.04 0.05 0.02 0.03 0.05 0.04 0.05 0.02 0.05 0.05 
0.04 0.04 0.04 0.03 0.02 0.05 0.04 0.02 0.04 0.02 
0.05 0.04 0.03 0.02 0.04 0.05 0.04 0.02 0.04 0.04 
0.05 0.05 0.03 0.05 0.03 0.05 0.02 0.04 0.02 0.05 
0.02 0.04 0.03 0.05 0.02 0.04 0.03 0.05 0.02 0.03 
0.04 0.03 0.05 0.05 0.02 0.02 0.04 0.03 0.04 0.04 
0.04 0.05 0.02 0.02 0.05 0.05 0.04 0.03 0.05 0.04 
0.02 0.02 0.04 0.03 0.05 0.02 0.02 0.05 0.05 0.04 
0.04 0.03 0.05 0.03 0.02 0.03 0.02 0.05 0.05 0.05 
0.03 0.04 0.05 0.05 0.04 0.04 0.04 0.05 0.05 0.03 
0.03 0.02 0.03 0.02 0.05 0.03 0.04 0.04 0.03 0.05 
0.03 0.04 0.05 0.02 0.03 0.03 0.04 0.04 0.04 0.02 
0.03 0.03 0.04 0.02 0.03 0.03 0.02 0.05 0.04 0.04 
0.05 0.05 0.04 0.02 0.04 0.05 0.03 0.02 0.02 0.04 
0.03 0.03 0.05 0.02 0.04 0.02 0.02 0.02 0.05 0.02 
0.05 0.04 0.05 0.02 0.02 0.05 0.04 0.02 0.04 0.04 
0.05 0.03 0.04 0.05 0.02 0.02 0.02 0.02 0.03 0.03 
0.03 0.03 0.02 0.02 0.03 0.05 0.04 0.04 0.04 0.04 
0.03 0.04 0.04 0.05 0.02 0.03 0.04 0.05 0.04 0.02 
0.03 0.05 0.04 0.03 0.02 0.03 0.04 0.03 0.03 0.03 
0.04 0.05 0.02 0.05 0.05 0.03 0.02 0.04 0.04 0.04 
0.02 0.04 0.02 0.05 0.02 0.03 0.02 0.04 0.04 0.04 
0.04 0.02 0.03 0.05 0.03 0.02 0.02 0.05 0.03 0.02 
0.05 0.02 0.05 0.02 0.03 0.02 0.05 0.04 0.02 0.05 
0.03 0.05 0.02 0.05 0.03 0.03 0.03 0.03 0.05 0.05 
0.03 0.03 0.03 0.04 0.05 0.02 0.03 0.05 0.02 0.04 
0.05 0.03 0.03 0.02 0.03 0.02 0.03 0.05 0.05 0.02 
0.03 0.03 0.03 0.04 0.02 0.02 0.03 0.05 0.02 0.04 
0.04 0.03 0.05 0.03 0.02 0.05 0.04 0.04 0.05 0.02 
0.05 0.04 0.03 0.04 0.02 0.02 0.02 0.02 0.04 0.02 
0.05 0.03 0.03 0.05 0.05 0.04 0.05 0.05 0.05 0.04 
0.03 0.05 0.05 0.03 0.03 0.02 0.04 0.04 0.03 0.03 
0.05 0.04 0.05 0.05 0.05 0.02 0.04 0.04 0.04 0.05 
0.04 0.04 0.04 0.04 0.03 0.03 0.05 0.05 0.02 0.05 
0.03 0.03 0.04 0.02 0.03 0.03 0.03 0.04 0.04 0.04 
0.02 0.04 0.02 0.05 0.04 0.03 0.05 0.02 0.05 0.04 
0.02 0.04 0.04 0.02 0.03 0.04 0.05 0.05 0.05 0.03 
0.02 0.02 0.03 0.04 0.02 0.02 0.04 0.03 0.05 0.02 
0.02 0.04 0.04 0.05 0.05 0.03 0.03 0.02 0.02 0.04 
0.04 0.05 0.02 0.02 0.02 0.05 0.03 0.04 0.04 0.02 
0.05 0.05 0.02 0.04 0.03 0.05 0.04 0.02 0.05 0.02 
0.03 0.02 0.03 0.03 0.05 0.03 0.03 0.04 0.05 0.05 
0.05 0.02 0.02 0.05 0.02 0.04 0.02 0.03 0.02 0.03 
0.02 0.05 0.04 0.04 0.05 0.03 0.02 0.03 0.04 0.05 
0.04 0.03 0.04 0.04 0.05 0.02 0.02 0.05 0.02 0.03 
0.05 0.04 0.04 0.03 0.05 0.02 0.03 0.03 0.05 0.03 
0.03 0.04 0.03 0.03 0.03 0.03 0.02 0.03 0.04 0.02 
0.03 0.03 0.04 0.05 0.02 0.03 0.04 0.03 0.04 0.03 
0.03 0.02 0.04 0.05 0.02 0.02 0.05 0.04 0.05 0.05 
0.03 0.05 0.05 0.05 0.04 0.04 0.03 0.03 0.04 0.05 
0.03 0.03 0.02 0.03 0.02 0.05 0.02 0.03 0.03 0.05 
0.03 0.04 0.05 0.05 0.03 0.05 0.02 0.02 0.04 0.04 
0.03 0.05 0.05 0.02 0.05 0.05 0.03 0.04 0.03 0.02 
0.02 0.03 0.04 0.02 0.03 0.02 0.05 0.04 0.03 0.03 
0.05 0.03 0.02 0.05 0.03 0.05 0.04 0.04 0.03 0.05 
0.02 0.05 0.05 0.04 0.02 0.05 0.05 0.02 0.05 0.02 
0.02 0.05 0.03 0.02 0.04 0.04 0.02 0.04 0.02 0.02 
0.02 0.05 0.04 0.03 0.02 0.02 0.04 0.05 0.05 0.05 
0.02 0.03 0.04 0.03 0.02 0.03 0.04 0.04 0.05 0.03 
0.04 0.05 0.05 0.02 0.04 0.02 0.02 0.03 0.05 0.02 
0.02 0.03 0.05 0.03 0.05 0.04 0.02 0.02 0.05 0.04 
0.03 0.05 0.02 0.05 0.05 0.05 0.04 0.04 0.02 0.05 
0.03 0.03 0.04 0.05 0.02 0.02 0.04 0.05 0.04 0.02 
0.05 0.04 0.02 0.05 0.02 0.03 0.05 0.02 0.03 0.04 
0.03 0.02 0.04 0.03 0.04 0.05 0.04 0.02 0.03 0.02 
0.03 0.04 0.03 0.04 0.03 0.02 0.05 0.05 0.05 0.03 
0.0290369 0.019358 0.0483949 0.0290369 0.0290369 0.0483949 0.0290369 0.0290369 0.0290369 0.0483949 
0.019358 0.0290369 0.0483949 0.0483949 0.0425283 0.0387159 0.0290369 0.0387159 0.0290369 0.019358 
0.019358 0.0290369 0.019358 0.0483949 0.0483949 0.019358 0.0387159 0.0387159 0.0483949 0.0290369 
0.0290369 0.0483949 0.019358 0.0290369 0.0387159 0.041735 0.0685304 0.0290369 0.0513237 0.0387159 
0.0483949 0.019358 0.019358 0.019358 0.0387159 0.0428332 0.0483949 0.0290369 0.019358 0.0387159 
0.0483949 0.0290369 0.019358 0.0483949 0.0590097 0.019358 0.0290369 0.0290369 0.0483949 0.019358 
0.0290369 0.0483949 0.019358 0.0631138 0.0290369 0.0387159 0.0290369 0.0387159 0.0387159 0.0483949 
0.0290369 0.0387159 0.019358 0.0483949 0.0712176 0.019358 0.0290369 0.0387159 0.0290369 0.0483949 
0.019358 0.0483949 0.019358 0.0387159 0.0387159 0.0451813 0.0624377 0.0387159 0.0290369 0.0290369 
0.019358 0.0483949 0.019358 0.0290369 0.019358 0.0290369 0.019358 0.0290369 0.0483949 0.0290369 
0.02 0.05 0.04 0.02 0.02 0.03 0.05 0.02 0.03 0.03 
0.02 0.04 0.04 0.03 0.05 0.03 0.03 0.02 0.05 0.05 
0.05 0.02 0.03 0.02 0.04 0.02 0.03 0.02 0.02 0.03 
0.02 0.04 0.03 0.05 0.04 0.05 0.03 0.05 0.03 0.04 
0.02 0.03 0.02 0.02 0.02 0.05 0.05 0.03 0.04 0.03 
0.02 0.05 0.04 0.05 0.03 0.02 0.03 0.02 0.05 0.03 
0.03 0.03 0.04 0.05 0.02 0.04 0.04 0.03 0.03 0.02 
0.05 0.03 0.03 0.03 0.05 0.05 0.02 0.04 0.04 0.05 
0.04 0.03 0.04 0.02 0.04 0.04 0.04 0.02 0.05 0.05 
0.02 0.05 0.05 0.02 0.05 0.02 0.03 0.04 0.03 0.04 
0.03 0.04 0.02 0.03 0.02 0.04 0.03 0.03 0.05 0.04 
0.02 0.03 0.04 0.05 0.04 0.02 0.02 0.05 0.05 0.05 
0.03 0.05 0.02 0.05 0.05 0.02 0.05 0.05 0.03 0.02 
0.05 0.02 0.05 0.02 0.03 0.03 0.02 0.03 0.04 0.03 
0.04 0.05 0.02 0.05 0.04 0.03 0.03 0.05 0.02 0.05 
0.05 0.04 0.04 0.02 0.02 0.04 0.03 0.05 0.04 0.04 
0.04 0.05 0.04 0.04 0.03 0.02 0.05 0.02 0.04 0.05 
0.05 0.03 0.04 0.02 0.03 0.02 0.05 0.02 0.04 0.02 
0.02 0.02 0.05 0.02 0.03 0.04 0.05 0.03 0.05 0.05 
0.04 0.04 0.05 0.03 0.03 0.02 0.04 0.02 0.03 0.02 
0.02 0.04 0.02 0.05 0.03 0.03 0.04 0.02 0.05 0.05 
0.04 0.05 0.05 0.05 0.03 0.04 0.04 0.04 0.02 0.04 
0.02 0.02 0.04 0.02 0.05 0.05 0.03 0.02 0.04 0.03 
0.04 0.02 0.05 0.03 0.03 0.03 0.05 0.03 0.05 0.02 
0.03 0.02 0.05 0.05 0.04 0.02 0.03 0.04 0.02 0.04 
0.04 0.04 0.03 0.03 0.02 0.02 0.02 0.02 0.05 0.03 
0.04 0.04 0.03 0.02 0.03 0.02 0.04 0.02 0.04 0.05 
0.03 0.04 0.03 0.03 0.04 0.05 0.03 0.05 0.02 0.05 
0.05 0.02 0.02 0.03 0.02 0.03 0.04 0.04 0.05 0.05 
0.03 0.04 0.04 0.03 0.04 0.05 0.05 0.03 0.04 0.03 
0.04 0.05 0.03 0.04 0.05 0.05 0.02 0.03 0.04 0.02 
0.05 0.05 0.02 0.02 0.03 0.02 0.03 0.02 0.05 0.03 
0.05 0.05 0.04 0.03 0.03 0.02 0.02 0.05 0.03 0.05 
0.05 0.04 0.04 0.02 0.04 0.03 0.05 0.02 0.05 0.02 
0.04 0.02 0.04 0.02 0.02 0.04 0.03 0.04 0.02 0.05 
0.02 0.04 0.05 0.02 0.04 0.03 0.03 0.04 0.05 0.05 
0.02 0.03 0.02 0.04 0.04 0.04 0.02 0.03 0.02 0.05 
0.03 0.02 0.02 0.02 0.05 0.04 0.03 0.05 0.05 0.04 
0.05 0.03 0.02 0.03 0.05 0.02 0.05 0.05 0.05 0.03 
0.02 0.05 0.02 0.04 0.02 0.05 0.05 0.05 0.05 0.05 
0.05 0.05 0.05 0.02 0.02 0.02 0.05 0.04 0.03 0.04 
0.02 0.05 0.05 0.04 0.03 0.04 0.04 0.05 0.03 0.04 
0.04 0.03 0.04 0.04 0.05 0.03 0.04 0.02 0.05 0.04 
0.03 0.02 0.04 0.03 0.05 0.05 0.03 0.02 0.04 0.05 
0.04 0.05 0.04 0.05 0.03 0.03 0.02 0.02 0.02 0.05 
0.04 0.03 0.05 0.02 0.04 0.04 0.02 0.04 0.05 0.04 
0.04 0.05 0.04 0.02 0.05 0.03 0.04 0.03 0.02 0.05 
0.03 0.05 0.05 0.02 0.05 0.04 0.04 0.02 0.05 0.05 
0.05 0.02 0.05 0.05 0.02 0.04 0.05 0.03 0.02 0.03 
0.02 0.03 0.02 0.05 0.03 0.02 0.02 0.05 0.04 0.05 
0.02 0.02 0.02 0.03 0.05 0.02 0.02 0.05 0.03 0.02 
0.02 0.02 0.02 0.02 0.04 0.05 0.02 0.02 0.05 0.05 
0.02 0.03 0.04 0.03 0.03 0.02 0.05 0.05 0.05 0.04 
0.02 0.02 0.02 0.05 0.04 0.03 0.03 0.05 0.05 0.05 
0.03 0.05 0.05 0.05 0.02 0.03 0.03 0.04 0.05 0.03 
0.04 0.04 0.03 0.04 0.05 0.04 0.05 0.05 0.04 0.05 
0.05 0.05 0.04 0.02 0.03 0.02 0.04 0.03 0.05 0.03 
0.03 0.05 0.04 0.02 0.05 0.04 0.02 0.04 0.02 0.04 
0.03 0.05 0.02 0.02 0.04 0.04 0.02 0.04 0.04 0.02 
0.04 0.02 0.04 0.02 0.04 0.05 0.02 0.04 0.02 0.05 
0.03 0.03 0.03 0.02 0.05 0.03 0.04 0.05 0.03 0.04 
0.03 0.04 0.03 0.02 0.05 0.03 0.03 0.04 0.05 0.04 
0.04 0.04 0.03 0.03 0.05 0.04 0.05 0.04 0.02 0.02 
0.04 0.03 0.02 0.05 0.03 0.05 0.02 0.03 0.05 0.05 
0.04 0.03 0.02 0.04 0.02 0.03 0.05 0.03 0.02 0.03 
0.03 0.03 0.04 0.05 0.03 0.03 0.05 0.05 0.04 0.03 
0.02 0.03 0.05 0.05 0.02 0.03 0.04 0.03 0.04 0.05 
0.03 0.04 0.02 0.05 0.02 0.05 0.05 0.04 0.05 0.02 
0.04 0.02 0.04 0.02 0.02 0.03 0.05 0.04 0.05 0.04 
0.04 0.02 0.05 0.03 0.04 0.04 0.04 0.02 0.02 0.05 
0.03 0.04 0.03 0.05 0.02 0.02 0.04 0.04 0.02 0.03 
0.03 0.05 0.05 0.03 0.04 0.04 0.05 0.04 0.03 0.02 
0.05 0.02 0.04 0.05 0.03 0.02 0.04 0.05 0.04 0.05 
0.02 0.05 0.02 0.03 0.02 0.04 0.03 0.04 0.04 0.03 
0.02 0.05 0.02 0.03 0.05 0.05 0.05 0.04 0.05 0.05 
0.02 0.05 0.05 0.02 0.04 0.03 0.03 0.04 0.02 0.03 
0.04 0.03 0.05 0.02 0.02 0.02 0.04 0.04 0.05 0.03 
0.05 0.03 0.02 0.05 0.04 0.04 0.04 0.02 0.02 0.05 
0.04 0.04 0.04 0.02 0.04 0.04 0.02 0.02 0.03 0.05 
0.03 0.05 0.04 0.04 0.03 0.03 0.02 0.03 0.05 0.04 
0.04 0.02 0.03 0.02 0.04 0.03 0.05 0.02 0.02 0.02 
0.02 0.04 0.04 0.03 0.02 0.02 0.02 0.04 0.04 0.04 
0.03 0.05 0.05 0.03 0.02 0.02 0.05 0.03 0.03 0.05 
0.05 0.03 0.03 0.05 0.04 0.02 0.02 0.02 0.04 0.02 
0.05 0.04 0.02 0.05 0.03 0.04 0.03 0.04 0.03 0.04 
0.03 0.05 0.03 0.04 0.04 0.03 0.03 0.04 0.05 0.05 
0.03 0.04 0.02 0.03 0.03 0.03 0.04 0.02 0.05 0.05 
0.05 0.04 0.03 0.05 0.04 0.05 0.05 0.05 0.02 0.03 
0.03 0.05 0.03 0.02 0.05 0.05 0.05 0.04 0.04 0.04 
0.05 0.05 0.03 0.02 0.05 0.05 0.05 0.03 0.05 0.04 
0.03 0.03 0.02 0.04 0.04 0.05 0.02 0.04 0.03 0.03 
0.02 0.04 0.05 0.04 0.04 0.05 0.02 0.05 0.04 0.02 
0.03 0.03 0.02 0.03 0.02 0.04 0.02 0.04 0.04 0.02 
0.02 0.03 0.05 0.03 0.04 0.02 0.02 0.02 0.03 0.02 
0.04 0.05 0.04 0.02 0.03 0.04 0.02 0.05 0.03 0.02 
0.03 0.05 0.05 0.04 0.03 0.03 0.02 0.05 0.02 0.02 
0.02 0.03 0.04 0.02 0.02 0.03 0.05 0.04 0.03 0.04 
0.02 0.03 0.03 0.02 0.05 0.02 0.03 0.03 0.04 0.05 
0.04 0.02 0.03 0.05 0.04 0.03 0.03 0.04 0.05 0.03 
0.05 0.04 0.02 0.05 0.03 0.05 0.03 0.03 0.05 0.02 
0.0290058 0.048343 0.0386744 0.0386744 0.0675337 0.0386744 0.0193372 0.0193372 0.0386744 0.0193372 
0.048343 0.0193372 0.048343 0.048343 0.0290058 0.048343 0.0193372 0.0290058 0.0386744 0.048343 
0.0193372 0.0386744 0.0290058 0.0193372 0.0193372 0.0386744 0.048343 0.0193372 0.0290058 0.0193372 
0.0193372 0.0386744 0.0193372 0.0290058 0.0290058 0.048343 0.0386744 0.0193372 0.0290058 0.0386744 
0.048343 0.0193372 0.048343 0.041959 0.0290058 0.0386744 0.0290058 0.063365 0.048343 0.0386744 
0.0290058 0.0193372 0.0193372 0.0290058 0.0363453 0.048343 0.0502936 0.0290058 0.0193372 0.0290058 
0.048343 0.0386744 0.0386744 0.048343 0.0386744 0.0586636 0.0290058 0.0386744 0.0193372 0.0290058 
0.048343 0.0386744 0.0386744 0.0193372 0.0618661 0.048343 0.0212288 0.048343 0.0290058 0.048343 
0.048343 0.0386744 0.0386744 0.0609435 0.0193372 0.0386744 0.0193372 0.041938 0.0386744 0.0695902 
0.0386744 0.0386744 0.0193372 0.048343 0.0290058 0.048343 0.0193372 0.0290058 0.0386744 0.048343 
0.04 0.03 0.03 0.04 0.02 0.05 0.02 0.02 0.05 0.05 
0.02 0.04 0.05 0.04 0.02 0.04 0.04 0.05 0.03 0.05 
0.04 0.03 0.05 0.03 0.03 0.03 0.02 0.02 0.03 0.03 
0.03 0.03 0.04 0.04 0.03 0.04 0.05 0.03 0.05 0.04 
0.02 0.04 0.02 0.05 0.02 0.04 0.02 0.03 0.02 0.04 
0.05 0.02 0.05 0.05 0.03 0.03 0.04 0.02 0.02 0.03 
0.05 0.02 0.02 0.05 0.02 0.05 0.05 0.03 0.04 0.03 
0.02 0.02 0.05 0.02 0.05 0.03 0.04 0.05 0.03 0.03 
0.02 0.04 0.05 0.02 0.05 0.05 0.02 0.04 0.04 0.02 
0.03 0.02 0.04 0.03 0.04 0.02 0.04 0.05 0.03 0.04 
0.03 0.03 0.05 0.05 0.02 0.03 0.02 0.02 0.02 0.05 
0.03 0.05 0.04 0.03 0.02 0.03 0.05 0.05 0.05 0.02 
0.05 0.03 0.04 0.02 0.04 0.02 0.03 0.04 0.05 0.05 
0.04 0.04 0.04 0.02 0.03 0.04 0.03 0.03 0.03 0.04 
0.02 0.03 0.02 0.03 0.02 0.04 0.05 0.03 0.03 0.05 
0.04 0.05 0.05 0.03 0.03 0.03 0.03 0.02 0.05 0.03 
0.03 0.03 0.02 0.03 0.05 0.03 0.04 0.03 0.04 0.03 
0.04 0.02 0.02 0.05 0.04 0.03 0.04 0.03 0.04 0.05 
0.04 0.04 0.04 0.05 0.04 0.04 0.04 0.05 0.03 0.02 
0.03 0.04 0.05 0.02 0.03 0.04 0.02 0.04 0.02 0.03 
0.03 0.05 0.03 0.05 0.03 0.02 0.04 0.02 0.03 0.05 
0.02 0.02 0.02 0.03 0.04 0.04 0.04 0.03 0.04 0.04 
0.03 0.03 0.05 0.03 0.02 0.03 0.05 0.05 0.04 0.02 
0.02 0.04 0.02 0.02 0.04 0.05 0.02 0.05 0.04 0.05 
0.03 0.02 0.03 0.05 0.03 0.03 0.03 0.05 0.05 0.03 
0.03 0.04 0.03 0.04 0.05 0.04 0.03 0.03 0.03 0.04 
0.02 0.05 0.03 0.04 0.04 0.03 0.02 0.02 0.02 0.04 
0.03 0.05 0.02 0.04 0.05 0.02 0.03 0.05 0.04 0.04 
0.05 0.04 0.05 0.02 0.04 0.03 0.04 0.03 0.04 0.03 
0.02 0.03 0.03 0.05 0.04 0.04 0.05 0.02 0.02 0.02 
0.05 0.02 0.04 0.04 0.05 0.03 0.04 0.05 0.04 0.03 
0.04 0.03 0.04 0.03 0.04 0.02 0.05 0.03 0.05 0.04 
0.04 0.05 0.02 0.04 0.05 0.05 0.04 0.05 0.02 0.03 
0.04 0.02 0.04 0.02 0.05 0.04 0.02 0.03 0.05 0.02 
0.04 0.04 0.04 0.02 0.03 0.05 0.04 0.02 0.04 0.04 
0.02 0.03 0.03 0.02 0.03 0.05 0.04 0.05 0.04 0.03 
0.04 0.03 0.02 0.04 0.04 0.03 0.02 0.05 0.03 0.04 
0.02 0.05 0.04 0.04 0.05 0.02 0.04 0.03 0.02 0.05 
0.02 0.05 0.02 0.03 0.05 0.04 0.03 0.04 0.02 0.04 
0.03 0.02 0.04 0.03 0.03 0.05 0.05 0.05 0.05 0.02 
0.03 0.05 0.02 0.03 0.02 0.02 0.04 0.03 0.03 0.02 
0.05 0.02 0.04 0.05 0.04 0.05 0.04 0.02 0.03 0.04 
0.03 0.05 0.05 0.05 0.03 0.05 0.02 0.03 0.05 0.02 
0.03 0.04 0.02 0.03 0.02 0.05 0.03 0.02 0.03 0.04 
0.02 0.02 0.04 0.04 0.04 0.04 0.05 0.04 0.04 0.04 
0.05 0.05 0.02 0.02 0.02 0.04 0.02 0.05 0.05 0.02 
0.03 0.05 0.02 0.03 0.05 0.05 0.04 0.05 0.04 0.04 
0.05 0.05 0.04 0.05 0.05 0.02 0.05 0.02 0.03 0.04 
0.05 0.02 0.02 0.03 0.03 0.05 0.03 0.02 0.04 0.05 
0.05 0.02 0.05 0.05 0.04 0.02 0.04 0.04 0.02 0.04 
0.04 0.03 0.04 0.02 0.02 0.03 0.02 0.05 0.05 0.04 
0.03 0.04 0.02 0.03 0.02 0.05 0.03 0.05 0.04 0.03 
0.03 0.03 0.04 0.02 0.04 0.04 0.05 0.05 0.02 0.05 
0.02 0.05 0.03 0.04 0.05 0.04 0.04 0.03 0.03 0.03 
0.03 0.04 0.05 0.03 0.04 0.02 0.02 0.02 0.04 0.03 
0.02 0.03 0.03 0.04 0.03 0.03 0.02 0.05 0.02 0.04 
0.03 0.03 0.04 0.04 0.03 0.03 0.05 0.03 0.04 0.04 
0.02 0.03 0.04 0.03 0.04 0.02 0.05 0.02 0.03 0.02 
0.02 0.04 0.03 0.03 0.04 0.05 0.04 0.03 0.05 0.04 
0.02 0.03 0.05 0.03 0.03 0.05 0.04 0.03 0.04 0.02 
0.02 0.04 0.05 0.03 0.03 0.02 0.04 0.02 0.05 0.05 
0.03 0.03 0.05 0.05 0.03 0.05 0.03 0.05 0.04 0.03 
0.02 0.03 0.04 0.05 0.04 0.05 0.04 0.03 0.03 0.02 
0.05 0.04 0.03 0.03 0.03 0.02 0.02 0.05 0.02 0.03 
0.02 0.04 0.04 0.02 0.05 0.04 0.04 0.02 0.05 0.05 
0.05 0.03 0.03 0.03 0.03 0.03 0.04 0.02 0.02 0.02 
0.04 0.05 0.03 0.05 0.02 0.02 0.03 0.04 0.05 0.04 
0.05 0.05 0.02 0.03 0.05 0.05 0.02 0.04 0.04 0.04 
0.04 0.04 0.04 0.03 0.02 0.04 0.04 0.05 0.05 0.02 
0.03 0.05 0.04 0.02 0.03 0.02 0.03 0.04 0.04 0.02 
0.05 0.03 0.04 0.04 0.05 0.03 0.02 0.05 0.02 0.04 
0.03 0.03 0.02 0.03 0.03 0.04 0.04 0.02 0.03 0.04 
0.05 0.05 0.02 0.02 0.03 0.02 0.02 0.04 0.02 0.03 
0.05 0.05 0.04 0.03 0.03 0.02 0.03 0.03 0.04 0.05 
0.03 0.04 0.02 0.05 0.04 0.03 0.03 0.04 0.04 0.04 
0.04 0.05 0.04 0.05 0.04 0.02 0.04 0.02 0.04 0.05 
0.03 0.03 0.02 0.03 0.02 0.03 0.02 0.02 0.03 0.05 
0.03 0.05 0.05 0.03 0.05 0.02 0.03 0.05 0.05 0.03 
0.04 0.02 0.05 0.04 0.05 0.02 0.04 0.04 0.04 0.04 
0.05 0.05 0.02 0.04 0.02 0.02 0.05 0.04 0.02 0.03 
0.02 0.04 0.03 0.04 0.03 0.04 0.03 0.03 0.02 0.03 
0.04 0.03 0.05 0.04 0.04 0.03 0.04 0.05 0.05 0.04 
0.05 0.05 0.05 0.04 0.04 0.03 0.03 0.04 0.05 0.02 
0.04 0.02 0.02 0.02 0.04 0.02 0.02 0.04 0.05 0.04 
0.03 0.02 0.05 0.04 0.02 0.03 0.03 0.03 0.05 0.04 
0.03 0.02 0.03 0.05 0.05 0.05 0.03 0.04 0.04 0.04 
0.05 0.05 0.03 0.02 0.05 0.05 0.05 0.04 0.02 0.05 
0.03 0.03 0.05 0.05 0.04 0.04 0.05 0.04 0.02 0.05 
0.04 0.02 0.03 0.02 0.02 0.03 0.04 0.03 0.03 0.02 
0.02 0.05 0.04 0.04 0.02 0.05 0.02 0.02 0.05 0.02 
0.03 0.03 0.04 0.03 0.02 0.03 0.02 0.04 0.04 0.04 
0.05 0.02 0.03 0.02 0.03 0.03 0.02 0.03 0.03 0.05 
0.04 0.04 0.03 0.04 0.04 0.05 0.04 0.04 0.03 0.03 
0.05 0.05 0.03 0.05 0.03 0.04 0.04 0.04 0.05 0.05 
0.04 0.03 0.03 0.04 0.04 0.05 0.03 0.03 0.05 0.02 
0.04 0.05 0.04 0.02 0.04 0.05 0.02 0.03 0.04 0.05 
0.03 0.05 0.02 0.02 0.02 0.05 0.03 0.05 0.05 0.02 
0.04 0.03 0.04 0.04 0.04 0.04 0.04 0.04 0.02 0.02 
0.02 0.05 0.04 0.05 0.03 0.04 0.04 0.05 0.02 0.03 
0.05 0.04 0.02 0.05 0.04 0.02 0.05 0.02 0.03 0.03 
0.03 0.04 0.04 0.04 0.02 0.04 0.02 0.02 0.02 0.05 
0.05 0.05 0.04 0.05 0.04 0.03 0.04 0.05 0.05 0.05 
0.03 0.02 0.03 0.02 0.03 0.04 0.03 0.02 0.03 0.03 
0.05 0.05 0.04 0.02 0.04 0.04 0.05 0.04 0.02 0.02 
0.02 0.03 0.03 0.05 0.04 0.03 0.05 0.05 0.05 0.04 
0.02 0.04 0.05 0.03 0.05 0.02 0.04 0.05 0.02 0.04 
0.04 0.05 0.05 0.02 0.03 0.05 0.02 0.02 0.03 0.03 
0.03 0.04 0.03 0.05 0.04 0.05 0.05 0.05 0.04 0.02 
0.05 0.03 0.03 0.05 0.02 0.04 0.02 0.04 0.02 0.03 
0.05 0.04 0.03 0.03 0.04 0.05 0.03 0.03 0.05 0.02 
0.038746 0.019373 0.019373 0.0484325 0.0484325 0.0290595 0.0290595 0.0484325 0.0269058 0.038746 
0.0290595 0.038746 0.0290595 0.0290595 0.019373 0.019373 0.0484325 0.0484325 0.0290595 0.0290595 
0.038746 0.0484325 0.019373 0.038746 0.019373 0.0578848 0.0290595 0.038746 0.019373 0.0290595 
0.019373 0.0443759 0.038746 0.0290595 0.0290595 0.0516489 0.019373 0.0484325 0.0484325 0.0290595 
0.0290595 0.0290595 0.019373 0.019373 0.0290595 0.061946 0.0484325 0.038746 0.0484325 0.0290595 
0.0484325 0.038746 0.038746 0.0484325 0.0290595 0.0521888 0.0290595 0.019373 0.0484325 0.019373 
0.038746 0.019373 0.0484325 0.038746 0.0484325 0.0250823 0.0484325 0.0484325 0.0484325 0.019373 
0.038746 0.019373 0.019373 0.019373 0.019373 0.0358264 0.019373 0.038746 0.0484325 0.0484325 
0.0290595 0.0484325 0.0290595 0.038746 0.0290595 0.0702249 0.0484325 0.0290595 0.019373 0.0290595 
0.0290595 0.0484325 0.019373 0.0290595 0.038746 0.0570623 0.0560672 0.0460914 0.019373 0.038746 
0.04 0.04 0.03 0.03 0.05 0.03 0.03 0.05 0.04 0.02 
0.04 0.05 0.04 0.04 0.05 0.03 0.04 0.03 0.03 0.05 
0.03 0.05 0.02 0.04 0.02 0.03 0.03 0.02 0.04 0.03 
0.04 0.05 0.04 0.03 0.02 0.03 0.04 0.03 0.03 0.04 
0.02 0.03 0.03 0.05 0.03 0.03 0.02 0.03 0.05 0.02 
0.02 0.04 0.02 0.03 0.04 0.04 0.05 0.03 0.02 0.02 
0.02 0.03 0.03 0.03 0.05 0.04 0.05 0.05 0.03 0.04 
0.03 0.02 0.02 0.04 0.05 0.04 0.04 0.02 0.02 0.05 
0.02 0.03 0.05 0.05 0.04 0.02 0.05 0.04 0.02 0.04 
0.03 0.05 0.05 0.04 0.04 0.03 0.03 0.04 0.05 0.05 
0.05 0.03 0.04 0.04 0.05 0.03 0.05 0.03 0.05 0.03 
0.02 0.05 0.02 0.02 0.03 0.03 0.04 0.04 0.04 0.04 
0.05 0.03 0.02 0.04 0.03 0.05 0.03 0.05 0.02 0.02 
0.02 0.03 0.03 0.05 0.02 0.02 0.04 0.04 0.05 0.03 
0.04 0.03 0.04 0.05 0.03 0.04 0.03 0.04 0.03 0.03 
0.04 0.02 0.04 0.03 0.02 0.03 0.03 0.03 0.04 0.04 
0.02 0.02 0.04 0.02 0.04 0.02 0.02 0.05 0.02 0.05 
0.03 0.04 0.02 0.05 0.02 0.05 0.02 0.05 0.05 0.04 
0.02 0.05 0.03 0.05 0.04 0.05 0.03 0.04 0.05 0.03 
0.04 0.02 0.02 0.03 0.04 0.04 0.05 0.03 0.04 0.04 
0.04 0.03 0.04 0.04 0.05 0.03 0.03 0.05 0.03 0.02 
0.04 0.05 0.04 0.03 0.03 0.05 0.03 0.03 0.02 0.05 
0.02 0.03 0.04 0.04 0.03 0.03 0.05 0.04 0.04 0.03 
0.04 0.03 0.02 0.04 0.04 0.02 0.04 0.03 0.02 0.04 
0.05 0.02 0.02 0.05 0.02 0.02 0.05 0.03 0.03 0.02 
0.02 0.02 0.04 0.04 0.03 0.02 0.03 0.04 0.04 0.04 
0.02 0.02 0.02 0.03 0.02 0.02 0.02 0.04 0.02 0.03 
0.03 0.02 0.05 0.03 0.03 0.03 0.05 0.02 0.05 0.04 
0.04 0.04 0.03 0.04 0.04 0.02 0.02 0.04 0.05 0.02 
0.04 0.02 0.03 0.02 0.03 0.05 0.02 0.02 0.02 0.02 
0.03 0.02 0.04 0.03 0.02 0.03 0.04 0.04 0.03 0.03 
0.05 0.02 0.05 0.02 0.02 0.03 0.05 0.03 0.03 0.03 
0.05 0.02 0.05 0.05 0.02 0.02 0.05 0.04 0.03 0.03 
0.03 0.03 0.05 0.02 0.02 0.03 0.04 0.03 0.05 0.04 
0.02 0.04 0.05 0.04 0.02 0.05 0.05 0.02 0.04 0.04 
0.04 0.03 0.02 0.04 0.05 0.05 0.03 0.05 0.03 0.03 
0.05 0.02 0.02 0.02 0.04 0.04 0.03 0.04 0.05 0.04 
0.05 0.05 0.04 0.02 0.02 0.05 0.03 0.05 0.02 0.04 
0.04 0.05 0.04 0.05 0.05 0.04 0.02 0.02 0.04 0.02 
0.03 0.04 0.05 0.03 0.02 0.04 0.02 0.04 0.04 0.03 
0.05 0.02 0.02 0.04 0.03 0.05 0.04 0.03 0.05 0.04 
0.02 0.02 0.03 0.04 0.03 0.03 0.03 0.05 0.04 0.04 
0.05 0.02 0.04 0.03 0.02 0.02 0.04 0.02 0.02 0.05 
0.05 0.02 0.04 0.05 0.02 0.05 0.05 0.02 0.03 0.03 
0.03 0.03 0.04 0.03 0.04 0.03 0.05 0.04 0.02 0.04 
0.05 0.03 0.05 0.04 0.02 0.04 0.04 0.02 0.03 0.04 
0.05 0.03 0.04 0.05 0.04 0.04 0.02 0.02 0.02 0.03 
0.03 0.03 0.04 0.03 0.02 0.02 0.03 0.03 0.03 0.04 
0.05 0.02 0.05 0.03 0.03 0.05 0.03 0.04 0.02 0.04 
0.03 0.04 0.04 0.04 0.03 0.05 0.02 0.04 0.03 0.05 
0.05 0.05 0.05 0.05 0.02 0.04 0.04 0.02 0.05 0.02 
0.05 0.02 0.02 0.02 0.04 0.03 0.02 0.05 0.04 0.03 
0.03 0.03 0.03 0.03 0.03 0.03 0.05 0.02 0.03 0.02 
0.05 0.02 0.02 0.04 0.02 0.04 0.02 0.04 0.04 0.03 
0.02 0.03 0.02 0.02 0.02 0.05 0.05 0.04 0.04 0.05 
0.03 0.04 0.03 0.03 0.05 0.05 0.04 0.04 0.02 0.03 
0.03 0.05 0.05 0.03 0.02 0.02 0.03 0.02 0.03 0.03 
0.04 0.04 0.04 0.03 0.04 0.03 0.04 0.04 0.02 0.05 
0.04 0.02 0.03 0.03 0.05 0.05 0.04 0.03 0.03 0.05 
0.05 0.05 0.02 0.04 0.03 0.05 0.02 0.02 0.02 0.02 
0.0290343 0.0483904 0.0193562 0.0290343 0.0483904 0.0193562 0.0483904 0.0193562 0.0387123 0.0290343 
0.0483904 0.0483904 0.0290343 0.0387123 0.0231685 0.0290343 0.0387123 0.0193562 0.0193562 0.0290343 
0.0193562 0.0387123 0.0290343 0.0193562 0.0290343 0.0387123 0.0387123 0.0290343 0.0193562 0.0387123 
0.0483904 0.0290343 0.0483904 0.0193562 0.0387123 0.0417315 0.0685241 0.0387123 0.0416411 0.0387123 
0.0193562 0.0483904 0.0387123 0.0483904 0.0483904 0.0331515 0.0193562 0.0193562 0.0290343 0.0193562 
0.0483904 0.0193562 0.0193562 0.0290343 0.0686824 0.0387123 0.0483904 0.0387123 0.0290343 0.0193562 
0.0193562 0.0290343 0.0483904 0.063108 0.0387123 0.0483904 0.0483904 0.0290343 0.0290343 0.0387123 
0.0387123 0.0290343 0.0483904 0.0483904 0.0518549 0.0193562 0.0193562 0.0193562 0.0387123 0.0193562 
0.0483904 0.0483904 0.0193562 0.0290343 0.0290343 0.0354995 0.0527538 0.0193562 0.0483904 0.0290343 
0.0387123 0.0193562 0.0290343 0.0483904 0.0290343 0.0387123 0.0483904 0.0290343 0.0290343 0.0483904 
0.03 0.02 0.05 0.05 0.04 0.04 0.05 0.04 0.02 0.04 
0.03 0.03 0.02 0.03 0.02 0.02 0.04 0.03 0.05 0.04 
0.02 0.03 0.04 0.02 0.05 0.02 0.02 0.04 0.05 0.02 
0.02 0.02 0.04 0.02 0.04 0.03 0.04 0.03 0.02 0.02 
0.02 0.03 0.04 0.03 0.02 0.02 0.05 0.05 0.03 0.02 
0.04 0.04 0.02 0.03 0.04 0.04 0.05 0.03 0.02 0.04 
0.02 0.02 0.04 0.05 0.02 0.02 0.03 0.04 0.04 0.02 
0.04 0.05 0.05 0.02 0.05 0.02 0.04 0.05 0.04 0.03 
0.05 0.05 0.05 0.02 0.02 0.04 0.03 0.02 0.03 0.05 
0.04 0.04 0.04 0.02 0.03 0.02 0.02 0.02 0.02 0.02 
0.05 0.04 0.04 0.05 0.02 0.05 0.03 0.02 0.02 0.03 
0.05 0.04 0.04 0.03 0.03 0.04 0.03 0.05 0.03 0.02 
0.03 0.03 0.04 0.03 0.05 0.03 0.02 0.02 0.04 0.03 
0.05 0.05 0.03 0.03 0.05 0.03 0.03 0.03 0.02 0.05 
0.02 0.04 0.02 0.03 0.02 0.04 0.05 0.05 0.02 0.03 
0.04 0.04 0.05 0.03 0.02 0.05 0.05 0.04 0.02 0.04 
0.05 0.02 0.04 0.02 0.02 0.04 0.05 0.04 0.05 0.03 
0.03 0.05 0.05 0.04 0.03 0.03 0.05 0.02 0.05 0.04 
0.02 0.03 0.05 0.04 0.04 0.03 0.02 0.03 0.02 0.05 
0.05 0.04 0.02 0.04 0.03 0.05 0.03 0.05 0.03 0.04 
0.05 0.03 0.02 0.04 0.05 0.04 0.02 0.04 0.03 0.02 
0.05 0.02 0.05 0.03 0.04 0.03 0.04 0.05 0.02 0.02 
0.03 0.03 0.04 0.05 0.02 0.04 0.03 0.02 0.03 0.04 
0.04 0.03 0.04 0.02 0.02 0.05 0.05 0.05 0.02 0.02 
0.04 0.04 0.05 0.05 0.04 0.05 0.03 0.05 0.03 0.02 
0.04 0.05 0.04 0.04 0.05 0.03 0.03 0.03 0.05 0.04 
0.04 0.02 0.03 0.04 0.02 0.05 0.05 0.03 0.02 0.03 
0.04 0.04 0.03 0.05 0.04 0.02 0.02 0.02 0.02 0.03 
0.05 0.05 0.05 0.03 0.04 0.05 0.03 0.04 0.04 0.02 
0.02 0.04 0.02 0.03 0.05 0.04 0.03 0.04 0.04 0.05 
0.0290423 0.038723 0.0193615 0.038723 0.0484038 0.0484038 0.0290423 0.038723 0.0193615 0.0290423 
0.0484038 0.0290423 0.0484038 0.0193615 0.0328547 0.038723 0.0193615 0.0484038 0.0193615 0.0193615 
0.0193615 0.0290423 0.0193615 0.0193615 0.0484038 0.0193615 0.0290423 0.038723 0.0290423 0.0290423 
0.0484038 0.0193615 0.0290423 0.038723 0.0193615 0.0417422 0.0588622 0.038723 0.0222903 0.0193615 
0.0290423 0.0290423 0.0290423 0.0193615 0.0484038 0.0234789 0.0193615 0.0290423 0.0290423 0.0484038 
0.0193615 0.0290423 0.0290423 0.038723 0.0687013 0.0484038 0.0484038 0.0290423 0.0484038 0.0484038 
0.038723 0.0484038 0.0484038 0.0631254 0.0290423 0.0193615 0.0484038 0.038723 0.0193615 0.0484038 
0.0484038 0.0290423 0.0193615 0.038723 0.0615499 0.0484038 0.0484038 0.038723 0.0484038 0.0193615 
0.038723 0.0484038 0.0484038 0.0290423 0.0193615 0.0548694 0.0624491 0.0484038 0.0193615 0.038723 
0.0484038 0.0193615 0.0193615 0.0290423 0.0193615 0.0193615 0.0484038 0.0290423 0.0484038 0.038723 
0.03 0.04 0.05 0.03 0.05 0.05 0.03 0.04 0.04 0.04 
0.05 0.03 0.04 0.03 0.05 0.05 0.04 0.05 0.02 0.03 
0.02 0.03 0.02 0.05 0.02 0.04 0.02 0.05 0.05 0.03 
0.04 0.03 0.02 0.03 0.03 0.05 0.02 0.03 0.05 0.05 
0.04 0.05 0.04 0.03 0.03 0.02 0.02 0.03 0.03 0.02 
0.04 0.02 0.05 0.03 0.04 0.02 0.02 0.02 0.05 0.04 
0.05 0.04 0.04 0.05 0.04 0.02 0.05 0.05 0.05 0.03 
0.05 0.05 0.05 0.05 0.03 0.05 0.02 0.02 0.04 0.02 
0.05 0.04 0.05 0.05 0.03 0.03 0.02 0.03 0.02 0.02 
0.02 0.03 0.02 0.03 0.03 0.04 0.02 0.04 0.02 0.03 
0.04 0.02 0.05 0.04 0.05 0.05 0.05 0.02 0.04 0.04 
0.05 0.05 0.04 0.05 0.05 0.05 0.02 0.05 0.03 0.04 
0.05 0.04 0.02 0.04 0.05 0.02 0.02 0.02 0.02 0.02 
0.05 0.03 0.03 0.03 0.05 0.04 0.02 0.02 0.05 0.05 
0.02 0.03 0.03 0.04 0.05 0.02 0.03 0.02 0.03 0.05 
0.02 0.02 0.03 0.04 0.03 0.05 0.03 0.05 0.05 0.02 
0.02 0.05 0.05 0.04 0.05 0.02 0.03 0.04 0.02 0.02 
0.05 0.03 0.02 0.05 0.03 0.04 0.04 0.02 0.05 0.02 
0.04 0.02 0.04 0.02 0.05 0.03 0.02 0.05 0.04 0.04 
0.02 0.05 0.02 0.02 0.02 0.05 0.03 0.03 0.03 0.04 
0.0387335 0.0387335 0.0193668 0.0484169 0.0484169 0.0193668 0.0290501 0.0290501 0.0290501 0.0290501 
0.0484169 0.0290501 0.0484169 0.0290501 0.0231793 0.0290501 0.0193668 0.0484169 0.0484169 0.0193668 
0.0193668 0.0484169 0.0484169 0.0290501 0.0193668 0.0193668 0.0290501 0.0290501 0.0290501 0.0484169 
0.0484169 0.0290501 0.0290501 0.0290501 0.0387335 0.0514361 0.0685616 0.0290501 0.0513457 0.0193668 
0.0387335 0.0193668 0.0193668 0.0193668 0.0484169 0.0331677 0.0290501 0.0484169 0.0193668 0.0193668 
0.0387335 0.0484169 0.0387335 0.0193668 0.0590366 0.0290501 0.0387335 0.0193668 0.0290501 0.0387335 
0.0387335 0.0387335 0.0387335 0.0631425 0.0387335 0.0193668 0.0387335 0.0193668 0.0484169 0.0290501 
0.0193668 0.0290501 0.0387335 0.0387335 0.0518833 0.0290501 0.0484169 0.0193668 0.0484169 0.0387335 
0.0484169 0.0387335 0.0193668 0.0290501 0.0387335 0.0355161 0.0624661 0.0290501 0.0387335 0.0387335 
0.0387335 0.0193668 0.0484169 0.0290501 0.0387335 0.0484169 0.0484169 0.0484169 0.0484169 0.0290501 
0.04 0.05 0.03 0.03 0.04 0.02 0.02 0.03 0.05 0.02 
0.02 0.05 0.02 0.04 0.04 0.02 0.05 0.03 0.05 0.05 
0.04 0.05 0.03 0.02 0.05 0.02 0.02 0.04 0.05 0.03 
0.02 0.04 0.02 0.02 0.04 0.04 0.02 0.04 0.04 0.04 
0.03 0.02 0.05 0.05 0.03 0.03 0.05 0.05 0.03 0.03 
0.05 0.03 0.03 0.03 0.05 0.03 0.05 0.05 0.03 0.05 
0.02 0.05 0.03 0.04 0.04 0.03 0.04 0.02 0.04 0.02 
0.02 0.04 0.05 0.04 0.03 0.04 0.05 0.04 0.04 0.03 
0.03 0.04 0.03 0.05 0.04 0.05 0.05 0.05 0.05 0.04 
0.04 0.04 0.05 0.04 0.05 0.02 0.04 0.04 0.03 0.02 
0.05 0.04 0.03 0.04 0.05 0.05 0.04 0.04 0.05 0.05 
0.03 0.04 0.04 0.02 0.03 0.04 0.02 0.03 0.04 0.04 
0.04 0.05 0.04 0.03 0.02 0.02 0.04 0.05 0.05 0.05 
0.05 0.02 0.03 0.04 0.02 0.02 0.03 0.04 0.03 0.02 
0.03 0.02 0.03 0.05 0.04 0.02 0.02 0.04 0.03 0.04 
0.02 0.05 0.02 0.05 0.05 0.02 0.04 0.03 0.05 0.03 
0.05 0.02 0.04 0.04 0.05 0.03 0.05 0.02 0.05 0.03 
0.05 0.05 0.02 0.04 0.02 0.02 0.02 0.02 0.02 0.02 
0.03 0.04 0.03 0.02 0.03 0.05 0.02 0.05 0.05 0.03 
0.04 0.04 0.05 0.04 0.03 0.02 0.04 0.04 0.02 0.02 
0.02 0.04 0.03 0.02 0.03 0.03 0.02 0.04 0.04 0.03 
0.02 0.05 0.04 0.04 0.02 0.03 0.03 0.03 0.04 0.04 
0.03 0.04 0.04 0.05 0.03 0.03 0.02 0.04 0.04 0.04 
0.05 0.04 0.04 0.02 0.02 0.05 0.05 0.03 0.03 0.02 
0.04 0.05 0.02 0.05 0.02 0.05 0.04 0.03 0.04 0.04 
0.02 0.04 0.05 0.04 0.02 0.04 0.02 0.05 0.03 0.04 
0.05 0.02 0.04 0.03 0.02 0.03 0.02 0.02 0.04 0.02 
0.05 0.05 0.02 0.03 0.05 0.02 0.04 0.02 0.05 0.05 
0.02 0.03 0.03 0.03 0.03 0.02 0.04 0.05 0.02 0.02 
0.03 0.02 0.02 0.03 0.03 0.05 0.05 0.03 0.05 0.05 
0.05 0.02 0.03 0.05 0.03 0.05 0.02 0.02 0.03 0.03 
0.03 0.04 0.05 0.02 0.03 0.05 0.05 0.03 0.03 0.05 
0.05 0.02 0.03 0.03 0.05 0.04 0.02 0.02 0.03 0.04 
0.02 0.05 0.05 0.03 0.02 0.05 0.03 0.04 0.02 0.04 
0.05 0.05 0.03 0.05 0.04 0.02 0.02 0.04 0.04 0.03 
0.02 0.03 0.02 0.05 0.02 0.05 0.05 0.05 0.03 0.05 
0.02 0.02 0.02 0.04 0.04 0.05 0.03 0.04 0.05 0.05 
0.02 0.05 0.02 0.05 0.02 0.04 0.02 0.05 0.02 0.02 
0.05 0.04 0.04 0.04 0.02 0.02 0.03 0.03 0.04 0.05 
0.03 0.02 0.05 0.03 0.03 0.02 0.02 0.02 0.02 0.02 
0.02 0.03 0.05 0.02 0.04 0.03 0.04 0.04 0.03 0.05 
0.02 0.04 0.03 0.05 0.05 0.03 0.02 0.05 0.02 0.03 
0.04 0.03 0.05 0.03 0.03 0.04 0.03 0.05 0.02 0.02 
0.02 0.05 0.03 0.05 0.03 0.05 0.05 0.04 0.05 0.05 
0.02 0.03 0.02 0.02 0.05 0.04 0.03 0.03 0.02 0.02 
0.04 0.05 0.02 0.02 0.02 0.05 0.04 0.04 0.05 0.04 
0.04 0.04 0.02 0.03 0.03 0.02 0.02 0.04 0.02 0.05 
0.04 0.03 0.05 0.04 0.05 0.02 0.02 0.05 0.03 0.05 
0.02 0.02 0.05 0.02 0.04 0.03 0.03 0.04 0.03 0.02 
0.02 0.02 0.05 0.03 0.04 0.05 0.04 0.05 0.05 0.05 
0.04 0.05 0.04 0.04 0.04 0.02 0.03 0.04 0.03 0.02 
0.02 0.03 0.03 0.03 0.03 0.05 0.05 0.03 0.05 0.03 
0.05 0.05 0.03 0.02 0.04 0.04 0.02 0.05 0.05 0.02 
0.02 0.05 0.03 0.05 0.03 0.03 0.04 0.04 0.02 0.04 
0.04 0.03 0.03 0.05 0.02 0.03 0.04 0.05 0.04 0.03 
0.05 0.04 0.04 0.03 0.03 0.05 0.04 0.05 0.03 0.05 
0.04 0.02 0.04 0.02 0.02 0.03 0.02 0.03 0.03 0.03 
0.05 0.02 0.05 0.04 0.05 0.04 0.03 0.05 0.02 0.02 
0.03 0.05 0.03 0.03 0.03 0.05 0.04 0.04 0.05 0.03 
0.04 0.02 0.04 0.05 0.05 0.05 0.03 0.02 0.02 0.03 
0.02 0.04 0.02 0.05 0.03 0.03 0.02 0.02 0.03 0.03 
0.04 0.03 0.03 0.04 0.03 0.02 0.04 0.02 0.02 0.05 
0.05 0.03 0.02 0.03 0.04 0.04 0.03 0.04 0.03 0.03 
0.05 0.04 0.03 0.03 0.03 0.03 0.04 0.05 0.03 0.03 
0.05 0.03 0.03 0.03 0.04 0.04 0.05 0.02 0.05 0.03 
0.04 0.02 0.05 0.02 0.03 0.02 0.02 0.05 0.02 0.02 
0.03 0.03 0.02 0.05 0.04 0.02 0.05 0.02 0.03 0.02 
0.04 0.05 0.03 0.04 0.05 0.05 0.04 0.02 0.05 0.05 
0.04 0.02 0.02 0.03 0.04 0.04 0.05 0.03 0.05 0.02 
0.04 0.04 0.04 0.03 0.04 0.04 0.02 0.04 0.03 0.03 
0.03 0.03 0.02 0.02 0.05 0.04 0.02 0.04 0.04 0.05 
0.03 0.04 0.03 0.02 0.03 0.02 0.04 0.02 0.05 0.05 
0.05 0.04 0.04 0.05 0.03 0.05 0.02 0.05 0.04 0.02 
0.02 0.03 0.04 0.05 0.05 0.04 0.02 0.03 0.03 0.04 
0.03 0.03 0.03 0.05 0.02 0.05 0.04 0.03 0.05 0.03 
0.05 0.03 0.04 0.04 0.05 0.04 0.05 0.05 0.02 0.03 
0.05 0.04 0.03 0.02 0.05 0.03 0.03 0.05 0.02 0.03 
0.02 0.02 0.05 0.02 0.04 0.02 0.03 0.05 0.05 0.03 
0.05 0.05 0.04 0.02 0.02 0.04 0.05 0.05 0.05 0.03 
0.02 0.03 0.02 0.02 0.02 0.03 0.03 0.02 0.05 0.02 
0.04 0.02 0.02 0.02 0.03 0.04 0.05 0.04 0.02 0.03 
0.04 0.04 0.02 0.04 0.05 0.02 0.05 0.04 0.05 0.05 
0.04 0.04 0.03 0.04 0.03 0.03 0.04 0.04 0.05 0.03 
0.04 0.05 0.05 0.05 0.03 0.05 0.05 0.05 0.05 0.04 
0.02 0.05 0.05 0.05 0.04 0.02 0.02 0.05 0.02 0.05 
0.05 0.05 0.02 0.04 0.04 0.05 0.03 0.05 0.05 0.02 
0.03 0.03 0.04 0.04 0.05 0.04 0.02 0.02 0.04 0.02 
0.05 0.05 0.04 0.02 0.04 0.04 0.05 0.03 0.03 0.05 
0.03 0.04 0.03 0.04 0.02 0.03 0.02 0.02 0.05 0.05 
0.05 0.02 0.02 0.02 0.02 0.04 0.02 0.05 0.02 0.03 
0.04 0.03 0.02 0.02 0.03 0.03 0.04 0.03 0.05 0.03 
0.03 0.03 0.05 0.03 0.02 0.05 0.02 0.02 0.03 0.03 
0.02 0.02 0.05 0.03 0.05 0.03 0.04 0.02 0.02 0.03 
0.02 0.02 0.03 0.04 0.04 0.02 0.05 0.02 0.04 0.05 
0.05 0.03 0.05 0.05 0.02 0.02 0.05 0.04 0.03 0.05 
0.03 0.05 0.05 0.02 0.04 0.04 0.02 0.04 0.05 0.02 
0.04 0.02 0.02 0.03 0.03 0.05 0.03 0.05 0.05 0.04 
0.03 0.05 0.05 0.03 0.04 0.02 0.03 0.03 0.02 0.04 
0.03 0.02 0.03 0.04 0.02 0.03 0.03 0.03 0.03 0.05 
0.04 0.04 0.03 0.02 0.02 0.04 0.05 0.03 0.03 0.02 
0.05 0.04 0.05 0.02 0.05 0.05 0.03 0.03 0.04 0.03 
0.04 0.02 0.03 0.03 0.03 0.05 0.05 0.05 0.03 0.02 
0.03 0.02 0.02 0.05 0.05 0.04 0.02 0.04 0.05 0.05 
0.02 0.02 0.05 0.04 0.05 0.02 0.04 0.05 0.04 0.05 
0.04 0.05 0.02 0.02 0.04 0.02 0.04 0.03 0.03 0.05 
0.02 0.04 0.05 0.03 0.02 0.05 0.05 0.05 0.02 0.05 
0.02 0.05 0.05 0.04 0.02 0.04 0.02 0.02 0.05 0.05 
0.02 0.03 0.04 0.03 0.02 0.02 0.03 0.05 0.02 0.03 
0.02 0.03 0.02 0.03 0.04 0.04 0.04 0.02 0.04 0.02 
0.03 0.04 0.02 0.04 0.03 0.02 0.05 0.03 0.03 0.02 
0.04 0.04 0.05 0.04 0.05 0.04 0.04 0.04 0.05 0.02 
0.02 0.02 0.05 0.03 0.02 0.05 0.02 0.03 0.03 0.02 
0.04 0.05 0.05 0.03 0.05 0.02 0.03 0.05 0.02 0.03 
0.03 0.03 0.02 0.02 0.04 0.02 0.05 0.05 0.02 0.02 
0.02 0.03 0.03 0.02 0.03 0.05 0.04 0.02 0.05 0.04 
0.05 0.03 0.03 0.05 0.05 0.02 0.05 0.05 0.02 0.02 
0.05 0.03 0.05 0.03 0.05 0.04 0.04 0.05 0.03 0.04 
0.04 0.04 0.04 0.03 0.03 0.03 0.05 0.05 0.05 0.04 
0.05 0.03 0.05 0.02 0.02 0.05 0.04 0.02 0.04 0.05 
0.03 0.02 0.04 0.02 0.04 0.05 0.03 0.04 0.04 0.04 
0.03 0.05 0.05 0.05 0.02 0.04 0.04 0.02 0.05 0.05 
0.04 0.04 0.02 0.04 0.03 0.03 0.04 0.02 0.04 0.02 
0.05 0.02 0.05 0.03 0.02 0.04 0.04 0.04 0.02 0.04 
0.05 0.05 0.02 0.05 0.05 0.02 0.02 0.03 0.02 0.04 
0.02 0.05 0.02 0.04 0.05 0.04 0.02 0.02 0.02 0.04 
0.02 0.04 0.03 0.02 0.02 0.05 0.04 0.05 0.03 0.05 
0.05 0.03 0.03 0.04 0.03 0.03 0.03 0.05 0.03 0.04 
0.05 0.04 0.05 0.05 0.03 0.02 0.05 0.02 0.02 0.05 
0.05 0.03 0.02 0.02 0.05 0.04 0.05 0.05 0.05 0.03 
0.03 0.03 0.03 0.04 0.02 0.05 0.04 0.05 0.03 0.03 
0.05 0.03 0.02 0.04 0.03 0.03 0.04 0.04 0.04 0.04 
0.02 0.04 0.03 0.05 0.02 0.02 0.04 0.04 0.03 0.04 
0.02 0.05 0.05 0.03 0.03 0.05 0.03 0.02 0.04 0.05 
0.04 0.02 0.02 0.04 0.03 0.02 0.04 0.03 0.03 0.03 
0.05 0.05 0.05 0.04 0.04 0.03 0.02 0.05 0.02 0.03 
0.03 0.05 0.03 0.02 0.05 0.05 0.02 0.03 0.04 0.04 
0.02 0.04 0.02 0.04 0.05 0.03 0.05 0.05 0.05 0.05 
0.03 0.04 0.03 0.03 0.05 0.05 0.02 0.03 0.02 0.02 
0.04 0.04 0.03 0.03 0.04 0.05 0.02 0.04 0.05 0.02 
0.03 0.04 0.04 0.02 0.03 0.05 0.02 0.04 0.02 0.02 
0.05 0.05 0.04 0.05 0.05 0.05 0.04 0.02 0.03 0.05 
0.05 0.02 0.02 0.04 0.04 0.02 0.02 0.04 0.05 0.02 
0.02 0.04 0.03 0.02 0.03 0.05 0.05 0.03 0.04 0.05 
0.02 0.03 0.04 0.05 0.05 0.04 0.03 0.03 0.05 0.05 
0.04 0.05 0.04 0.04 0.05 0.04 0.02 0.03 0.05 0.05 
0.03 0.02 0.05 0.05 0.03 0.05 0.02 0.03 0.04 0.02 
0.02 0.02 0.05 0.04 0.05 0.03 0.05 0.04 0.03 0.04 
0.02 0.05 0.03 0.02 0.05 0.05 0.03 0.03 0.05 0.04 
0.05 0.02 0.03 0.05 0.04 0.03 0.03 0.05 0.04 0.02 
0.02 0.04 0.05 0.02 0.02 0.05 0.02 0.04 0.05 0.05 
0.04 0.03 0.03 0.03 0.03 0.02 0.05 0.02 0.05 0.05 
0.04 0.04 0.04 0.03 0.05 0.05 0.03 0.05 0.04 0.05 
0.02 0.02 0.02 0.04 0.03 0.02 0.05 0.05 0.04 0.05 
0.05 0.04 0.04 0.05 0.04 0.04 0.05 0.05 0.02 0.04 
0.03 0.03 0.03 0.03 0.03 0.05 0.05 0.02 0.05 0.02 
0.02 0.02 0.02 0.03 0.05 0.05 0.03 0.04 0.03 0.04 
0.04 0.02 0.02 0.05 0.05 0.02 0.03 0.05 0.04 0.05 
0.02 0.03 0.02 0.04 0.02 0.02 0.04 0.05 0.04 0.02 
0.04 0.04 0.03 0.05 0.05 0.02 0.02 0.04 0.02 0.04 
0.02 0.05 0.04 0.02 0.05 0.04 0.05 0.02 0.03 0.03 
0.04 0.03 0.02 0.03 0.02 0.04 0.05 0.04 0.05 0.02 
0.03 0.02 0.04 0.02 0.02 0.02 0.03 0.03 0.04 0.02 
0.04 0.04 0.05 0.02 0.03 0.05 0.04 0.04 0.04 0.03 
0.04 0.05 0.04 0.05 0.04 0.05 0.04 0.02 0.03 0.04 
0.02 0.02 0.05 0.05 0.05 0.03 0.05 0.03 0.05 0.05 
0.02 0.03 0.05 0.05 0.02 0.04 0.03 0.03 0.04 0.04 
0.04 0.05 0.05 0.02 0.05 0.03 0.04 0.04 0.05 0.05 
0.05 0.04 0.04 0.03 0.05 0.02 0.02 0.05 0.02 0.02 
0.02 0.03 0.04 0.02 0.05 0.04 0.02 0.05 0.02 0.03 
0.04 0.03 0.04 0.03 0.02 0.05 0.05 0.05 0.02 0.04 
0.03 0.03 0.05 0.03 0.05 0.03 0.05 0.02 0.05 0.05 
0.04 0.05 0.04 0.02 0.03 0.03 0.04 0.02 0.02 0.05 
0.04 0.03 0.03 0.04 0.03 0.02 0.02 0.04 0.02 0.02 
0.04 0.02 0.02 0.03 0.05 0.05 0.05 0.04 0.02 0.04 
0.05 0.02 0.02 0.03 0.03 0.05 0.02 0.04 0.04 0.05 
0.03 0.04 0.02 0.02 0.05 0.04 0.05 0.04 0.04 0.02 
0.02 0.04 0.03 0.05 0.04 0.05 0.04 0.04 0.04 0.02 
0.03 0.02 0.03 0.04 0.04 0.03 0.02 0.03 0.05 0.04 
0.02 0.04 0.02 0.04 0.02 0.04 0.02 0.03 0.04 0.05 
0.03 0.04 0.04 0.04 0.04 0.02 0.03 0.02 0.04 0.05 
0.04 0.05 0.02 0.05 0.02 0.04 0.04 0.03 0.05 0.02 
0.04 0.03 0.04 0.04 0.03 0.02 0.05 0.03 0.02 0.03 
0.02 0.03 0.02 0.02 0.04 0.05 0.02 0.04 0.04 0.02 
0.05 0.02 0.05 0.05 0.04 0.04 0.03 0.03 0.05 0.05 
0.05 0.04 0.05 0.02 0.04 0.04 0.03 0.04 0.02 0.03 
0.04 0.03 0.05 0.05 0.05 0.02 0.04 0.05 0.05 0.02 
0.04 0.03 0.04 0.05 0.03 0.02 0.03 0.04 0.04 0.05 
0.03 0.05 0.02 0.03 0.02 0.05 0.04 0.04 0.03 0.04 
0.04 0.03 0.04 0.04 0.03 0.05 0.03 0.02 0.05 0.05 
0.04 0.02 0.04 0.03 0.03 0.03 0.04 0.03 0.05 0.02 
0.02 0.04 0.05 0.05 0.05 0.02 0.03 0.03 0.02 0.02 
0.05 0.05 0.02 0.03 0.03 0.02 0.05 0.04 0.04 0.05 
0.04 0.05 0.04 0.04 0.04 0.02 0.04 0.02 0.02 0.04 
0.02 0.02 0.05 0.04 0.02 0.02 0.03 0.03 0.03 0.03 
0.02 0.02 0.05 0.04 0.02 0.03 0.04 0.04 0.03 0.05 
0.02 0.03 0.03 0.04 0.04 0.05 0.05 0.05 0.02 0.02 
0.05 0.05 0.05 0.04 0.05 0.04 0.04 0.02 0.05 0.02 
0.03 0.05 0.03 0.04 0.02 0.03 0.05 0.05 0.05 0.04 
0.04 0.02 0.05 0.04 0.03 0.04 0.02 0.04 0.05 0.03 
0.03 0.03 0.02 0.03 0.03 0.04 0.05 0.05 0.03 0.04 
0.05 0.03 0.04 0.04 0.05 0.04 0.04 0.04 0.02 0.02 
0.03 0.05 0.03 0.03 0.03 0.04 0.04 0.03 0.04 0.03 
0.03 0.04 0.02 0.04 0.04 0.03 0.05 0.02 0.03 0.04 
0.05 0.04 0.05 0.03 0.05 0.02 0.04 0.05 0.05 0.02 
0.05 0.04 0.05 0.02 0.03 0.04 0.02 0.04 0.02 0.03 
0.05 0.02 0.02 0.05 0.05 0.03 0.02 0.04 0.02 0.03 
0.05 0.04 0.03 0.05 0.03 0.03 0.02 0.02 0.04 0.04 
0.03 0.05 0.05 0.04 0.05 0.03 0.03 0.02 0.02 0.02 
0.04 0.03 0.04 0.04 0.05 0.02 0.03 0.03 0.02 0.05 
0.04 0.02 0.04 0.02 0.05 0.04 0.04 0.05 0.02 0.02 
0.03 0.05 0.02 0.03 0.03 0.03 0.02 0.04 0.04 0.05 
0.04 0.03 0.02 0.02 0.04 0.04 0.02 0.02 0.04 0.05 
0.05 0.03 0.04 0.03 0.05 0.05 0.04 0.04 0.05 0.05 
0.04 0.02 0.03 0.04 0.05 0.03 0.03 0.03 0.02 0.02 
0.02 0.05 0.03 0.04 0.03 0.05 0.02 0.02 0.03 0.05 
0.04 0.04 0.04 0.03 0.05 0.04 0.02 0.05 0.02 0.04 
0.03 0.04 0.02 0.05 0.02 0.04 0.03 0.05 0.04 0.02 
0.04 0.02 0.05 0.04 0.02 0.05 0.05 0.05 0.04 0.02 
0.03 0.04 0.04 0.05 0.05 0.05 0.04 0.04 0.05 0.03 
0.02 0.04 0.03 0.02 0.05 0.02 0.05 0.05 0.02 0.05 
