0.05 0.04 0.05 0.04 0.04 0.04 0.04 0.02 0.05 0.02 
0.05 0.04 0.05 0.05 0.04 0.05 0.03 0.02 0.03 0.05 
0.02 0.02 0.03 0.02 0.04 0.03 0.02 0.04 0.03 0.03 
0.02 0.02 0.03 0.02 0.02 0.03 0.05 0.04 0.04 0.05 
0.05 0.04 0.03 0.04 0.03 0.04 0.02 0.04 0.03 0.04 
0.02 0.02 0.02 0.04 0.05 0.03 0.05 0.03 0.04 0.03 
0.02 0.04 0.03 0.05 0.02 0.04 0.02 0.05 0.02 0.05 
0.05 0.02 0.04 0.03 0.02 0.02 0.05 0.02 0.02 0.02 
0.03 0.04 0.05 0.04 0.04 0.05 0.04 0.02 0.02 0.05 
0.05 0.04 0.05 0.03 0.03 0.05 0.04 0.02 0.05 0.03 
0.0286196 0.0476993 0.0476993 0.0286196 0.0190797 0.0381595 0.0476993 0.0190797 0.0381595 0.0641444 
0.0286196 0.0476993 0.0190797 0.0286196 0.0381595 0.0381595 0.0381595 0.0381595 0.0476993 0.0190797 
0.0476993 0.0286196 0.0190797 0.0381595 0.0476993 0.0190797 0.0286196 0.0317834 0.0476993 0.0476993 
0.0190797 0.0286196 0.0476993 0.0476993 0.0476993 0.0476993 0.0381595 0.0381595 0.0190797 0.0512252 
0.0190797 0.0190797 0.0286196 0.0703708 0.0190797 0.0190797 0.0286196 0.0597906 0.0381595 0.0286196 
0.0476993 0.0664868 0.0286196 0.0476993 0.0383984 0.0190797 0.023818 0.0190797 0.0286196 0.0190797 
0.0190797 0.0190797 0.0381595 0.0381595 0.0381595 0.0255255 0.0286196 0.0570946 0.0316888 0.0190797 
0.0476993 0.0286196 0.0190797 0.0286196 0.043513 0.0476993 0.023886 0.0286196 0.0476993 0.0190797 
0.0286196 0.0381595 0.0381595 0.0555789 0.0286196 0.0476993 0.0476993 0.0624359 0.0476993 0.0190797 
0.0190797 0.0286196 0.0381595 0.0286196 0.0476993 0.0476993 0.0286196 0.0286196 0.0190797 0.0381595 
0.04 0.04 0.04 0.04 0.02 0.04 0.02 0.03 0.04 0.05 
0.04 0.03 0.03 0.02 0.03 0.02 0.04 0.05 0.04 0.03 
0.04 0.04 0.04 0.05 0.02 0.05 0.03 0.02 0.03 0.03 
0.04 0.03 0.04 0.05 0.05 0.04 0.04 0.04 0.05 0.03 
0.05 0.03 0.02 0.03 0.05 0.04 0.02 0.03 0.04 0.03 
0.04 0.05 0.03 0.05 0.04 0.05 0.02 0.05 0.03 0.04 
0.03 0.02 0.05 0.02 0.05 0.05 0.04 0.02 0.03 0.02 
0.03 0.04 0.02 0.05 0.02 0.04 0.02 0.04 0.02 0.04 
0.02 0.04 0.04 0.03 0.05 0.04 0.02 0.05 0.02 0.02 
0.03 0.05 0.04 0.02 0.05 0.03 0.05 0.02 0.04 0.03 
0.0124577 0.0186865 0.0186865 0.0124577 0.0207063 0.0713001 0.0186865 0.0186865 0.0124577 0.0124577 
0.0124577 0.0124577 0.0249153 0.0463075 0.0249153 0.0249153 0.029134 0.0124577 0.0186865 0.0297956 
0.0249153 0.0226176 0.0186865 0.0124577 0.0311442 0.0355833 0.0186865 0.0311442 0.0124577 0.0643989 
0.0124577 0.0328886 0.101409 0.0124577 0.0311442 0.109119 0.0331549 0.0124577 0.0124577 0.0307277 
0.0143624 0.0124577 0.0393238 0.0249153 0.0311442 0.100403 0.0249153 0.0124577 0.0124577 0.0311442 
0.0186865 0.0297956 0.0249153 0.0249153 0.0918829 0.115413 0.0249153 0.0232983 0.0593218 0.0249153 
0.0186865 0.0186865 0.0238364 0.104379 0.0124577 0.0872849 0.0311442 0.0311442 0.0124577 0.0249153 
0.0124577 0.0249153 0.0186865 0.0186865 0.0454811 0.0851133 0.0124577 0.0249153 0.0316634 0.0124577 
0.0186865 0.0186865 0.0249153 0.0249153 0.023145 0.0736969 0.0329825 0.0529933 0.0199551 0.0124577 
0.0174478 0.0249153 0.0311442 0.0159014 0.0186865 0.106731 0.0733827 0.0777297 0.103962 0.0412067 
0.0190678 0.0381356 0.0476695 0.0190678 0.0190678 0.0476695 0.0476695 0.0476695 0.0381356 0.0476695 
0.0190678 0.0190678 0.0381356 0.0381356 0.0286017 0.0190678 0.0286017 0.0575694 0.0381356 0.0286017 
0.0381356 0.0393012 0.0381356 0.0190678 0.0297853 0.0476695 0.0381356 0.0303208 0.0286017 0.0476695 
0.0381356 0.0394149 0.0381356 0.0476695 0.0476695 0.0476695 0.0381356 0.0646275 0.0286017 0.0494423 
0.0190678 0.0190678 0.0190678 0.0377568 0.0286017 0.0381356 0.0476695 0.0250359 0.0676591 0.0286017 
0.0381356 0.0286017 0.0286017 0.0190678 0.0259241 0.0286017 0.0659325 0.0381356 0.0286017 0.0476695 
0.0190678 0.0381356 0.0286017 0.0190678 0.0476695 0.0213773 0.0286017 0.0190678 0.0493886 0.0381356 
0.0286017 0.0476695 0.0381356 0.0286017 0.0473167 0.0631058 0.0405543 0.0476695 0.0381356 0.0561822 
0.0286017 0.0476695 0.0476695 0.0528632 0.0286017 0.0476695 0.0381356 0.0680783 0.0190678 0.0476695 
0.0190678 0.0398033 0.0476695 0.0286017 0.0286017 0.0286017 0.0381356 0.0190678 0.0286017 0.0476695 
0.02 0.02 0.02 0.05 0.05 0.03 0.04 0.04 0.04 0.03 
0.05 0.04 0.03 0.05 0.02 0.05 0.02 0.02 0.05 0.05 
0.05 0.05 0.04 0.04 0.03 0.05 0.03 0.05 0.04 0.04 
0.02 0.03 0.03 0.02 0.05 0.03 0.02 0.04 0.05 0.02 
0.04 0.04 0.03 0.04 0.04 0.02 0.03 0.02 0.02 0.03 
0.04 0.03 0.02 0.03 0.02 0.05 0.05 0.02 0.05 0.05 
0.04 0.02 0.02 0.03 0.03 0.02 0.05 0.02 0.04 0.05 
0.04 0.05 0.02 0.03 0.02 0.03 0.05 0.02 0.05 0.05 
0.04 0.02 0.02 0.03 0.04 0.04 0.02 0.02 0.04 0.02 
0.02 0.02 0.05 0.03 0.04 0.05 0.05 0.04 0.05 0.02 
0.02 0.02 0.04 0.02 0.05 0.05 0.04 0.02 0.04 0.05 
0.03 0.03 0.03 0.05 0.04 0.04 0.03 0.04 0.02 0.05 
0.03 0.04 0.02 0.05 0.02 0.02 0.02 0.05 0.04 0.04 
0.05 0.05 0.05 0.04 0.02 0.02 0.05 0.05 0.02 0.03 
0.03 0.03 0.03 0.03 0.04 0.04 0.04 0.05 0.05 0.02 
0.05 0.03 0.05 0.04 0.02 0.02 0.04 0.03 0.05 0.03 
0.02 0.05 0.05 0.05 0.05 0.04 0.02 0.02 0.05 0.03 
0.03 0.05 0.03 0.05 0.02 0.05 0.05 0.04 0.04 0.02 
0.02 0.03 0.03 0.05 0.05 0.04 0.03 0.05 0.03 0.04 
0.02 0.03 0.04 0.02 0.02 0.04 0.02 0.05 0.05 0.03 
0.0286037 0.0190692 0.0286037 0.0286037 0.0545671 0.0190692 0.0381383 0.0286037 0.0679795 0.0381383 
0.0286037 0.0654482 0.0476729 0.0476729 0.0381383 0.0381383 0.0476729 0.0190692 0.0286037 0.0190692 
0.0476729 0.0190692 0.0286037 0.0476729 0.0286037 0.0381383 0.0381383 0.0190692 0.0381383 0.0190692 
0.0190692 0.0476729 0.0381383 0.0381383 0.0286037 0.0490912 0.0418941 0.0476729 0.0190692 0.0286037 
0.0381383 0.0676639 0.0286037 0.0381383 0.0476729 0.0476729 0.0190692 0.0190692 0.0381383 0.0476729 
0.0286037 0.0476729 0.0381383 0.0190692 0.0658708 0.0381383 0.0381383 0.0286037 0.0476729 0.0286037 
0.0476729 0.0476729 0.0286037 0.051317 0.0476729 0.0190692 0.0286037 0.0190692 0.0190692 0.0476729 
0.0190692 0.0381383 0.0476729 0.0381383 0.0378278 0.0190692 0.0190692 0.0476729 0.0190692 0.0190692 
0.0190692 0.0286037 0.0381383 0.0689562 0.0190692 0.0402239 0.0569254 0.0190692 0.0190692 0.0476729 
0.0381383 0.0286037 0.0286037 0.0190692 0.0381383 0.0381383 0.0190692 0.0381383 0.0190692 0.0190692 
0.00119731 0.00122107 0.00991936 0.000920785 0.03783 0.0558267 0.00071366 0.000535245 0.00925229 0.00947948 
0.00071366 0.000535245 0.00495635 0.00946668 0.0120176 0.0094773 0.00650264 0.00266854 0.00071366 0.00339091 
0.00297797 0.00745699 0.00241908 0.00126364 0.000892075 0.00983625 0.000535245 0.00126316 0.000535245 0.0226326 
0.011733 0.066416 0.0569198 0.00124701 0.0142112 0.118596 0.121895 0.00612739 0.00102701 0.000892075 
0.000619487 0.011901 0.00170387 0.0159466 0.0046179 0.0168432 0.00563099 0.000535245 0.0010323 0.000586467 
0.0109912 0.00141883 0.00071366 0.000535245 0.125198 0.0463756 0.00035683 0.0294058 0.0263899 0.00035683 
0.000965888 0.00289993 0.0265406 0.122187 0.000907746 0.033253 0.0153368 0.00168067 0.000535245 0.00035683 
0.00995587 0.0115983 0.00535421 0.00412399 0.124009 0.0290007 0.023299 0.0143921 0.0649103 0.000867525 
0.00035683 0.000909157 0.0330536 0.00109056 0.0276826 0.124432 0.121876 0.0053424 0.0042885 0.000983257 
0.000535245 0.00131742 0.00386504 0.00214442 0.0266706 0.038856 0.0397318 0.04828 0.0352334 0.0717942 
0.03 0.03 0.04 0.03 0.05 0.04 0.02 0.05 0.05 0.02 
0.02 0.04 0.04 0.04 0.02 0.05 0.03 0.04 0.02 0.02 
0.02 0.05 0.05 0.05 0.03 0.04 0.03 0.03 0.02 0.05 
0.04 0.05 0.03 0.04 0.02 0.03 0.02 0.02 0.02 0.02 
0.02 0.02 0.03 0.03 0.05 0.05 0.03 0.05 0.03 0.03 
0.02 0.03 0.04 0.04 0.05 0.02 0.02 0.02 0.05 0.02 
0.03 0.05 0.05 0.03 0.05 0.02 0.02 0.05 0.05 0.03 
0.04 0.03 0.03 0.04 0.03 0.04 0.05 0.04 0.05 0.04 
0.02 0.04 0.05 0.04 0.05 0.02 0.02 0.03 0.03 0.05 
0.05 0.04 0.05 0.02 0.04 0.04 0.03 0.05 0.05 0.05 
0.04 0.05 0.02 0.03 0.04 0.02 0.03 0.02 0.04 0.05 
0.03 0.02 0.03 0.02 0.04 0.05 0.03 0.02 0.05 0.05 
0.05 0.03 0.04 0.03 0.02 0.03 0.04 0.02 0.05 0.05 
0.02 0.05 0.02 0.02 0.04 0.04 0.02 0.02 0.05 0.04 
0.02 0.02 0.05 0.02 0.04 0.02 0.02 0.05 0.03 0.02 
0.04 0.03 0.03 0.04 0.02 0.02 0.05 0.04 0.03 0.03 
0.05 0.05 0.05 0.04 0.03 0.03 0.05 0.02 0.05 0.02 
0.03 0.02 0.02 0.03 0.03 0.03 0.03 0.02 0.05 0.03 
0.03 0.04 0.03 0.05 0.05 0.04 0.02 0.04 0.02 0.05 
0.05 0.04 0.05 0.02 0.04 0.05 0.02 0.05 0.04 0.04 
8.61153e-05 0.0358484 4.6998e-07 9.17627e-05 0.0137053 0.000963825 8.77514e-07 4.07528e-05 0.00277739 0.00424954 
0.0104736 0.000192378 0.000430402 5.85796e-05 0.00332173 0.000263483 0.00318172 0.00208791 4.09897e-06 0.00171547 
0.009511 1.80285e-05 0.0017782 3.63427e-06 0.00207166 0.00204433 7.29467e-06 0.000177566 0.00223327 0.00666702 
7.30532e-08 2.98835e-05 0.00263031 1.81615e-05 0.00334801 0.122305 0.0664766 1.56149e-05 4.74881e-06 0.000400802 
0.0159486 0.0100583 0.00317481 0.00239892 0.00732968 0.126385 0.0108576 0.000402637 0.00280026 0.000513284 
0.00472948 0.00770661 0.000400913 0.000148623 0.0003435 0.124761 0.0152241 1.25356e-07 7.87401e-06 0.000843664 
9.67706e-07 0.000958081 0.000276318 0.0024398 0.0022598 0.126667 0.00869413 0.00647338 0.000337624 2.41554e-07 
1.48245e-05 0.00125834 1.2429e-05 3.52008e-05 0.00112718 0.124962 2.15199e-05 2.99937e-05 0.00333256 0.0398904 
1.60022e-05 5.75509e-06 0.00110988 0.0160345 2.12686e-07 0.117029 0.0070421 0.00013669 7.03416e-05 0.0809453 
0.00536767 0.000198184 2.3424e-06 4.1847e-05 0.00313732 0.124956 0.124484 0.121632 5.79779e-05 6.20168e-05 
0.02 0.02 0.05 0.05 0.04 0.03 0.04 0.04 0.04 0.04 
0.04 0.03 0.02 0.05 0.03 0.05 0.05 0.04 0.02 0.02 
0.03 0.02 0.05 0.03 0.03 0.03 0.03 0.04 0.03 0.03 
0.05 0.04 0.05 0.05 0.02 0.05 0.05 0.04 0.02 0.03 
0.05 0.05 0.02 0.02 0.04 0.03 0.05 0.04 0.02 0.05 
0.02 0.03 0.05 0.04 0.03 0.04 0.05 0.04 0.02 0.02 
0.05 0.05 0.04 0.02 0.03 0.03 0.03 0.04 0.02 0.02 
0.05 0.04 0.05 0.02 0.02 0.05 0.02 0.03 0.04 0.04 
0.05 0.03 0.03 0.04 0.04 0.05 0.05 0.03 0.03 0.02 
0.04 0.05 0.05 0.04 0.03 0.02 0.03 0.03 0.02 0.03 
0.04 0.03 0.04 0.02 0.03 0.02 0.05 0.03 0.05 0.02 
0.05 0.04 0.05 0.03 0.03 0.02 0.03 0.03 0.03 0.04 
0.05 0.02 0.04 0.05 0.02 0.03 0.02 0.03 0.05 0.02 
0.02 0.04 0.05 0.03 0.02 0.04 0.05 0.04 0.05 0.03 
0.02 0.04 0.02 0.03 0.04 0.03 0.03 0.02 0.04 0.04 
0.04 0.02 0.02 0.02 0.02 0.02 0.05 0.04 0.05 0.04 
0.04 0.02 0.05 0.05 0.04 0.04 0.03 0.04 0.04 0.05 
0.05 0.04 0.04 0.02 0.04 0.05 0.05 0.05 0.04 0.04 
0.04 0.05 0.05 0.02 0.03 0.05 0.05 0.03 0.04 0.05 
0.04 0.05 0.02 0.03 0.05 0.04 0.03 0.04 0.03 0.04 
0.04 0.02 0.05 0.03 0.04 0.03 0.03 0.04 0.03 0.03 
0.02 0.02 0.03 0.02 0.05 0.03 0.03 0.05 0.04 0.04 
0.05 0.04 0.02 0.03 0.02 0.04 0.02 0.03 0.03 0.02 
0.05 0.03 0.04 0.03 0.02 0.04 0.05 0.04 0.04 0.02 
0.05 0.02 0.03 0.02 0.02 0.05 0.05 0.04 0.04 0.02 
0.03 0.04 0.02 0.02 0.03 0.04 0.05 0.03 0.03 0.04 
0.05 0.05 0.04 0.02 0.02 0.04 0.03 0.04 0.05 0.02 
0.02 0.05 0.05 0.04 0.05 0.03 0.03 0.02 0.03 0.02 
0.03 0.04 0.02 0.02 0.03 0.04 0.05 0.04 0.04 0.03 
0.02 0.04 0.05 0.03 0.02 0.05 0.05 0.03 0.04 0.05 
0.02 0.02 0.05 0.03 0.02 0.05 0.04 0.02 0.04 0.05 
0.05 0.02 0.05 0.02 0.05 0.05 0.02 0.03 0.05 0.03 
0.02 0.05 0.02 0.03 0.05 0.05 0.02 0.03 0.05 0.04 
0.03 0.03 0.03 0.02 0.05 0.02 0.03 0.02 0.04 0.03 
0.03 0.03 0.05 0.05 0.03 0.04 0.04 0.03 0.04 0.03 
0.03 0.03 0.04 0.02 0.05 0.02 0.02 0.02 0.03 0.04 
0.02 0.03 0.04 0.02 0.03 0.04 0.02 0.04 0.03 0.02 
0.02 0.05 0.03 0.05 0.02 0.03 0.04 0.02 0.05 0.03 
0.02 0.05 0.05 0.04 0.05 0.04 0.03 0.04 0.04 0.04 
0.02 0.04 0.05 0.05 0.03 0.03 0.04 0.02 0.05 0.02 
0.02 0.02 0.03 0.05 0.04 0.03 0.04 0.02 0.02 0.04 
0.03 0.04 0.03 0.03 0.02 0.02 0.03 0.05 0.05 0.02 
0.04 0.03 0.02 0.02 0.03 0.02 0.04 0.02 0.02 0.03 
0.05 0.03 0.05 0.03 0.02 0.04 0.05 0.02 0.03 0.02 
0.04 0.05 0.05 0.03 0.04 0.05 0.04 0.02 0.05 0.03 
0.05 0.04 0.02 0.05 0.03 0.05 0.03 0.05 0.02 0.04 
0.03 0.05 0.03 0.05 0.03 0.04 0.03 0.04 0.04 0.05 
0.05 0.05 0.04 0.02 0.05 0.02 0.03 0.03 0.05 0.03 
0.02 0.05 0.03 0.02 0.03 0.03 0.04 0.05 0.02 0.04 
0.03 0.04 0.05 0.04 0.02 0.03 0.05 0.04 0.05 0.05 
7.83964e-05 0.0561786 0.0173034 0.00922842 0.000120564 0.0152448 8.57628e-05 0.000433659 0.00608537 0.00246911 
0.000103422 0.00185983 0.0276238 0.00117531 0.00115817 2.68493e-05 0.00136135 2.30841e-05 0.00285618 0.00921535 
0.00029361 1.26792e-05 2.80237e-05 0.00155057 0.00680738 0.0038631 0.00178568 0.0092148 1.82026e-05 4.31075e-05 
3.35694e-05 0.0123042 0.0146419 0.0302544 0.00127934 0.118863 0.115897 0.0112704 0.00108204 3.50726e-05 
0.000188927 3.56738e-05 0.00611791 1.69056e-05 0.0106758 0.00402475 0.01939 0.00131093 0.000864911 2.11321e-05 
3.08816e-05 0.00634747 2.11321e-05 3.56977e-05 0.126397 0.0050648 0.000602061 4.07319e-05 0.00076208 9.60135e-05 
0.000267816 0.00358465 0.0144067 0.121933 0.000402502 0.00626003 0.00960035 0.00704957 0.00516939 0.000152239 
0.0557098 0.000285804 0.00124686 0.0102879 0.121253 0.0676414 0.00327476 0.0435504 0.00251443 0.0125638 
0.00651329 0.000737099 0.014701 0.000754333 0.0139385 0.12481 0.121651 0.00103663 0.00243854 0.000140487 
0.0105187 0.00115641 0.0823698 0.059131 0.000539248 0.00591356 0.00385706 0.0332804 0.00211874 0.00587137 
0.0190902 0.0286354 0.0322608 0.0381805 0.0286354 0.0226116 0.0381805 0.0286354 0.0477256 0.0381805 
0.0381805 0.0381805 0.0190902 0.0477256 0.0190902 0.0286354 0.0477256 0.0381805 0.0477256 0.0477256 
0.0286354 0.0190902 0.0286354 0.0381805 0.0381805 0.0477256 0.0477256 0.0381805 0.0477256 0.0477256 
0.0286354 0.0190902 0.0419714 0.0190902 0.0381805 0.0401748 0.0688663 0.0381805 0.0477256 0.0381805 
0.0477256 0.0381805 0.0659437 0.0477256 0.0190902 0.0477256 0.0589318 0.0286354 0.0190902 0.0381805 
0.0286354 0.0190902 0.0286354 0.0477256 0.0245757 0.0477256 0.0190902 0.0381805 0.0381805 0.0190902 
0.0477256 0.0381805 0.0419169 0.0534645 0.0286354 0.0286354 0.0190902 0.061466 0.0190902 0.0286354 
0.0328542 0.0286354 0.0190902 0.0286354 0.0349264 0.022997 0.0190902 0.0225104 0.0286354 0.0190902 
0.0286354 0.0286354 0.0381805 0.0477256 0.0226633 0.0239391 0.0289581 0.0381805 0.0190902 0.0477256 
0.0190902 0.0190902 0.0224085 0.0286354 0.0190902 0.0477256 0.0381805 0.0225607 0.0190902 0.0286354 
0.04 0.04 0.04 0.04 0.03 0.03 0.02 0.03 0.04 0.05 
0.05 0.04 0.03 0.03 0.04 0.04 0.03 0.04 0.05 0.03 
0.04 0.02 0.03 0.05 0.02 0.02 0.04 0.02 0.05 0.03 
0.02 0.04 0.02 0.03 0.03 0.05 0.02 0.03 0.02 0.02 
0.04 0.02 0.04 0.02 0.04 0.04 0.04 0.04 0.03 0.02 
0.02 0.02 0.02 0.05 0.04 0.03 0.04 0.05 0.03 0.02 
0.02 0.03 0.05 0.02 0.05 0.03 0.04 0.05 0.03 0.03 
0.02 0.03 0.05 0.02 0.03 0.04 0.02 0.04 0.02 0.05 
0.03 0.02 0.04 0.03 0.05 0.04 0.04 0.04 0.05 0.05 
0.02 0.03 0.05 0.05 0.03 0.04 0.05 0.05 0.02 0.02 
0.04 0.04 0.03 0.05 0.02 0.02 0.04 0.04 0.04 0.05 
0.05 0.05 0.02 0.03 0.02 0.04 0.04 0.03 0.03 0.05 
0.03 0.04 0.03 0.04 0.05 0.04 0.03 0.02 0.02 0.04 
0.04 0.02 0.05 0.04 0.04 0.05 0.04 0.03 0.03 0.05 
0.04 0.03 0.05 0.04 0.04 0.04 0.04 0.02 0.04 0.05 
0.03 0.04 0.03 0.02 0.03 0.02 0.04 0.03 0.03 0.02 
0.04 0.03 0.04 0.03 0.05 0.02 0.02 0.03 0.04 0.03 
0.03 0.05 0.04 0.03 0.03 0.04 0.04 0.03 0.02 0.02 
0.04 0.05 0.02 0.04 0.03 0.05 0.02 0.04 0.03 0.05 
0.02 0.03 0.02 0.05 0.02 0.05 0.03 0.02 0.05 0.02 
0.03 0.05 0.04 0.05 0.02 0.02 0.05 0.05 0.02 0.03 
0.04 0.04 0.05 0.03 0.02 0.05 0.04 0.04 0.04 0.02 
0.02 0.04 0.04 0.05 0.03 0.02 0.02 0.02 0.04 0.03 
0.04 0.02 0.03 0.03 0.03 0.05 0.02 0.04 0.04 0.05 
0.04 0.03 0.05 0.05 0.04 0.04 0.05 0.02 0.03 0.04 
0.03 0.03 0.05 0.02 0.02 0.03 0.02 0.02 0.03 0.02 
0.03 0.05 0.02 0.05 0.02 0.04 0.04 0.03 0.02 0.04 
0.05 0.03 0.04 0.02 0.02 0.04 0.02 0.03 0.02 0.03 
0.03 0.05 0.02 0.05 0.05 0.02 0.03 0.04 0.04 0.02 
0.03 0.04 0.05 0.03 0.05 0.02 0.05 0.03 0.03 0.04 
0.0481408 0.0385126 0.0315888 0.0192563 0.0288845 0.0385126 0.0385126 0.0481408 0.0385126 0.0288845 
0.0385126 0.0192563 0.0192563 0.0385126 0.0481408 0.0192563 0.0481408 0.0481408 0.0481408 0.0192563 
0.0408275 0.0192563 0.0288845 0.0385126 0.0385126 0.0288845 0.0481408 0.0192563 0.0481408 0.0481408 
0.0288845 0.0288845 0.0288845 0.0288845 0.0481408 0.0471978 0.0422574 0.0288845 0.0192563 0.0288845 
0.0192563 0.0481408 0.0192563 0.0385126 0.0481408 0.0192563 0.0385126 0.0317164 0.0481408 0.0385126 
0.0481408 0.0481408 0.0385126 0.0481408 0.0436184 0.0481408 0.0481408 0.0666456 0.0288845 0.0385126 
0.0192563 0.0385126 0.0385126 0.0324121 0.0481408 0.0288845 0.0221758 0.0481408 0.0385126 0.0385126 
0.0385126 0.0385126 0.0192563 0.0288845 0.0328664 0.0288845 0.0481408 0.0385126 0.0192563 0.0481408 
0.0192563 0.0208998 0.0481408 0.0518262 0.0385126 0.0533037 0.0675529 0.0481408 0.0288845 0.0396612 
0.0192563 0.0192563 0.0481408 0.0481408 0.0407229 0.0385126 0.0192563 0.0288845 0.0288845 0.0481408 
0.03 0.03 0.05 0.04 0.03 0.03 0.04 0.02 0.05 0.03 
0.02 0.02 0.05 0.02 0.05 0.03 0.04 0.04 0.04 0.03 
0.04 0.05 0.04 0.02 0.04 0.05 0.03 0.03 0.04 0.05 
0.04 0.02 0.02 0.05 0.02 0.02 0.02 0.03 0.05 0.05 
0.05 0.05 0.02 0.05 0.04 0.05 0.04 0.02 0.02 0.02 
0.04 0.02 0.04 0.04 0.02 0.05 0.03 0.05 0.02 0.03 
0.02 0.02 0.02 0.05 0.05 0.04 0.04 0.03 0.05 0.05 
0.04 0.05 0.03 0.05 0.05 0.05 0.03 0.02 0.04 0.03 
0.04 0.02 0.04 0.05 0.04 0.04 0.03 0.04 0.03 0.04 
0.02 0.03 0.05 0.03 0.04 0.04 0.03 0.04 0.02 0.04 
0.05 0.04 0.04 0.04 0.03 0.04 0.04 0.03 0.03 0.02 
0.05 0.02 0.02 0.05 0.05 0.03 0.05 0.03 0.02 0.05 
0.02 0.02 0.03 0.04 0.04 0.02 0.02 0.04 0.04 0.04 
0.04 0.03 0.04 0.05 0.05 0.02 0.02 0.02 0.02 0.05 
0.04 0.02 0.05 0.02 0.02 0.05 0.05 0.02 0.05 0.03 
0.04 0.04 0.03 0.03 0.05 0.05 0.04 0.05 0.04 0.04 
0.04 0.05 0.05 0.02 0.04 0.03 0.03 0.04 0.02 0.05 
0.02 0.04 0.04 0.05 0.04 0.04 0.03 0.04 0.03 0.03 
0.03 0.02 0.02 0.03 0.04 0.05 0.02 0.03 0.02 0.03 
0.03 0.03 0.02 0.05 0.05 0.03 0.02 0.04 0.05 0.03 
0.02 0.04 0.03 0.02 0.04 0.05 0.02 0.03 0.04 0.05 
0.03 0.03 0.02 0.04 0.05 0.05 0.03 0.04 0.05 0.02 
0.05 0.02 0.03 0.05 0.04 0.02 0.04 0.05 0.02 0.03 
0.05 0.05 0.05 0.05 0.04 0.03 0.02 0.03 0.04 0.05 
0.05 0.05 0.03 0.02 0.03 0.05 0.02 0.03 0.04 0.03 
0.02 0.04 0.05 0.05 0.05 0.05 0.03 0.02 0.04 0.03 
0.03 0.04 0.02 0.04 0.02 0.05 0.02 0.03 0.02 0.02 
0.03 0.04 0.04 0.04 0.02 0.05 0.04 0.03 0.03 0.02 
0.04 0.04 0.02 0.04 0.02 0.04 0.05 0.04 0.04 0.05 
0.03 0.04 0.02 0.04 0.03 0.04 0.02 0.05 0.03 0.02 
0.05 0.04 0.02 0.03 0.04 0.04 0.04 0.05 0.02 0.03 
0.05 0.03 0.02 0.05 0.05 0.03 0.04 0.02 0.02 0.02 
0.02 0.05 0.02 0.03 0.04 0.02 0.04 0.03 0.03 0.05 
0.04 0.05 0.04 0.02 0.05 0.02 0.05 0.05 0.02 0.02 
0.03 0.03 0.02 0.05 0.05 0.04 0.04 0.05 0.05 0.03 
0.03 0.02 0.04 0.05 0.03 0.03 0.04 0.02 0.05 0.05 
0.03 0.03 0.04 0.03 0.02 0.02 0.03 0.04 0.03 0.05 
0.05 0.03 0.04 0.04 0.02 0.03 0.04 0.04 0.02 0.05 
0.04 0.02 0.02 0.04 0.02 0.02 0.05 0.03 0.02 0.05 
0.02 0.03 0.02 0.02 0.05 0.04 0.04 0.05 0.04 0.04 
0.03 0.02 0.03 0.05 0.03 0.03 0.04 0.04 0.04 0.03 
0.05 0.03 0.05 0.04 0.04 0.03 0.05 0.05 0.02 0.04 
0.05 0.02 0.04 0.03 0.02 0.04 0.03 0.03 0.05 0.04 
0.03 0.03 0.03 0.05 0.04 0.04 0.04 0.04 0.04 0.02 
0.03 0.03 0.02 0.05 0.04 0.03 0.02 0.03 0.04 0.05 
0.05 0.02 0.02 0.02 0.05 0.03 0.05 0.05 0.04 0.05 
0.03 0.03 0.02 0.03 0.03 0.04 0.04 0.05 0.05 0.04 
0.02 0.02 0.05 0.05 0.02 0.05 0.04 0.04 0.03 0.03 
0.04 0.03 0.03 0.03 0.02 0.05 0.05 0.05 0.05 0.02 
0.05 0.02 0.02 0.04 0.02 0.05 0.04 0.03 0.05 0.03 
0.02 0.03 0.05 0.04 0.02 0.03 0.05 0.05 0.04 0.03 
0.02 0.05 0.05 0.04 0.03 0.05 0.04 0.04 0.04 0.02 
0.02 0.04 0.02 0.04 0.05 0.04 0.03 0.05 0.03 0.04 
0.04 0.03 0.04 0.04 0.02 0.05 0.03 0.05 0.02 0.05 
0.05 0.05 0.05 0.05 0.02 0.04 0.04 0.05 0.02 0.04 
0.04 0.02 0.03 0.03 0.02 0.05 0.02 0.02 0.04 0.04 
0.02 0.04 0.02 0.05 0.04 0.03 0.03 0.02 0.03 0.02 
0.02 0.02 0.03 0.05 0.05 0.02 0.05 0.04 0.05 0.02 
0.02 0.02 0.05 0.05 0.03 0.03 0.02 0.03 0.02 0.05 
0.03 0.03 0.05 0.02 0.04 0.04 0.04 0.05 0.02 0.05 
0.05 0.05 0.02 0.03 0.02 0.05 0.03 0.03 0.02 0.02 
0.04 0.04 0.04 0.05 0.02 0.02 0.05 0.02 0.03 0.03 
0.02 0.04 0.02 0.03 0.05 0.02 0.05 0.05 0.03 0.04 
0.04 0.05 0.04 0.02 0.03 0.02 0.05 0.05 0.02 0.02 
0.02 0.02 0.02 0.04 0.04 0.04 0.05 0.03 0.03 0.04 
0.02 0.03 0.03 0.05 0.02 0.03 0.03 0.05 0.03 0.04 
0.03 0.03 0.03 0.05 0.02 0.04 0.02 0.04 0.03 0.03 
0.03 0.05 0.04 0.05 0.04 0.04 0.04 0.02 0.02 0.05 
0.04 0.03 0.02 0.03 0.04 0.02 0.02 0.03 0.05 0.04 
0.04 0.03 0.04 0.03 0.05 0.04 0.04 0.04 0.04 0.05 
0.04 0.04 0.02 0.04 0.02 0.05 0.05 0.04 0.04 0.05 
0.02 0.04 0.04 0.05 0.03 0.05 0.02 0.05 0.02 0.04 
0.03 0.05 0.05 0.02 0.05 0.02 0.03 0.02 0.02 0.04 
0.02 0.04 0.05 0.05 0.04 0.03 0.03 0.05 0.02 0.04 
0.05 0.03 0.04 0.03 0.05 0.02 0.04 0.05 0.03 0.05 
0.03 0.02 0.02 0.03 0.02 0.05 0.04 0.02 0.02 0.05 
0.03 0.05 0.03 0.05 0.03 0.04 0.05 0.03 0.05 0.05 
0.02 0.03 0.02 0.05 0.04 0.05 0.05 0.03 0.03 0.05 
0.03 0.05 0.05 0.04 0.03 0.05 0.02 0.05 0.02 0.04 
0.04 0.04 0.02 0.02 0.04 0.04 0.05 0.04 0.04 0.03 
0.05 0.05 0.04 0.02 0.05 0.05 0.03 0.05 0.03 0.03 
0.02 0.03 0.04 0.03 0.02 0.04 0.05 0.05 0.05 0.05 
0.03 0.04 0.03 0.05 0.03 0.05 0.03 0.04 0.04 0.05 
0.04 0.04 0.05 0.05 0.02 0.02 0.02 0.03 0.04 0.04 
0.04 0.03 0.02 0.03 0.04 0.03 0.04 0.03 0.03 0.02 
0.04 0.02 0.03 0.05 0.05 0.02 0.05 0.04 0.02 0.02 
0.02 0.02 0.03 0.05 0.04 0.05 0.03 0.05 0.03 0.05 
0.05 0.02 0.02 0.03 0.05 0.02 0.05 0.04 0.05 0.02 
0.03 0.05 0.04 0.03 0.05 0.02 0.05 0.03 0.03 0.04 
0.02 0.05 0.04 0.03 0.02 0.04 0.03 0.05 0.05 0.03 
0.0191348 0.047837 0.047837 0.0382696 0.0191348 0.0329899 0.0191348 0.0287022 0.047837 0.047837 
0.047837 0.0287022 0.0382696 0.0191348 0.0382696 0.0382696 0.0287022 0.0382696 0.0191348 0.0287022 
0.047837 0.0671266 0.0191348 0.047837 0.0382696 0.0353137 0.0191348 0.0191348 0.0191348 0.0287022 
0.0382696 0.0305627 0.0406499 0.047837 0.0191348 0.050328 0.0308373 0.0382696 0.0191348 0.047837 
0.0287022 0.0191348 0.0287022 0.0382696 0.0382696 0.0499858 0.0191348 0.047837 0.0191348 0.047837 
0.0191348 0.0287022 0.0382696 0.0382696 0.0403427 0.0311563 0.0287022 0.047837 0.0428222 0.0382696 
0.0382696 0.0287022 0.0191348 0.0313936 0.0382696 0.0474249 0.0287022 0.0191348 0.0382696 0.0382696 
0.0191348 0.0287022 0.0382696 0.0287022 0.0212381 0.0503958 0.0382696 0.0287022 0.0496975 0.047837 
0.047837 0.047837 0.0382696 0.0191348 0.0697011 0.0499402 0.0212079 0.0191348 0.0382696 0.0382696 
0.047837 0.0382696 0.0191348 0.0382696 0.0382696 0.0426878 0.0515667 0.0660975 0.0506116 0.0301302 
0.02 0.03 0.05 0.02 0.02 0.03 0.05 0.05 0.02 0.04 
0.05 0.05 0.05 0.05 0.04 0.05 0.04 0.04 0.04 0.05 
0.05 0.03 0.04 0.05 0.05 0.05 0.04 0.03 0.03 0.02 
0.04 0.05 0.03 0.04 0.03 0.02 0.05 0.03 0.02 0.02 
0.04 0.04 0.04 0.05 0.04 0.04 0.04 0.02 0.05 0.03 
0.05 0.05 0.03 0.02 0.04 0.04 0.05 0.05 0.03 0.03 
0.04 0.05 0.02 0.02 0.02 0.04 0.03 0.03 0.02 0.05 
0.04 0.05 0.02 0.04 0.04 0.04 0.05 0.05 0.03 0.03 
0.03 0.03 0.03 0.05 0.02 0.04 0.02 0.05 0.02 0.04 
0.02 0.03 0.04 0.02 0.03 0.05 0.05 0.05 0.03 0.04 
0.05 0.03 0.05 0.02 0.05 0.02 0.05 0.02 0.03 0.04 
0.02 0.04 0.02 0.02 0.04 0.02 0.02 0.05 0.03 0.03 
0.05 0.02 0.04 0.05 0.02 0.02 0.04 0.03 0.05 0.04 
0.04 0.04 0.04 0.05 0.05 0.05 0.03 0.03 0.04 0.04 
0.04 0.03 0.04 0.05 0.03 0.05 0.02 0.03 0.04 0.05 
0.05 0.03 0.05 0.04 0.04 0.05 0.03 0.05 0.03 0.04 
0.03 0.03 0.04 0.04 0.04 0.02 0.03 0.04 0.03 0.04 
0.02 0.05 0.03 0.04 0.04 0.05 0.05 0.03 0.03 0.03 
0.05 0.02 0.02 0.05 0.02 0.04 0.02 0.03 0.04 0.04 
0.02 0.03 0.03 0.03 0.03 0.03 0.02 0.03 0.05 0.02 
0.03 0.03 0.04 0.04 0.02 0.03 0.05 0.03 0.03 0.05 
0.02 0.04 0.02 0.05 0.05 0.05 0.05 0.03 0.04 0.05 
0.03 0.03 0.04 0.05 0.05 0.02 0.04 0.03 0.03 0.02 
0.03 0.05 0.02 0.04 0.02 0.04 0.05 0.03 0.03 0.04 
0.03 0.02 0.03 0.04 0.05 0.02 0.05 0.05 0.05 0.02 
0.04 0.04 0.05 0.04 0.04 0.04 0.03 0.03 0.05 0.03 
0.04 0.02 0.03 0.03 0.03 0.04 0.05 0.02 0.03 0.02 
0.03 0.02 0.02 0.04 0.04 0.02 0.02 0.02 0.03 0.04 
0.03 0.04 0.04 0.02 0.02 0.04 0.04 0.05 0.04 0.04 
0.05 0.02 0.05 0.05 0.02 0.05 0.04 0.05 0.02 0.03 
0.02 0.03 0.05 0.05 0.02 0.04 0.03 0.03 0.05 0.05 
0.04 0.03 0.02 0.04 0.04 0.04 0.04 0.04 0.03 0.04 
0.04 0.03 0.02 0.03 0.03 0.04 0.02 0.02 0.02 0.04 
0.04 0.02 0.05 0.04 0.02 0.03 0.02 0.05 0.05 0.02 
0.03 0.03 0.02 0.03 0.03 0.05 0.05 0.03 0.05 0.04 
0.03 0.03 0.03 0.03 0.04 0.03 0.04 0.05 0.02 0.02 
0.03 0.05 0.02 0.03 0.04 0.04 0.02 0.03 0.04 0.04 
0.02 0.05 0.03 0.05 0.04 0.05 0.04 0.02 0.02 0.03 
0.05 0.04 0.03 0.02 0.04 0.02 0.02 0.05 0.04 0.04 
0.02 0.03 0.04 0.04 0.05 0.04 0.04 0.03 0.02 0.04 
0.05 0.03 0.03 0.03 0.04 0.05 0.03 0.02 0.05 0.03 
0.03 0.05 0.03 0.02 0.02 0.04 0.03 0.03 0.03 0.02 
0.02 0.04 0.04 0.04 0.02 0.02 0.05 0.03 0.03 0.03 
0.03 0.03 0.03 0.04 0.05 0.05 0.02 0.02 0.05 0.05 
0.05 0.04 0.05 0.02 0.02 0.03 0.04 0.03 0.03 0.05 
0.05 0.05 0.04 0.02 0.04 0.05 0.02 0.02 0.02 0.05 
0.04 0.02 0.03 0.03 0.03 0.04 0.03 0.04 0.02 0.05 
0.03 0.04 0.04 0.04 0.04 0.04 0.04 0.05 0.05 0.03 
0.05 0.04 0.03 0.04 0.05 0.03 0.04 0.02 0.05 0.02 
0.03 0.04 0.05 0.04 0.03 0.05 0.02 0.03 0.04 0.03 
0.04 0.04 0.02 0.02 0.05 0.03 0.04 0.04 0.02 0.03 
0.03 0.03 0.05 0.04 0.04 0.03 0.04 0.03 0.05 0.05 
0.02 0.03 0.02 0.05 0.02 0.04 0.02 0.04 0.05 0.02 
0.03 0.04 0.05 0.02 0.03 0.02 0.03 0.02 0.03 0.05 
0.05 0.02 0.04 0.02 0.04 0.05 0.02 0.02 0.03 0.05 
0.05 0.03 0.04 0.05 0.03 0.03 0.05 0.05 0.05 0.05 
0.03 0.05 0.04 0.02 0.02 0.04 0.02 0.02 0.03 0.02 
0.04 0.04 0.05 0.02 0.04 0.03 0.03 0.02 0.03 0.05 
0.03 0.05 0.02 0.05 0.02 0.05 0.03 0.02 0.04 0.03 
0.03 0.04 0.03 0.05 0.04 0.03 0.04 0.03 0.02 0.03 
0.03 0.05 0.03 0.03 0.03 0.03 0.05 0.04 0.05 0.04 
0.02 0.04 0.03 0.02 0.02 0.02 0.05 0.05 0.02 0.02 
0.02 0.05 0.05 0.05 0.02 0.02 0.03 0.05 0.03 0.04 
0.05 0.04 0.03 0.04 0.05 0.02 0.05 0.04 0.02 0.05 
0.03 0.03 0.03 0.02 0.02 0.03 0.03 0.04 0.02 0.05 
0.02 0.04 0.05 0.05 0.04 0.05 0.05 0.02 0.02 0.02 
0.02 0.05 0.05 0.05 0.02 0.04 0.03 0.05 0.05 0.04 
0.02 0.05 0.04 0.04 0.04 0.04 0.05 0.04 0.04 0.03 
0.05 0.02 0.03 0.04 0.03 0.04 0.05 0.03 0.05 0.05 
0.03 0.03 0.03 0.04 0.05 0.03 0.03 0.04 0.04 0.05 
0.03 0.04 0.05 0.04 0.03 0.04 0.03 0.05 0.05 0.03 
0.03 0.03 0.02 0.04 0.02 0.03 0.04 0.05 0.03 0.03 
0.02 0.03 0.04 0.04 0.03 0.04 0.02 0.04 0.03 0.02 
0.02 0.03 0.05 0.02 0.05 0.03 0.02 0.02 0.05 0.05 
0.02 0.05 0.03 0.03 0.05 0.03 0.02 0.02 0.04 0.02 
0.05 0.02 0.02 0.05 0.03 0.05 0.02 0.02 0.05 0.02 
0.05 0.05 0.02 0.04 0.02 0.04 0.03 0.03 0.02 0.02 
0.05 0.05 0.05 0.02 0.05 0.02 0.04 0.03 0.04 0.05 
0.05 0.02 0.03 0.03 0.04 0.03 0.04 0.03 0.02 0.02 
0.02 0.02 0.05 0.04 0.05 0.04 0.03 0.02 0.03 0.02 
0.03 0.03 0.02 0.03 0.04 0.03 0.05 0.04 0.05 0.02 
0.05 0.04 0.03 0.05 0.02 0.02 0.02 0.03 0.04 0.04 
0.05 0.04 0.04 0.02 0.02 0.02 0.05 0.04 0.04 0.05 
0.04 0.04 0.05 0.02 0.05 0.04 0.04 0.03 0.03 0.04 
0.05 0.02 0.03 0.02 0.03 0.02 0.02 0.05 0.04 0.05 
0.04 0.05 0.05 0.03 0.03 0.03 0.04 0.03 0.02 0.02 
0.03 0.04 0.03 0.04 0.03 0.05 0.05 0.03 0.02 0.02 
0.05 0.05 0.02 0.04 0.02 0.04 0.04 0.02 0.02 0.02 
0.04 0.03 0.04 0.04 0.05 0.04 0.03 0.04 0.04 0.02 
0.03 0.02 0.02 0.05 0.02 0.03 0.04 0.02 0.05 0.05 
0.03 0.03 0.04 0.04 0.02 0.05 0.03 0.04 0.03 0.02 
0.04 0.05 0.05 0.04 0.05 0.03 0.05 0.03 0.05 0.02 
0.04 0.04 0.02 0.02 0.05 0.03 0.02 0.04 0.02 0.05 
0.02 0.05 0.02 0.05 0.03 0.04 0.05 0.02 0.02 0.04 
0.05 0.04 0.02 0.02 0.04 0.02 0.04 0.02 0.02 0.05 
0.05 0.04 0.04 0.02 0.02 0.03 0.03 0.03 0.04 0.02 
0.05 0.05 0.04 0.05 0.02 0.03 0.02 0.03 0.02 0.03 
0.04 0.02 0.05 0.02 0.04 0.04 0.04 0.05 0.04 0.04 
0.02 0.05 0.05 0.03 0.03 0.02 0.03 0.02 0.04 0.03 
0.05 0.05 0.02 0.04 0.04 0.03 0.02 0.02 0.03 0.03 
0.0286811 0.0478018 0.0382414 0.0286811 0.0478018 0.0478018 0.0191207 0.0286811 0.0286811 0.0642822 
0.0478018 0.0382414 0.0191207 0.0286811 0.0286811 0.0191207 0.0382414 0.0286811 0.0286811 0.0286811 
0.0286811 0.0382414 0.0286811 0.0478018 0.0478018 0.0478018 0.0286811 0.0222848 0.0478018 0.0286811 
0.0478018 0.0478018 0.0382414 0.0478018 0.0478018 0.0191207 0.0478018 0.0382414 0.0478018 0.0322074 
0.0478018 0.0382414 0.0286811 0.0609616 0.0382414 0.0382414 0.0478018 0.0599191 0.0382414 0.0478018 
0.0191207 0.0570692 0.0191207 0.0286811 0.0575869 0.0286811 0.0525409 0.0478018 0.0478018 0.0191207 
0.0382414 0.0478018 0.0382414 0.0382414 0.0286811 0.0542501 0.0382414 0.0667776 0.02219 0.0191207 
0.0478018 0.0286811 0.0478018 0.0191207 0.024476 0.0191207 0.0430489 0.0478018 0.0191207 0.0286811 
0.0382414 0.0382414 0.0382414 0.0556854 0.0286811 0.0286811 0.0286811 0.06257 0.0382414 0.0191207 
0.0382414 0.0191207 0.0382414 0.0191207 0.0191207 0.0382414 0.0382414 0.0286811 0.0382414 0.0286811 
0.05 0.05 0.05 0.03 0.05 0.03 0.04 0.02 0.04 0.02 
0.04 0.02 0.02 0.02 0.03 0.02 0.03 0.04 0.02 0.02 
0.05 0.05 0.02 0.02 0.02 0.03 0.05 0.05 0.03 0.05 
0.04 0.02 0.04 0.04 0.05 0.02 0.03 0.05 0.02 0.05 
0.05 0.04 0.04 0.03 0.05 0.03 0.04 0.05 0.02 0.03 
0.02 0.05 0.02 0.03 0.04 0.04 0.03 0.05 0.05 0.04 
0.05 0.04 0.02 0.04 0.05 0.03 0.03 0.05 0.05 0.02 
0.04 0.03 0.04 0.04 0.04 0.03 0.04 0.05 0.05 0.05 
0.03 0.02 0.03 0.04 0.02 0.03 0.02 0.02 0.02 0.02 
0.05 0.05 0.02 0.02 0.02 0.05 0.05 0.05 0.02 0.03 
0.05 0.03 0.03 0.05 0.05 0.02 0.04 0.02 0.04 0.04 
0.04 0.05 0.02 0.04 0.05 0.05 0.02 0.02 0.03 0.04 
0.03 0.02 0.02 0.04 0.05 0.05 0.02 0.05 0.03 0.05 
0.05 0.03 0.05 0.03 0.04 0.02 0.04 0.04 0.04 0.05 
0.04 0.04 0.03 0.02 0.04 0.02 0.03 0.04 0.04 0.05 
0.03 0.02 0.04 0.02 0.03 0.05 0.02 0.04 0.05 0.04 
0.04 0.04 0.03 0.05 0.02 0.05 0.04 0.05 0.05 0.03 
0.04 0.05 0.04 0.04 0.03 0.05 0.05 0.05 0.05 0.04 
0.03 0.03 0.05 0.04 0.04 0.05 0.02 0.05 0.02 0.05 
0.05 0.04 0.05 0.05 0.04 0.02 0.05 0.03 0.05 0.03 
0.03 0.05 0.04 0.04 0.05 0.04 0.04 0.04 0.05 0.04 
0.04 0.05 0.02 0.03 0.02 0.05 0.04 0.05 0.02 0.04 
0.03 0.03 0.03 0.02 0.04 0.05 0.03 0.03 0.04 0.05 
0.03 0.03 0.05 0.02 0.04 0.02 0.02 0.04 0.03 0.04 
0.02 0.05 0.02 0.03 0.05 0.02 0.03 0.05 0.03 0.03 
0.03 0.05 0.04 0.04 0.04 0.04 0.05 0.05 0.02 0.05 
0.04 0.02 0.03 0.04 0.04 0.03 0.04 0.04 0.04 0.02 
0.05 0.02 0.02 0.02 0.02 0.03 0.02 0.05 0.05 0.05 
0.05 0.03 0.03 0.04 0.02 0.05 0.04 0.03 0.02 0.05 
0.05 0.04 0.03 0.05 0.03 0.05 0.02 0.03 0.03 0.03 
0.046587 0.046587 0.0186348 0.0279522 0.0279522 0.0372696 0.0186348 0.0186348 0.0372696 0.0372696 
0.046587 0.0372696 0.0372696 0.0372696 0.0279522 0.0186348 0.0546401 0.0279522 0.046587 0.0186348 
0.0279522 0.0186348 0.0226997 0.0186348 0.0279522 0.043333 0.0279522 0.046587 0.0279522 0.0186348 
0.0372696 0.0279522 0.0279522 0.046587 0.046587 0.046587 0.0279522 0.0611693 0.0372696 0.046587 
0.0279522 0.0279522 0.0279522 0.0501932 0.0372696 0.0186348 0.0186348 0.0525669 0.0186348 0.0372696 
0.046587 0.0372696 0.0186348 0.0279522 0.0563788 0.0279522 0.0451599 0.0372696 0.0582342 0.0279522 
0.0279522 0.0372696 0.0413936 0.0279522 0.0186348 0.0678799 0.0372696 0.0279522 0.0279522 0.0621531 
0.0372696 0.0186348 0.0186348 0.046587 0.049245 0.0372696 0.0666109 0.0186348 0.0372696 0.0186348 
0.0279522 0.046587 0.0372696 0.0547694 0.0372696 0.0372696 0.046587 0.0525669 0.0186348 0.0372696 
0.0279522 0.0279522 0.046587 0.0800848 0.0186348 0.0186348 0.0372696 0.0279522 0.0186348 0.0186348 
0.03 0.03 0.04 0.02 0.05 0.05 0.02 0.05 0.04 0.05 
0.04 0.02 0.02 0.04 0.05 0.02 0.05 0.05 0.05 0.04 
0.04 0.03 0.05 0.05 0.03 0.05 0.02 0.05 0.04 0.04 
0.02 0.03 0.05 0.05 0.03 0.03 0.04 0.05 0.05 0.05 
0.04 0.03 0.02 0.04 0.03 0.04 0.05 0.02 0.05 0.05 
0.05 0.04 0.04 0.04 0.02 0.04 0.03 0.05 0.03 0.04 
0.05 0.03 0.02 0.04 0.03 0.05 0.02 0.04 0.02 0.03 
0.04 0.02 0.03 0.04 0.05 0.05 0.02 0.02 0.05 0.05 
0.04 0.02 0.02 0.02 0.04 0.05 0.03 0.02 0.05 0.04 
0.03 0.05 0.03 0.04 0.03 0.04 0.04 0.02 0.04 0.02 
0.03 0.03 0.05 0.03 0.02 0.05 0.02 0.05 0.04 0.03 
0.03 0.03 0.02 0.03 0.02 0.02 0.03 0.03 0.05 0.03 
0.04 0.03 0.05 0.04 0.03 0.04 0.02 0.05 0.03 0.04 
0.04 0.03 0.03 0.02 0.03 0.03 0.05 0.03 0.02 0.02 
0.05 0.03 0.02 0.03 0.02 0.05 0.02 0.02 0.03 0.05 
0.04 0.05 0.05 0.03 0.04 0.03 0.02 0.03 0.04 0.05 
0.03 0.05 0.05 0.04 0.05 0.05 0.04 0.03 0.04 0.03 
0.03 0.04 0.02 0.03 0.03 0.03 0.02 0.05 0.03 0.05 
0.02 0.04 0.02 0.03 0.02 0.05 0.04 0.05 0.02 0.04 
0.05 0.05 0.03 0.03 0.04 0.04 0.04 0.04 0.03 0.04 
0.03 0.03 0.04 0.05 0.05 0.05 0.02 0.03 0.03 0.04 
0.04 0.02 0.05 0.05 0.05 0.04 0.02 0.02 0.04 0.04 
0.05 0.02 0.03 0.05 0.03 0.04 0.05 0.02 0.02 0.03 
0.04 0.05 0.04 0.02 0.02 0.04 0.03 0.02 0.04 0.05 
0.05 0.04 0.05 0.04 0.02 0.04 0.04 0.03 0.03 0.05 
0.02 0.04 0.02 0.02 0.04 0.04 0.02 0.03 0.03 0.03 
0.03 0.05 0.03 0.04 0.05 0.03 0.02 0.02 0.05 0.03 
0.04 0.03 0.02 0.05 0.05 0.02 0.02 0.04 0.04 0.05 
0.04 0.05 0.02 0.05 0.03 0.02 0.03 0.03 0.05 0.03 
0.03 0.05 0.05 0.03 0.03 0.05 0.03 0.02 0.02 0.02 
0.05 0.05 0.02 0.05 0.02 0.05 0.05 0.03 0.02 0.04 
0.03 0.02 0.02 0.05 0.02 0.04 0.03 0.02 0.02 0.03 
0.05 0.05 0.02 0.03 0.02 0.03 0.03 0.05 0.04 0.02 
0.04 0.03 0.04 0.03 0.02 0.03 0.02 0.03 0.03 0.04 
0.02 0.04 0.05 0.02 0.05 0.03 0.03 0.03 0.03 0.04 
0.03 0.02 0.05 0.04 0.04 0.05 0.05 0.02 0.04 0.04 
0.03 0.04 0.04 0.05 0.02 0.05 0.03 0.05 0.04 0.04 
0.02 0.02 0.02 0.02 0.02 0.03 0.04 0.03 0.02 0.05 
0.02 0.05 0.03 0.05 0.05 0.04 0.03 0.04 0.03 0.04 
0.03 0.02 0.03 0.04 0.03 0.03 0.05 0.02 0.03 0.02 
0.04 0.02 0.04 0.02 0.03 0.05 0.05 0.04 0.05 0.04 
0.05 0.05 0.05 0.04 0.02 0.05 0.05 0.05 0.03 0.03 
0.04 0.02 0.03 0.03 0.04 0.05 0.03 0.02 0.02 0.05 
0.02 0.03 0.04 0.04 0.04 0.02 0.05 0.05 0.04 0.05 
0.04 0.04 0.05 0.02 0.04 0.03 0.05 0.02 0.05 0.03 
0.05 0.02 0.04 0.04 0.04 0.04 0.02 0.03 0.05 0.02 
0.04 0.04 0.05 0.03 0.02 0.03 0.02 0.04 0.04 0.05 
0.02 0.05 0.04 0.03 0.04 0.05 0.02 0.02 0.03 0.02 
0.03 0.03 0.02 0.02 0.05 0.05 0.05 0.03 0.04 0.04 
0.03 0.03 0.03 0.04 0.03 0.04 0.04 0.05 0.05 0.02 
0.03 0.05 0.05 0.05 0.02 0.03 0.04 0.02 0.05 0.05 
0.02 0.03 0.05 0.03 0.05 0.04 0.05 0.05 0.03 0.04 
0.04 0.02 0.05 0.03 0.05 0.05 0.04 0.02 0.05 0.03 
0.02 0.02 0.05 0.04 0.02 0.05 0.02 0.04 0.04 0.02 
0.05 0.03 0.05 0.02 0.05 0.04 0.02 0.04 0.02 0.03 
0.05 0.03 0.04 0.05 0.02 0.03 0.05 0.02 0.04 0.05 
0.03 0.03 0.02 0.04 0.05 0.04 0.02 0.02 0.03 0.05 
0.02 0.05 0.02 0.02 0.02 0.03 0.05 0.03 0.04 0.04 
0.04 0.05 0.02 0.03 0.05 0.05 0.02 0.02 0.03 0.04 
0.03 0.05 0.04 0.03 0.05 0.03 0.03 0.04 0.03 0.02 
0.02 0.02 0.05 0.03 0.03 0.03 0.03 0.03 0.02 0.05 
0.03 0.02 0.05 0.02 0.05 0.05 0.02 0.05 0.05 0.04 
0.03 0.04 0.04 0.03 0.05 0.03 0.04 0.03 0.02 0.05 
0.02 0.03 0.04 0.03 0.02 0.03 0.02 0.04 0.02 0.04 
0.05 0.04 0.05 0.02 0.03 0.02 0.05 0.03 0.03 0.04 
0.05 0.02 0.04 0.03 0.04 0.04 0.03 0.05 0.04 0.02 
0.03 0.04 0.04 0.04 0.05 0.03 0.05 0.03 0.03 0.03 
0.04 0.05 0.03 0.05 0.02 0.02 0.05 0.03 0.04 0.02 
0.05 0.05 0.05 0.04 0.04 0.02 0.04 0.02 0.04 0.02 
0.03 0.03 0.02 0.05 0.05 0.02 0.02 0.05 0.03 0.05 
0.03 0.04 0.02 0.05 0.04 0.04 0.03 0.02 0.02 0.04 
0.04 0.05 0.02 0.03 0.05 0.02 0.05 0.02 0.04 0.02 
0.05 0.02 0.05 0.05 0.02 0.05 0.03 0.04 0.04 0.04 
0.05 0.05 0.03 0.03 0.03 0.02 0.05 0.02 0.04 0.04 
0.02 0.04 0.04 0.02 0.05 0.03 0.05 0.02 0.04 0.05 
0.03 0.04 0.05 0.05 0.03 0.03 0.04 0.02 0.04 0.04 
0.03 0.03 0.04 0.03 0.04 0.04 0.03 0.02 0.04 0.04 
0.02 0.04 0.02 0.02 0.02 0.04 0.03 0.04 0.04 0.04 
0.04 0.03 0.02 0.03 0.03 0.05 0.05 0.04 0.04 0.05 
0.04 0.04 0.03 0.03 0.02 0.02 0.04 0.03 0.04 0.03 
0.03 0.03 0.02 0.05 0.04 0.02 0.04 0.03 0.03 0.04 
0.04 0.04 0.05 0.05 0.04 0.03 0.03 0.03 0.03 0.04 
0.03 0.03 0.02 0.03 0.03 0.02 0.03 0.05 0.02 0.04 
0.05 0.05 0.05 0.03 0.04 0.02 0.02 0.05 0.02 0.05 
0.05 0.02 0.03 0.02 0.02 0.03 0.03 0.02 0.04 0.04 
0.05 0.05 0.03 0.04 0.02 0.02 0.02 0.02 0.02 0.03 
0.05 0.05 0.02 0.02 0.05 0.03 0.02 0.03 0.03 0.02 
0.03 0.04 0.05 0.04 0.02 0.02 0.03 0.04 0.05 0.05 
0.02 0.04 0.02 0.05 0.02 0.03 0.05 0.04 0.05 0.04 
0.05 0.03 0.04 0.05 0.03 0.05 0.03 0.03 0.04 0.02 
0.05 0.04 0.05 0.05 0.05 0.05 0.05 0.02 0.02 0.02 
0.02 0.03 0.05 0.05 0.04 0.03 0.04 0.05 0.05 0.04 
0.03 0.04 0.05 0.04 0.03 0.03 0.02 0.04 0.04 0.04 
0.04 0.02 0.03 0.03 0.02 0.03 0.05 0.03 0.03 0.04 
0.02 0.05 0.05 0.05 0.03 0.04 0.04 0.02 0.02 0.05 
0.02 0.02 0.02 0.02 0.05 0.05 0.05 0.05 0.04 0.05 
0.04 0.05 0.03 0.05 0.05 0.04 0.02 0.05 0.04 0.02 
0.03 0.02 0.05 0.04 0.02 0.03 0.04 0.05 0.04 0.05 
0.03 0.05 0.02 0.03 0.04 0.02 0.03 0.03 0.04 0.05 
0.03 0.04 0.02 0.05 0.05 0.04 0.04 0.04 0.02 0.03 
0.05 0.05 0.03 0.04 0.05 0.05 0.05 0.04 0.04 0.05 
0.03 0.03 0.05 0.05 0.03 0.03 0.04 0.05 0.04 0.05 
0.04 0.02 0.03 0.03 0.02 0.03 0.04 0.05 0.03 0.02 
0.02 0.02 0.04 0.02 0.02 0.04 0.03 0.04 0.02 0.05 
0.04 0.05 0.04 0.02 0.03 0.04 0.05 0.04 0.02 0.04 
0.03 0.04 0.02 0.05 0.02 0.05 0.04 0.05 0.02 0.04 
0.04 0.05 0.05 0.04 0.05 0.03 0.02 0.05 0.04 0.02 
0.02 0.04 0.02 0.02 0.02 0.03 0.02 0.02 0.05 0.05 
0.02 0.05 0.04 0.04 0.04 0.04 0.04 0.03 0.04 0.02 
0.03 0.05 0.03 0.05 0.03 0.05 0.02 0.05 0.04 0.05 
0.03 0.05 0.05 0.03 0.05 0.03 0.04 0.02 0.05 0.02 
0.04 0.03 0.04 0.04 0.02 0.02 0.05 0.05 0.05 0.04 
0.04 0.05 0.02 0.05 0.03 0.04 0.04 0.04 0.03 0.02 
0.04 0.03 0.03 0.05 0.04 0.05 0.03 0.04 0.02 0.04 
0.04 0.05 0.02 0.05 0.03 0.05 0.05 0.05 0.04 0.02 
0.04 0.05 0.04 0.05 0.02 0.05 0.02 0.03 0.04 0.05 
0.05 0.03 0.02 0.05 0.03 0.04 0.03 0.03 0.05 0.02 
0.03 0.04 0.02 0.03 0.05 0.03 0.03 0.02 0.05 0.05 
0.02 0.04 0.05 0.04 0.03 0.04 0.02 0.05 0.05 0.03 
0.02 0.04 0.03 0.05 0.05 0.03 0.02 0.03 0.05 0.02 
0.04 0.04 0.05 0.02 0.02 0.05 0.02 0.04 0.02 0.03 
0.04 0.05 0.03 0.04 0.05 0.03 0.03 0.05 0.03 0.05 
0.03 0.02 0.05 0.05 0.02 0.03 0.05 0.03 0.05 0.02 
0.03 0.02 0.05 0.03 0.03 0.03 0.04 0.02 0.03 0.04 
0.03 0.05 0.05 0.04 0.05 0.02 0.03 0.03 0.04 0.04 
0.02 0.04 0.03 0.05 0.02 0.02 0.02 0.04 0.05 0.04 
0.02 0.03 0.04 0.04 0.02 0.02 0.02 0.03 0.05 0.04 
0.05 0.02 0.03 0.03 0.04 0.05 0.02 0.05 0.04 0.04 
0.05 0.02 0.02 0.04 0.02 0.02 0.04 0.04 0.03 0.04 
0.05 0.05 0.04 0.02 0.04 0.03 0.02 0.02 0.04 0.02 
0.03 0.03 0.03 0.02 0.05 0.05 0.04 0.02 0.02 0.04 
0.04 0.05 0.03 0.04 0.04 0.02 0.04 0.04 0.04 0.03 
0.02 0.05 0.03 0.03 0.05 0.04 0.02 0.05 0.03 0.05 
0.02 0.04 0.04 0.05 0.04 0.02 0.05 0.03 0.02 0.03 
0.03 0.02 0.02 0.03 0.02 0.04 0.03 0.03 0.03 0.03 
0.04 0.05 0.02 0.03 0.03 0.04 0.02 0.02 0.02 0.03 
0.02 0.04 0.02 0.03 0.02 0.05 0.05 0.02 0.03 0.02 
0.03 0.05 0.02 0.05 0.04 0.03 0.05 0.03 0.02 0.04 
0.03 0.04 0.03 0.02 0.05 0.04 0.05 0.03 0.04 0.04 
0.02 0.03 0.04 0.05 0.05 0.03 0.02 0.03 0.02 0.02 
0.02 0.04 0.04 0.04 0.04 0.03 0.05 0.05 0.02 0.03 
0.04 0.05 0.02 0.05 0.02 0.04 0.05 0.04 0.04 0.03 
0.05 0.04 0.04 0.04 0.04 0.04 0.05 0.02 0.05 0.02 
0.02 0.05 0.02 0.04 0.04 0.05 0.04 0.05 0.05 0.02 
0.02 0.02 0.02 0.02 0.05 0.02 0.03 0.02 0.02 0.03 
0.02 0.02 0.05 0.05 0.05 0.05 0.02 0.05 0.04 0.05 
0.02 0.03 0.03 0.04 0.05 0.03 0.05 0.02 0.02 0.02 
0.03 0.04 0.02 0.04 0.04 0.03 0.02 0.04 0.04 0.02 
0.04 0.03 0.04 0.02 0.02 0.04 0.05 0.02 0.02 0.05 
0.02 0.03 0.05 0.02 0.05 0.05 0.03 0.02 0.04 0.03 
0.05 0.03 0.04 0.04 0.02 0.02 0.02 0.05 0.05 0.02 
0.04 0.03 0.05 0.05 0.03 0.02 0.04 0.03 0.03 0.03 
0.02 0.05 0.05 0.04 0.05 0.04 0.05 0.03 0.05 0.03 
0.05 0.03 0.03 0.02 0.04 0.02 0.05 0.04 0.03 0.03 
0.04 0.05 0.02 0.02 0.03 0.04 0.03 0.02 0.04 0.03 
0.02 0.05 0.05 0.03 0.04 0.03 0.03 0.03 0.04 0.02 
0.04 0.04 0.04 0.02 0.04 0.04 0.03 0.04 0.03 0.02 
0.05 0.03 0.02 0.04 0.04 0.03 0.04 0.03 0.03 0.04 
0.04 0.05 0.05 0.04 0.05 0.05 0.04 0.04 0.05 0.02 
0.04 0.03 0.05 0.04 0.02 0.05 0.02 0.05 0.03 0.04 
0.03 0.04 0.02 0.03 0.02 0.02 0.03 0.05 0.03 0.03 
0.03 0.04 0.02 0.04 0.02 0.05 0.02 0.02 0.03 0.02 
0.05 0.02 0.05 0.02 0.05 0.03 0.04 0.02 0.05 0.05 
0.05 0.03 0.05 0.03 0.05 0.02 0.04 0.05 0.02 0.03 
0.05 0.05 0.05 0.02 0.05 0.03 0.05 0.03 0.02 0.04 
0.03 0.04 0.04 0.03 0.05 0.03 0.05 0.05 0.03 0.05 
0.04 0.03 0.02 0.03 0.03 0.03 0.02 0.03 0.03 0.05 
0.05 0.05 0.03 0.04 0.03 0.05 0.04 0.03 0.03 0.05 
0.04 0.02 0.04 0.02 0.05 0.02 0.05 0.02 0.05 0.02 
0.02 0.04 0.02 0.02 0.02 0.03 0.05 0.02 0.03 0.05 
0.02 0.05 0.03 0.04 0.03 0.03 0.04 0.05 0.04 0.05 
0.04 0.03 0.03 0.02 0.04 0.04 0.05 0.04 0.05 0.04 
0.04 0.04 0.02 0.03 0.05 0.04 0.03 0.04 0.04 0.04 
0.05 0.03 0.04 0.04 0.03 0.04 0.05 0.02 0.03 0.05 
0.04 0.03 0.05 0.05 0.02 0.02 0.03 0.04 0.04 0.02 
0.02 0.03 0.05 0.03 0.03 0.04 0.03 0.04 0.05 0.03 
0.03 0.04 0.02 0.02 0.03 0.03 0.02 0.04 0.04 0.04 
0.03 0.03 0.03 0.03 0.02 0.02 0.05 0.05 0.05 0.03 
0.03 0.04 0.04 0.05 0.02 0.02 0.05 0.03 0.04 0.03 
0.03 0.04 0.02 0.04 0.02 0.02 0.03 0.04 0.03 0.03 
0.02 0.04 0.03 0.02 0.03 0.03 0.02 0.02 0.03 0.05 
0.04 0.05 0.05 0.04 0.03 0.05 0.03 0.04 0.02 0.02 
0.03 0.02 0.03 0.03 0.04 0.05 0.03 0.05 0.02 0.03 
0.02 0.02 0.04 0.04 0.04 0.04 0.04 0.02 0.04 0.02 
0.05 0.02 0.03 0.04 0.02 0.05 0.03 0.05 0.03 0.04 
0.05 0.03 0.04 0.05 0.02 0.02 0.04 0.05 0.03 0.04 
0.02 0.04 0.05 0.03 0.02 0.03 0.02 0.04 0.04 0.02 
0.03 0.03 0.02 0.02 0.02 0.03 0.04 0.03 0.04 0.02 
0.05 0.03 0.03 0.04 0.05 0.03 0.02 0.04 0.03 0.04 
0.03 0.04 0.04 0.03 0.02 0.04 0.04 0.04 0.04 0.05 
0.03 0.05 0.02 0.02 0.02 0.05 0.04 0.02 0.02 0.02 
0.05 0.02 0.02 0.02 0.05 0.03 0.04 0.05 0.04 0.04 
0.04 0.03 0.05 0.04 0.02 0.02 0.04 0.02 0.05 0.03 
0.03 0.03 0.04 0.05 0.02 0.03 0.04 0.04 0.05 0.03 
0.02 0.02 0.05 0.03 0.02 0.02 0.05 0.04 0.05 0.02 
0.04 0.05 0.05 0.05 0.04 0.04 0.04 0.05 0.03 0.05 
0.05 0.02 0.02 0.04 0.05 0.02 0.02 0.04 0.05 0.04 
0.05 0.04 0.04 0.03 0.05 0.04 0.02 0.03 0.04 0.02 
0.03 0.04 0.05 0.02 0.04 0.02 0.02 0.05 0.03 0.04 
0.02 0.02 0.04 0.04 0.02 0.05 0.03 0.04 0.04 0.03 
0.05 0.02 0.05 0.05 0.05 0.03 0.05 0.05 0.03 0.02 
0.05 0.02 0.04 0.02 0.04 0.02 0.03 0.05 0.02 0.05 
0.05 0.02 0.05 0.02 0.05 0.04 0.02 0.05 0.02 0.05 
0.02 0.05 0.02 0.02 0.02 0.03 0.02 0.02 0.02 0.04 
0.04 0.02 0.04 0.02 0.02 0.03 0.02 0.05 0.05 0.02 
0.05 0.02 0.03 0.03 0.05 0.04 0.03 0.04 0.05 0.03 
0.05 0.05 0.03 0.03 0.05 0.05 0.03 0.02 0.04 0.03 
0.04 0.05 0.05 0.05 0.05 0.05 0.04 0.05 0.04 0.04 
0.02 0.02 0.02 0.04 0.02 0.03 0.03 0.03 0.04 0.04 
0.04 0.03 0.05 0.02 0.04 0.02 0.04 0.05 0.05 0.04 
0.04 0.02 0.03 0.02 0.02 0.04 0.04 0.05 0.03 0.02 
0.05 0.02 0.05 0.02 0.05 0.02 0.02 0.05 0.05 0.05 
0.04 0.03 0.03 0.02 0.05 0.03 0.04 0.03 0.05 0.03 
0.04 0.05 0.03 0.04 0.05 0.05 0.02 0.02 0.05 0.05 
0.04 0.02 0.05 0.04 0.05 0.04 0.03 0.05 0.04 0.03 
0.04 0.04 0.02 0.04 0.03 0.03 0.03 0.04 0.02 0.03 
0.04 0.03 0.04 0.04 0.02 0.05 0.02 0.05 0.05 0.02 
0.05 0.05 0.02 0.03 0.04 0.04 0.05 0.03 0.02 0.05 
0.02 0.03 0.03 0.03 0.02 0.03 0.03 0.04 0.05 0.02 
0.05 0.02 0.05 0.02 0.05 0.02 0.02 0.02 0.04 0.02 
0.04 0.05 0.03 0.04 0.03 0.02 0.04 0.04 0.05 0.04 
0.05 0.04 0.04 0.03 0.05 0.03 0.04 0.04 0.04 0.05 
0.04 0.02 0.04 0.03 0.02 0.02 0.05 0.05 0.02 0.05 
0.03 0.05 0.05 0.03 0.05 0.04 0.04 0.02 0.05 0.03 
0.03 0.03 0.02 0.03 0.02 0.03 0.02 0.02 0.02 0.02 
0.04 0.04 0.05 0.04 0.02 0.03 0.03 0.05 0.03 0.02 
0.05 0.05 0.05 0.04 0.05 0.04 0.03 0.03 0.04 0.02 
0.05 0.03 0.02 0.02 0.03 0.02 0.05 0.05 0.02 0.03 
0.03 0.04 0.03 0.05 0.05 0.04 0.05 0.02 0.03 0.04 
0.03 0.03 0.02 0.02 0.05 0.02 0.04 0.02 0.02 0.02 
0.02 0.05 0.04 0.03 0.02 0.05 0.03 0.04 0.02 0.03 
0.03 0.04 0.04 0.04 0.04 0.03 0.05 0.05 0.03 0.02 
0.05 0.03 0.03 0.04 0.03 0.03 0.03 0.03 0.03 0.02 
0.02 0.02 0.05 0.02 0.05 0.04 0.02 0.03 0.05 0.04 
0.04 0.05 0.05 0.03 0.02 0.04 0.02 0.05 0.03 0.02 
0.04 0.03 0.04 0.02 0.03 0.03 0.03 0.05 0.04 0.03 
0.04 0.04 0.04 0.05 0.05 0.03 0.04 0.03 0.04 0.03 
0.04 0.05 0.05 0.05 0.04 0.05 0.02 0.02 0.02 0.03 
0.02 0.02 0.03 0.05 0.04 0.05 0.05 0.05 0.04 0.04 
0.04 0.03 0.04 0.04 0.03 0.04 0.05 0.05 0.03 0.04 
0.05 0.04 0.03 0.03 0.04 0.05 0.03 0.03 0.02 0.02 
0.04 0.04 0.02 0.05 0.05 0.02 0.02 0.02 0.04 0.04 
0.03 0.02 0.05 0.03 0.05 0.03 0.03 0.05 0.04 0.02 
0.02 0.03 0.02 0.05 0.04 0.03 0.04 0.03 0.02 0.03 
0.04 0.02 0.02 0.04 0.02 0.04 0.03 0.05 0.02 0.03 
0.02 0.03 0.02 0.02 0.04 0.04 0.05 0.05 0.02 0.03 
0.05 0.05 0.05 0.02 0.04 0.05 0.02 0.02 0.05 0.03 
0.04 0.04 0.02 0.05 0.04 0.03 0.04 0.03 0.02 0.02 
0.05 0.04 0.05 0.05 0.05 0.05 0.05 0.02 0.03 0.02 
0.02 0.02 0.05 0.05 0.05 0.03 0.04 0.02 0.03 0.05 
0.05 0.02 0.05 0.02 0.03 0.05 0.05 0.02 0.02 0.05 
0.03 0.04 0.03 0.05 0.04 0.05 0.03 0.05 0.03 0.05 
0.03 0.04 0.04 0.04 0.05 0.03 0.05 0.04 0.02 0.04 
0.03 0.05 0.02 0.02 0.02 0.02 0.03 0.03 0.05 0.05 
0.02 0.05 0.02 0.03 0.04 0.03 0.04 0.02 0.02 0.05 
0.03 0.02 0.03 0.04 0.02 0.05 0.04 0.02 0.05 0.02 
0.04 0.04 0.04 0.03 0.05 0.02 0.04 0.04 0.04 0.04 
0.03 0.03 0.05 0.02 0.02 0.04 0.03 0.05 0.04 0.02 
0.03 0.03 0.02 0.02 0.02 0.04 0.02 0.03 0.05 0.05 
0.02 0.02 0.02 0.04 0.04 0.03 0.05 0.03 0.03 0.04 
0.03 0.04 0.03 0.05 0.05 0.04 0.03 0.02 0.04 0.02 
0.02 0.02 0.05 0.05 0.05 0.04 0.03 0.02 0.04 0.03 
0.03 0.05 0.04 0.03 0.02 0.02 0.04 0.03 0.02 0.03 
0.02 0.05 0.03 0.05 0.05 0.04 0.02 0.05 0.04 0.05 
0.03 0.03 0.02 0.05 0.04 0.02 0.05 0.04 0.05 0.02 
0.04 0.05 0.04 0.04 0.02 0.05 0.03 0.04 0.03 0.03 
0.02 0.03 0.02 0.04 0.03 0.03 0.02 0.03 0.05 0.03 
0.03 0.02 0.04 0.05 0.04 0.05 0.04 0.05 0.03 0.04 
0.04 0.04 0.05 0.04 0.05 0.02 0.02 0.04 0.02 0.04 
0.02 0.03 0.03 0.04 0.04 0.02 0.04 0.03 0.05 0.05 
0.04 0.03 0.02 0.05 0.04 0.02 0.05 0.03 0.04 0.03 
0.03 0.05 0.02 0.02 0.02 0.02 0.03 0.04 0.04 0.04 
0.02 0.05 0.05 0.03 0.02 0.05 0.02 0.04 0.05 0.05 
0.04 0.03 0.04 0.03 0.03 0.04 0.05 0.02 0.03 0.02 
0.03 0.05 0.04 0.05 0.05 0.05 0.05 0.04 0.03 0.04 
0.02 0.03 0.02 0.03 0.02 0.02 0.02 0.04 0.05 0.05 
0.04 0.04 0.02 0.04 0.03 0.02 0.03 0.05 0.04 0.03 
0.02 0.02 0.04 0.03 0.03 0.04 0.02 0.02 0.05 0.05 
0.02 0.05 0.03 0.03 0.02 0.02 0.05 0.02 0.03 0.02 
0.05 0.05 0.02 0.05 0.05 0.02 0.03 0.05 0.04 0.03 
0.0377159 0.0377159 0.0282869 0.0471448 0.0188579 0.0471448 0.0377159 0.0188579 0.0377159 0.0282869 
0.0471448 0.0282869 0.0282869 0.0282869 0.0282869 0.0377159 0.0282869 0.0471448 0.0471448 0.0282869 
0.0377159 0.0471448 0.0471448 0.0207202 0.0377159 0.0188579 0.0471448 0.0282869 0.0282869 0.0377159 
0.0188579 0.0188579 0.0471448 0.0282869 0.0377159 0.0352356 0.0666072 0.0678654 0.0377159 0.0377159 
0.0471448 0.0282869 0.0377159 0.0282869 0.0188579 0.0282869 0.0188579 0.0471448 0.0377159 0.0377159 
0.0377159 0.0282869 0.0188579 0.0471448 0.0411578 0.0377159 0.0471448 0.0377159 0.0377159 0.0377159 
0.0188579 0.0188579 0.0471448 0.0383886 0.0188579 0.0471448 0.0375134 0.0282869 0.0282869 0.0471448 
0.0471448 0.0282869 0.0282869 0.0534161 0.0489521 0.0377159 0.0188579 0.0377159 0.0282869 0.0377159 
0.0377159 0.0471448 0.0471448 0.0377159 0.0377159 0.047624 0.047134 0.0188579 0.0188579 0.0377159 
0.0471448 0.0377159 0.0471448 0.030791 0.0188579 0.0282869 0.0556121 0.0377159 0.0188579 0.0471448 
0.04 0.03 0.05 0.03 0.04 0.02 0.05 0.04 0.03 0.05 
0.05 0.05 0.05 0.03 0.05 0.03 0.02 0.05 0.04 0.05 
0.04 0.03 0.02 0.03 0.04 0.05 0.02 0.04 0.04 0.03 
0.03 0.02 0.02 0.05 0.03 0.05 0.02 0.04 0.05 0.03 
0.03 0.02 0.03 0.03 0.03 0.02 0.02 0.03 0.02 0.03 
0.02 0.04 0.02 0.02 0.04 0.03 0.02 0.03 0.03 0.02 
0.05 0.04 0.03 0.02 0.05 0.04 0.04 0.05 0.03 0.03 
0.02 0.03 0.04 0.05 0.04 0.03 0.04 0.04 0.02 0.03 
0.03 0.05 0.03 0.02 0.02 0.05 0.04 0.05 0.02 0.03 
0.05 0.02 0.04 0.04 0.05 0.05 0.04 0.04 0.02 0.02 
0.03 0.02 0.02 0.02 0.05 0.04 0.05 0.03 0.03 0.05 
0.02 0.03 0.04 0.04 0.03 0.02 0.02 0.02 0.03 0.05 
0.03 0.05 0.02 0.03 0.03 0.03 0.03 0.03 0.03 0.05 
0.02 0.04 0.05 0.02 0.03 0.03 0.02 0.05 0.05 0.05 
0.05 0.02 0.02 0.03 0.03 0.05 0.02 0.04 0.03 0.03 
0.02 0.05 0.02 0.04 0.02 0.03 0.04 0.02 0.05 0.02 
0.05 0.02 0.04 0.02 0.04 0.02 0.05 0.02 0.02 0.02 
0.04 0.02 0.04 0.02 0.04 0.02 0.05 0.03 0.04 0.05 
0.03 0.04 0.05 0.02 0.04 0.04 0.04 0.05 0.03 0.04 
0.02 0.03 0.05 0.03 0.02 0.03 0.02 0.02 0.04 0.03 
0.05 0.05 0.05 0.05 0.02 0.04 0.04 0.05 0.03 0.02 
0.03 0.04 0.03 0.05 0.03 0.04 0.02 0.04 0.04 0.05 
0.02 0.02 0.04 0.05 0.05 0.02 0.05 0.02 0.05 0.02 
0.02 0.03 0.04 0.03 0.02 0.04 0.03 0.05 0.03 0.03 
0.03 0.04 0.04 0.05 0.03 0.02 0.05 0.05 0.03 0.03 
0.04 0.05 0.04 0.03 0.04 0.03 0.02 0.03 0.05 0.02 
0.02 0.03 0.05 0.04 0.03 0.04 0.02 0.05 0.03 0.02 
0.04 0.03 0.05 0.03 0.03 0.03 0.02 0.04 0.03 0.03 
0.02 0.05 0.02 0.05 0.03 0.02 0.04 0.02 0.05 0.03 
0.02 0.03 0.02 0.05 0.03 0.02 0.02 0.04 0.04 0.05 
0.05 0.04 0.04 0.04 0.04 0.05 0.05 0.03 0.02 0.02 
0.02 0.02 0.05 0.04 0.05 0.04 0.03 0.02 0.03 0.02 
0.03 0.04 0.05 0.02 0.05 0.04 0.02 0.04 0.02 0.05 
0.05 0.03 0.03 0.02 0.04 0.02 0.02 0.05 0.05 0.04 
0.03 0.03 0.03 0.04 0.03 0.02 0.03 0.04 0.04 0.02 
0.04 0.03 0.02 0.03 0.03 0.04 0.02 0.04 0.05 0.02 
0.02 0.03 0.03 0.04 0.05 0.03 0.02 0.02 0.05 0.04 
0.03 0.05 0.04 0.03 0.02 0.04 0.04 0.03 0.03 0.02 
0.03 0.03 0.03 0.03 0.02 0.04 0.02 0.04 0.03 0.02 
0.05 0.05 0.02 0.05 0.03 0.03 0.03 0.02 0.04 0.04 
0.05 0.03 0.04 0.05 0.04 0.04 0.05 0.05 0.04 0.03 
0.05 0.04 0.03 0.03 0.02 0.04 0.02 0.02 0.05 0.03 
0.03 0.02 0.03 0.02 0.05 0.05 0.03 0.03 0.03 0.03 
0.05 0.03 0.03 0.02 0.03 0.05 0.04 0.02 0.03 0.04 
0.04 0.04 0.05 0.05 0.03 0.03 0.04 0.05 0.04 0.02 
0.02 0.03 0.02 0.04 0.04 0.05 0.04 0.03 0.02 0.04 
0.02 0.05 0.05 0.04 0.03 0.03 0.05 0.03 0.05 0.03 
0.02 0.04 0.04 0.05 0.03 0.02 0.05 0.05 0.02 0.05 
0.05 0.04 0.02 0.05 0.05 0.05 0.02 0.02 0.03 0.05 
0.03 0.02 0.04 0.05 0.03 0.02 0.03 0.03 0.04 0.04 
0.04 0.04 0.05 0.05 0.02 0.04 0.03 0.02 0.03 0.04 
0.04 0.04 0.03 0.05 0.03 0.02 0.03 0.04 0.05 0.02 
0.05 0.02 0.04 0.02 0.02 0.03 0.03 0.02 0.03 0.02 
0.04 0.05 0.03 0.04 0.02 0.05 0.03 0.02 0.04 0.02 
0.03 0.03 0.03 0.02 0.02 0.03 0.02 0.02 0.04 0.05 
0.05 0.05 0.03 0.02 0.02 0.02 0.02 0.04 0.03 0.05 
0.03 0.02 0.03 0.03 0.03 0.04 0.03 0.05 0.05 0.04 
0.04 0.03 0.05 0.03 0.03 0.04 0.05 0.05 0.03 0.03 
0.03 0.04 0.03 0.04 0.02 0.05 0.05 0.04 0.02 0.05 
0.03 0.03 0.03 0.03 0.05 0.03 0.05 0.05 0.05 0.05 
0.04 0.05 0.02 0.05 0.05 0.05 0.04 0.05 0.05 0.04 
0.05 0.05 0.05 0.02 0.02 0.03 0.03 0.05 0.05 0.03 
0.05 0.04 0.02 0.03 0.03 0.03 0.03 0.04 0.02 0.05 
0.02 0.05 0.02 0.04 0.03 0.02 0.05 0.04 0.03 0.03 
0.05 0.05 0.02 0.04 0.02 0.03 0.02 0.04 0.03 0.04 
0.04 0.03 0.04 0.05 0.05 0.02 0.02 0.05 0.05 0.02 
0.05 0.05 0.02 0.05 0.05 0.04 0.02 0.04 0.03 0.04 
0.03 0.04 0.03 0.04 0.04 0.04 0.05 0.03 0.04 0.03 
0.04 0.05 0.03 0.03 0.02 0.04 0.05 0.05 0.05 0.04 
0.02 0.02 0.03 0.03 0.05 0.05 0.05 0.05 0.03 0.05 
0.02 0.02 0.03 0.04 0.04 0.05 0.04 0.05 0.03 0.03 
0.05 0.05 0.02 0.04 0.05 0.03 0.05 0.05 0.03 0.05 
0.05 0.02 0.02 0.04 0.04 0.05 0.05 0.03 0.03 0.04 
0.05 0.04 0.03 0.04 0.03 0.04 0.04 0.04 0.02 0.04 
0.04 0.05 0.05 0.05 0.03 0.05 0.05 0.04 0.04 0.03 
0.05 0.05 0.04 0.04 0.04 0.02 0.03 0.03 0.04 0.03 
0.04 0.02 0.05 0.02 0.02 0.05 0.02 0.03 0.02 0.03 
0.03 0.03 0.05 0.05 0.04 0.04 0.04 0.02 0.05 0.03 
0.03 0.03 0.02 0.03 0.04 0.04 0.02 0.02 0.04 0.04 
0.05 0.05 0.02 0.02 0.03 0.03 0.05 0.05 0.05 0.04 
0.04 0.04 0.05 0.02 0.03 0.05 0.04 0.03 0.03 0.03 
0.05 0.04 0.02 0.05 0.02 0.05 0.03 0.03 0.04 0.04 
0.03 0.04 0.02 0.03 0.05 0.04 0.05 0.03 0.03 0.05 
0.05 0.02 0.05 0.05 0.02 0.02 0.04 0.04 0.05 0.04 
0.03 0.05 0.02 0.02 0.04 0.03 0.02 0.03 0.05 0.03 
0.04 0.05 0.05 0.03 0.04 0.04 0.03 0.03 0.02 0.05 
0.05 0.04 0.02 0.05 0.02 0.05 0.02 0.02 0.02 0.02 
0.02 0.02 0.02 0.02 0.03 0.04 0.04 0.03 0.05 0.03 
0.02 0.03 0.02 0.02 0.04 0.05 0.03 0.04 0.04 0.05 
0.04 0.04 0.03 0.03 0.04 0.03 0.05 0.04 0.03 0.04 
0.05 0.03 0.02 0.04 0.04 0.03 0.02 0.05 0.05 0.02 
0.03 0.05 0.05 0.03 0.05 0.04 0.02 0.05 0.03 0.03 
0.04 0.04 0.05 0.03 0.03 0.02 0.04 0.02 0.04 0.03 
0.05 0.04 0.03 0.05 0.04 0.02 0.05 0.04 0.05 0.02 
0.05 0.03 0.04 0.05 0.05 0.04 0.05 0.05 0.05 0.03 
0.05 0.05 0.04 0.04 0.03 0.04 0.05 0.02 0.03 0.04 
0.02 0.02 0.05 0.02 0.03 0.03 0.03 0.04 0.05 0.02 
0.04 0.02 0.03 0.05 0.04 0.02 0.02 0.05 0.02 0.05 
0.02 0.02 0.04 0.04 0.03 0.03 0.04 0.03 0.04 0.04 
0.04 0.05 0.04 0.04 0.05 0.05 0.03 0.03 0.05 0.02 
0.03 0.04 0.03 0.03 0.03 0.02 0.02 0.03 0.05 0.05 
0.03 0.03 0.05 0.03 0.04 0.04 0.02 0.02 0.04 0.03 
0.02 0.03 0.02 0.05 0.02 0.05 0.02 0.02 0.03 0.02 
0.04 0.03 0.02 0.05 0.02 0.04 0.04 0.03 0.02 0.03 
0.03 0.02 0.02 0.05 0.03 0.02 0.02 0.04 0.03 0.05 
0.05 0.04 0.05 0.02 0.04 0.02 0.04 0.03 0.04 0.04 
0.03 0.02 0.05 0.02 0.05 0.02 0.02 0.04 0.03 0.03 
0.04 0.05 0.04 0.03 0.04 0.04 0.02 0.04 0.04 0.02 
0.04 0.05 0.02 0.02 0.04 0.05 0.02 0.04 0.03 0.02 
0.04 0.03 0.04 0.05 0.04 0.02 0.02 0.02 0.03 0.04 
0.04 0.03 0.04 0.05 0.02 0.04 0.03 0.04 0.03 0.04 
0.02 0.05 0.05 0.04 0.04 0.02 0.05 0.02 0.03 0.02 
0.04 0.02 0.05 0.05 0.02 0.05 0.02 0.05 0.05 0.03 
0.03 0.03 0.02 0.03 0.02 0.03 0.03 0.05 0.02 0.02 
0.03 0.04 0.05 0.05 0.05 0.05 0.04 0.03 0.05 0.03 
0.04 0.02 0.05 0.03 0.04 0.03 0.02 0.03 0.04 0.04 
0.03 0.04 0.03 0.04 0.05 0.03 0.02 0.05 0.04 0.02 
0.04 0.03 0.05 0.04 0.03 0.05 0.02 0.02 0.03 0.03 
0.03 0.03 0.02 0.03 0.02 0.02 0.05 0.05 0.03 0.04 
0.05 0.02 0.03 0.02 0.03 0.02 0.03 0.02 0.03 0.05 
0.04 0.02 0.03 0.02 0.03 0.02 0.05 0.03 0.04 0.05 
0.04 0.02 0.04 0.02 0.03 0.05 0.04 0.05 0.05 0.02 
0.03 0.04 0.03 0.04 0.04 0.03 0.03 0.05 0.05 0.03 
0.05 0.04 0.05 0.05 0.04 0.04 0.02 0.02 0.05 0.05 
0.03 0.02 0.02 0.05 0.02 0.03 0.04 0.03 0.05 0.05 
0.02 0.04 0.04 0.04 0.03 0.03 0.03 0.05 0.03 0.02 
0.04 0.05 0.04 0.04 0.03 0.04 0.03 0.03 0.03 0.03 
0.04 0.05 0.03 0.05 0.04 0.03 0.02 0.02 0.02 0.04 
0.02 0.05 0.02 0.03 0.05 0.05 0.03 0.04 0.02 0.04 
0.02 0.04 0.02 0.04 0.02 0.04 0.04 0.02 0.03 0.05 
0.04 0.03 0.03 0.05 0.02 0.03 0.04 0.03 0.04 0.05 
0.02 0.04 0.03 0.05 0.04 0.05 0.02 0.05 0.03 0.05 
0.04 0.03 0.03 0.04 0.03 0.03 0.04 0.05 0.04 0.02 
0.02 0.04 0.03 0.05 0.04 0.03 0.02 0.05 0.03 0.05 
0.05 0.05 0.02 0.04 0.04 0.02 0.05 0.03 0.05 0.02 
0.03 0.04 0.03 0.02 0.04 0.05 0.04 0.04 0.02 0.04 
0.02 0.03 0.05 0.05 0.02 0.04 0.04 0.02 0.02 0.03 
0.02 0.03 0.04 0.05 0.04 0.05 0.03 0.04 0.03 0.02 
0.04 0.04 0.02 0.05 0.05 0.03 0.02 0.03 0.02 0.03 
0.04 0.05 0.05 0.05 0.03 0.03 0.02 0.03 0.02 0.04 
0.02 0.05 0.04 0.05 0.02 0.03 0.03 0.02 0.04 0.05 
0.04 0.05 0.03 0.03 0.03 0.04 0.02 0.05 0.04 0.02 
0.02 0.02 0.04 0.04 0.02 0.03 0.05 0.02 0.04 0.03 
0.04 0.03 0.02 0.04 0.04 0.04 0.02 0.05 0.03 0.04 
0.04 0.04 0.04 0.03 0.04 0.02 0.05 0.04 0.03 0.05 
0.04 0.04 0.02 0.02 0.04 0.03 0.02 0.05 0.03 0.02 
0.03 0.05 0.05 0.02 0.05 0.03 0.02 0.02 0.03 0.04 
0.03 0.03 0.03 0.02 0.05 0.04 0.02 0.02 0.02 0.05 
0.02 0.03 0.03 0.05 0.02 0.02 0.03 0.04 0.04 0.02 
0.05 0.05 0.02 0.03 0.05 0.03 0.04 0.03 0.05 0.02 
0.05 0.04 0.05 0.02 0.03 0.05 0.04 0.03 0.04 0.03 
0.02 0.05 0.05 0.04 0.05 0.02 0.03 0.03 0.04 0.03 
0.03 0.03 0.04 0.05 0.03 0.05 0.03 0.04 0.03 0.02 
0.02 0.03 0.03 0.04 0.02 0.04 0.05 0.04 0.02 0.02 
0.04 0.03 0.03 0.02 0.02 0.05 0.05 0.04 0.03 0.02 
0.04 0.03 0.04 0.05 0.04 0.05 0.03 0.05 0.03 0.04 
0.04 0.03 0.04 0.02 0.03 0.03 0.02 0.03 0.04 0.03 
0.05 0.04 0.04 0.04 0.03 0.04 0.05 0.03 0.02 0.02 
0.03 0.04 0.03 0.03 0.04 0.03 0.02 0.05 0.04 0.02 
0.02 0.05 0.04 0.03 0.05 0.02 0.04 0.03 0.04 0.02 
0.04 0.05 0.05 0.03 0.04 0.04 0.04 0.03 0.05 0.03 
0.04 0.03 0.04 0.05 0.04 0.03 0.05 0.04 0.05 0.02 
0.03 0.05 0.05 0.03 0.05 0.05 0.03 0.05 0.03 0.02 
0.03 0.03 0.03 0.03 0.03 0.02 0.04 0.04 0.02 0.02 
0.05 0.02 0.02 0.04 0.03 0.02 0.02 0.03 0.05 0.03 
0.03 0.04 0.02 0.05 0.03 0.04 0.04 0.03 0.04 0.03 
0.02 0.05 0.03 0.04 0.05 0.05 0.03 0.02 0.03 0.03 
0.03 0.02 0.05 0.03 0.02 0.03 0.03 0.03 0.02 0.02 
0.02 0.05 0.04 0.05 0.05 0.05 0.05 0.04 0.03 0.02 
0.04 0.03 0.04 0.05 0.03 0.03 0.03 0.04 0.05 0.05 
0.05 0.02 0.02 0.03 0.03 0.04 0.04 0.05 0.03 0.05 
0.02 0.02 0.02 0.02 0.05 0.04 0.05 0.02 0.02 0.03 
0.02 0.05 0.03 0.02 0.05 0.05 0.05 0.03 0.03 0.04 
0.04 0.04 0.03 0.05 0.02 0.04 0.05 0.04 0.04 0.05 
0.02 0.03 0.04 0.03 0.05 0.04 0.02 0.04 0.05 0.02 
0.05 0.03 0.05 0.03 0.02 0.04 0.03 0.03 0.05 0.03 
0.05 0.03 0.04 0.02 0.04 0.02 0.04 0.04 0.04 0.04 
0.02 0.04 0.03 0.04 0.03 0.05 0.04 0.03 0.03 0.03 
0.04 0.03 0.02 0.04 0.05 0.02 0.05 0.02 0.04 0.03 
0.03 0.03 0.05 0.05 0.02 0.02 0.04 0.02 0.03 0.04 
0.0104354 0.00429329 0.00342549 0.0050808 0.000162954 0.00408853 2.86479e-05 2.85158e-07 6.98998e-06 0.00400298 
9.76985e-07 4.96333e-07 0.0022001 0.00174252 0.00317487 0.0050405 0.000456545 0.0126991 0.00698585 0.000578843 
0.000411474 0.0360327 0.000384077 2.52736e-05 0.0383722 9.89595e-05 0.00323681 0.0556532 0.00229653 0.0446713 
0.000180512 0.0179181 0.0142411 0.0518892 0.0326021 0.000459624 0.00568687 0.0017073 1.84245e-06 0.0672907 
0.00160414 0.0405213 0.000235564 0.111626 8.45198e-05 0.00104072 4.81143e-05 0.111733 0.00289842 0.000529864 
0.0118579 0.0048226 0.00661203 0.00035442 0.120295 1.62065e-08 0.123994 0.0112722 0.0342295 0.00124326 
1.5645e-07 0.00220109 0.017196 0.00151023 0.00213617 0.117916 0.00118616 0.00461123 0.0877827 2.53786e-05 
0.0165991 1.15102e-06 1.66337e-06 0.000646239 0.118573 0.000101282 0.11942 4.9122e-06 4.82864e-08 0.027112 
1.09291e-06 0.00756376 1.97587e-06 0.118788 0.000105014 0.000944317 2.10622e-06 0.108153 7.53144e-08 6.86391e-06 
0.00715901 0.0537033 0.0004923 0.00535286 0.00347678 2.43097e-08 1.05919e-05 0.000506044 0.00218009 0.000146886 
0.04 0.05 0.02 0.05 0.05 0.02 0.02 0.02 0.03 0.02 
0.03 0.04 0.05 0.05 0.02 0.02 0.04 0.02 0.05 0.05 
0.02 0.03 0.05 0.04 0.04 0.03 0.05 0.03 0.02 0.05 
0.02 0.05 0.02 0.05 0.04 0.04 0.03 0.04 0.03 0.05 
0.03 0.03 0.05 0.03 0.04 0.02 0.03 0.05 0.03 0.03 
0.03 0.05 0.05 0.02 0.04 0.03 0.02 0.05 0.03 0.05 
0.04 0.03 0.03 0.04 0.03 0.03 0.03 0.05 0.05 0.05 
0.04 0.03 0.02 0.04 0.03 0.03 0.02 0.02 0.05 0.03 
0.03 0.03 0.02 0.04 0.02 0.05 0.04 0.05 0.05 0.03 
0.05 0.05 0.04 0.03 0.03 0.03 0.05 0.02 0.02 0.02 
0.05 0.04 0.03 0.04 0.04 0.05 0.04 0.02 0.04 0.05 
0.04 0.05 0.02 0.04 0.02 0.03 0.02 0.04 0.02 0.03 
0.04 0.05 0.05 0.03 0.04 0.04 0.02 0.02 0.03 0.05 
0.04 0.04 0.05 0.03 0.04 0.02 0.04 0.04 0.02 0.05 
0.05 0.03 0.05 0.05 0.05 0.03 0.03 0.04 0.02 0.04 
0.04 0.04 0.04 0.02 0.02 0.04 0.02 0.02 0.03 0.05 
0.02 0.02 0.03 0.04 0.04 0.03 0.04 0.03 0.02 0.05 
0.03 0.05 0.03 0.05 0.03 0.03 0.03 0.04 0.02 0.04 
0.04 0.04 0.03 0.02 0.05 0.03 0.05 0.04 0.05 0.05 
0.05 0.05 0.03 0.03 0.02 0.04 0.02 0.05 0.05 0.03 
0.03 0.02 0.05 0.04 0.03 0.05 0.04 0.02 0.05 0.05 
0.02 0.03 0.05 0.03 0.05 0.03 0.02 0.03 0.03 0.02 
0.04 0.05 0.02 0.03 0.02 0.03 0.04 0.05 0.05 0.02 
0.02 0.02 0.05 0.04 0.02 0.02 0.02 0.05 0.02 0.05 
0.04 0.02 0.05 0.04 0.05 0.02 0.04 0.04 0.03 0.05 
0.03 0.05 0.02 0.05 0.02 0.05 0.05 0.04 0.05 0.02 
0.02 0.05 0.04 0.02 0.03 0.05 0.02 0.02 0.04 0.04 
0.04 0.05 0.03 0.04 0.03 0.05 0.04 0.05 0.02 0.02 
0.03 0.02 0.04 0.04 0.02 0.03 0.05 0.04 0.05 0.04 
0.02 0.03 0.03 0.05 0.02 0.02 0.04 0.02 0.03 0.02 
0.04 0.05 0.05 0.05 0.04 0.03 0.02 0.02 0.04 0.03 
0.02 0.05 0.03 0.05 0.04 0.02 0.05 0.05 0.05 0.04 
0.05 0.03 0.04 0.04 0.04 0.02 0.05 0.02 0.02 0.04 
0.02 0.04 0.02 0.05 0.05 0.05 0.03 0.04 0.04 0.03 
0.05 0.03 0.04 0.03 0.04 0.04 0.03 0.04 0.02 0.03 
0.02 0.02 0.03 0.03 0.04 0.05 0.03 0.04 0.02 0.02 
0.03 0.02 0.04 0.02 0.02 0.02 0.04 0.05 0.03 0.02 
0.02 0.03 0.02 0.03 0.02 0.02 0.04 0.05 0.04 0.05 
0.04 0.03 0.02 0.02 0.02 0.03 0.02 0.03 0.03 0.05 
0.03 0.02 0.04 0.03 0.05 0.03 0.03 0.05 0.02 0.04 
