0.03 0.05 0.03 0.04 0.04 0.05 0.04 0.05 0.04 0.02 
0.02 0.04 0.05 0.02 0.03 0.05 0.03 0.05 0.03 0.02 
0.02 0.02 0.02 0.05 0.05 0.02 0.03 0.03 0.03 0.04 
0.05 0.05 0.03 0.05 0.02 0.03 0.04 0.03 0.02 0.02 
0.04 0.02 0.04 0.05 0.05 0.02 0.03 0.04 0.03 0.05 
0.04 0.04 0.05 0.04 0.05 0.03 0.04 0.03 0.04 0.02 
0.03 0.02 0.05 0.05 0.05 0.05 0.04 0.05 0.02 0.03 
0.04 0.05 0.03 0.05 0.02 0.05 0.05 0.03 0.03 0.02 
0.04 0.02 0.02 0.02 0.05 0.02 0.03 0.05 0.05 0.02 
0.02 0.02 0.02 0.02 0.05 0.05 0.03 0.05 0.02 0.03 
0.05 0.02 0.03 0.04 0.02 0.04 0.04 0.03 0.05 0.04 
0.04 0.03 0.04 0.04 0.05 0.03 0.05 0.02 0.03 0.04 
0.04 0.03 0.02 0.03 0.04 0.05 0.05 0.03 0.03 0.03 
0.02 0.04 0.05 0.04 0.03 0.03 0.04 0.03 0.03 0.04 
0.05 0.05 0.03 0.03 0.05 0.03 0.02 0.02 0.05 0.04 
0.04 0.04 0.02 0.02 0.02 0.04 0.05 0.05 0.02 0.03 
0.03 0.02 0.05 0.02 0.04 0.05 0.02 0.05 0.03 0.05 
0.02 0.05 0.02 0.04 0.03 0.02 0.03 0.04 0.02 0.04 
0.03 0.03 0.02 0.04 0.05 0.02 0.03 0.05 0.03 0.05 
0.02 0.03 0.02 0.05 0.05 0.02 0.02 0.03 0.02 0.04 
0.05 0.04 0.05 0.02 0.02 0.02 0.02 0.02 0.03 0.04 
0.03 0.05 0.05 0.02 0.04 0.04 0.04 0.04 0.03 0.04 
0.04 0.05 0.05 0.02 0.04 0.04 0.05 0.04 0.02 0.04 
0.05 0.05 0.02 0.05 0.05 0.03 0.04 0.05 0.04 0.03 
0.02 0.02 0.02 0.02 0.05 0.03 0.05 0.05 0.05 0.04 
0.02 0.02 0.02 0.04 0.05 0.04 0.02 0.05 0.03 0.03 
0.02 0.04 0.04 0.05 0.04 0.02 0.05 0.05 0.03 0.02 
0.02 0.02 0.05 0.04 0.04 0.02 0.05 0.04 0.04 0.03 
0.03 0.03 0.03 0.03 0.05 0.05 0.03 0.05 0.05 0.02 
0.02 0.04 0.02 0.05 0.02 0.02 0.02 0.05 0.05 0.03 
0.05 0.04 0.02 0.02 0.03 0.05 0.04 0.02 0.04 0.02 
0.04 0.03 0.03 0.04 0.05 0.03 0.05 0.02 0.03 0.03 
0.02 0.03 0.04 0.03 0.02 0.05 0.05 0.03 0.03 0.02 
0.02 0.04 0.02 0.02 0.03 0.02 0.02 0.04 0.03 0.02 
0.04 0.03 0.02 0.02 0.02 0.03 0.05 0.03 0.02 0.02 
0.05 0.02 0.03 0.04 0.02 0.03 0.04 0.02 0.02 0.02 
0.02 0.05 0.05 0.03 0.02 0.05 0.02 0.05 0.04 0.02 
0.05 0.02 0.02 0.04 0.04 0.02 0.02 0.02 0.03 0.05 
0.02 0.02 0.03 0.05 0.03 0.04 0.04 0.05 0.02 0.03 
0.05 0.05 0.04 0.02 0.04 0.02 0.02 0.03 0.05 0.04 
0.03 0.05 0.04 0.04 0.04 0.03 0.03 0.03 0.03 0.02 
0.04 0.02 0.04 0.03 0.02 0.05 0.03 0.04 0.02 0.04 
0.04 0.04 0.03 0.05 0.04 0.05 0.03 0.05 0.03 0.04 
0.05 0.02 0.02 0.03 0.03 0.03 0.03 0.02 0.03 0.04 
0.05 0.04 0.05 0.02 0.04 0.05 0.05 0.03 0.04 0.05 
0.04 0.02 0.05 0.04 0.04 0.03 0.02 0.02 0.03 0.03 
0.05 0.04 0.05 0.03 0.02 0.05 0.02 0.04 0.04 0.05 
0.03 0.03 0.04 0.05 0.02 0.04 0.04 0.04 0.02 0.04 
0.04 0.02 0.02 0.03 0.02 0.05 0.02 0.03 0.05 0.04 
0.03 0.03 0.04 0.05 0.02 0.05 0.05 0.05 0.04 0.02 
0.05 0.02 0.04 0.02 0.04 0.05 0.05 0.03 0.05 0.04 
0.04 0.04 0.02 0.02 0.04 0.02 0.02 0.05 0.02 0.04 
0.04 0.02 0.02 0.03 0.04 0.03 0.05 0.05 0.04 0.02 
0.02 0.04 0.03 0.02 0.03 0.03 0.02 0.03 0.02 0.03 
0.03 0.03 0.03 0.03 0.02 0.02 0.02 0.05 0.02 0.05 
0.05 0.03 0.03 0.05 0.03 0.03 0.05 0.04 0.04 0.02 
0.02 0.02 0.03 0.04 0.03 0.03 0.05 0.04 0.02 0.03 
0.05 0.05 0.03 0.04 0.02 0.04 0.04 0.03 0.02 0.02 
0.03 0.05 0.03 0.03 0.02 0.05 0.02 0.05 0.04 0.02 
0.04 0.03 0.03 0.02 0.03 0.02 0.02 0.05 0.03 0.02 
0.04 0.05 0.04 0.02 0.04 0.04 0.03 0.04 0.02 0.05 
0.02 0.02 0.04 0.03 0.02 0.02 0.04 0.04 0.02 0.03 
0.03 0.03 0.05 0.04 0.05 0.02 0.03 0.03 0.03 0.05 
0.03 0.02 0.03 0.02 0.04 0.03 0.05 0.04 0.05 0.05 
0.03 0.05 0.05 0.04 0.03 0.04 0.02 0.03 0.04 0.03 
0.02 0.04 0.04 0.03 0.04 0.02 0.04 0.02 0.03 0.05 
0.04 0.05 0.03 0.05 0.05 0.03 0.02 0.04 0.03 0.05 
0.02 0.05 0.02 0.04 0.03 0.03 0.05 0.03 0.03 0.03 
0.03 0.02 0.05 0.04 0.02 0.02 0.02 0.05 0.03 0.03 
0.05 0.05 0.05 0.03 0.05 0.03 0.04 0.03 0.03 0.05 
0.03 0.03 0.05 0.04 0.03 0.02 0.02 0.03 0.03 0.04 
0.02 0.02 0.03 0.05 0.05 0.04 0.02 0.05 0.05 0.05 
0.02 0.04 0.02 0.05 0.02 0.05 0.03 0.05 0.03 0.05 
0.05 0.02 0.03 0.04 0.04 0.03 0.05 0.02 0.03 0.03 
0.04 0.04 0.02 0.04 0.02 0.04 0.05 0.05 0.04 0.03 
0.03 0.02 0.05 0.02 0.03 0.04 0.02 0.03 0.02 0.02 
0.05 0.05 0.04 0.02 0.04 0.05 0.02 0.05 0.02 0.02 
0.03 0.03 0.05 0.02 0.05 0.05 0.02 0.02 0.03 0.04 
0.04 0.04 0.02 0.02 0.02 0.04 0.03 0.03 0.04 0.02 
0.05 0.04 0.04 0.05 0.03 0.05 0.04 0.02 0.05 0.03 
0.02 0.04 0.02 0.02 0.03 0.04 0.05 0.05 0.03 0.02 
0.05 0.04 0.03 0.05 0.05 0.02 0.03 0.05 0.05 0.03 
0.04 0.02 0.05 0.02 0.02 0.04 0.02 0.02 0.02 0.03 
0.05 0.03 0.04 0.03 0.04 0.02 0.02 0.03 0.03 0.02 
0.03 0.02 0.04 0.04 0.02 0.05 0.03 0.02 0.05 0.05 
0.05 0.05 0.02 0.04 0.04 0.05 0.02 0.02 0.05 0.04 
0.04 0.04 0.05 0.02 0.02 0.02 0.02 0.02 0.02 0.02 
0.02 0.05 0.04 0.03 0.05 0.05 0.02 0.03 0.03 0.05 
0.05 0.05 0.05 0.03 0.03 0.03 0.03 0.04 0.05 0.04 
0.02 0.05 0.03 0.05 0.05 0.05 0.02 0.04 0.02 0.05 
0.03 0.04 0.03 0.03 0.02 0.03 0.03 0.04 0.04 0.04 
0.02 0.03 0.04 0.03 0.04 0.04 0.04 0.03 0.04 0.02 
0.02 0.05 0.04 0.05 0.05 0.05 0.03 0.03 0.05 0.04 
0.05 0.02 0.05 0.03 0.04 0.05 0.03 0.05 0.03 0.04 
0.02 0.02 0.05 0.03 0.03 0.05 0.03 0.03 0.03 0.04 
0.03 0.03 0.05 0.04 0.05 0.05 0.02 0.05 0.02 0.02 
0.03 0.05 0.02 0.02 0.03 0.05 0.03 0.02 0.04 0.03 
0.03 0.05 0.04 0.03 0.02 0.05 0.03 0.02 0.05 0.05 
0.04 0.03 0.03 0.02 0.05 0.04 0.05 0.05 0.02 0.02 
0.03 0.03 0.03 0.02 0.03 0.03 0.05 0.02 0.05 0.02 
0.05 0.02 0.03 0.05 0.05 0.02 0.05 0.05 0.05 0.03 
0.05 0.03 0.02 0.03 0.05 0.02 0.04 0.05 0.03 0.03 
0.04 0.02 0.05 0.03 0.03 0.05 0.03 0.03 0.03 0.04 
0.05 0.05 0.04 0.05 0.02 0.03 0.05 0.03 0.05 0.05 
0.05 0.05 0.02 0.05 0.02 0.02 0.05 0.05 0.03 0.04 
0.05 0.03 0.04 0.02 0.02 0.03 0.02 0.02 0.03 0.05 
0.02 0.04 0.05 0.05 0.02 0.04 0.03 0.05 0.02 0.05 
0.05 0.02 0.04 0.02 0.04 0.05 0.03 0.02 0.03 0.04 
0.04 0.05 0.04 0.03 0.03 0.05 0.02 0.04 0.04 0.02 
0.02 0.02 0.02 0.04 0.05 0.02 0.04 0.04 0.04 0.04 
0.03 0.04 0.05 0.03 0.03 0.02 0.03 0.05 0.05 0.04 
0.02 0.04 0.02 0.03 0.04 0.02 0.04 0.02 0.02 0.05 
0.02 0.04 0.04 0.04 0.05 0.05 0.03 0.02 0.04 0.05 
0.03 0.02 0.02 0.02 0.05 0.02 0.05 0.02 0.04 0.03 
0.03 0.04 0.03 0.04 0.05 0.05 0.03 0.05 0.03 0.03 
0.04 0.05 0.04 0.03 0.02 0.05 0.05 0.02 0.04 0.05 
0.02 0.04 0.05 0.05 0.03 0.02 0.03 0.03 0.02 0.05 
0.02 0.05 0.03 0.03 0.02 0.05 0.02 0.05 0.03 0.04 
0.05 0.05 0.03 0.04 0.04 0.05 0.03 0.03 0.04 0.05 
0.03 0.02 0.03 0.05 0.02 0.02 0.05 0.03 0.03 0.04 
0.05 0.03 0.03 0.04 0.05 0.04 0.03 0.04 0.04 0.05 
0.03 0.04 0.02 0.02 0.05 0.05 0.03 0.02 0.05 0.03 
0.02 0.04 0.04 0.03 0.02 0.05 0.05 0.04 0.05 0.02 
0.03 0.03 0.05 0.02 0.05 0.05 0.02 0.02 0.02 0.04 
0.04 0.02 0.05 0.05 0.02 0.04 0.03 0.03 0.05 0.02 
0.05 0.03 0.02 0.04 0.04 0.02 0.05 0.04 0.05 0.03 
0.03 0.05 0.02 0.02 0.02 0.04 0.02 0.04 0.02 0.02 
0.02 0.05 0.03 0.04 0.05 0.05 0.05 0.03 0.05 0.02 
0.04 0.03 0.02 0.04 0.03 0.04 0.05 0.02 0.04 0.04 
0.03 0.05 0.04 0.02 0.04 0.04 0.05 0.02 0.05 0.02 
0.04 0.02 0.05 0.04 0.05 0.04 0.02 0.03 0.03 0.05 
0.05 0.03 0.04 0.05 0.04 0.05 0.02 0.05 0.02 0.04 
0.05 0.05 0.02 0.03 0.05 0.02 0.05 0.05 0.02 0.04 
0.05 0.05 0.03 0.03 0.05 0.04 0.04 0.03 0.04 0.04 
0.04 0.05 0.03 0.02 0.02 0.05 0.04 0.03 0.04 0.04 
0.05 0.05 0.03 0.03 0.02 0.03 0.02 0.04 0.05 0.04 
0.05 0.02 0.03 0.05 0.04 0.02 0.03 0.05 0.05 0.05 
0.04 0.04 0.05 0.05 0.02 0.04 0.03 0.03 0.03 0.05 
0.03 0.02 0.04 0.02 0.03 0.03 0.03 0.05 0.02 0.03 
0.02 0.02 0.03 0.04 0.03 0.05 0.03 0.02 0.03 0.03 
0.03 0.03 0.04 0.05 0.02 0.04 0.03 0.02 0.03 0.05 
0.02 0.04 0.03 0.05 0.05 0.03 0.03 0.02 0.03 0.05 
0.03 0.03 0.03 0.05 0.05 0.03 0.05 0.03 0.03 0.04 
0.03 0.02 0.05 0.03 0.04 0.04 0.03 0.05 0.02 0.04 
0.02 0.02 0.04 0.05 0.04 0.02 0.04 0.03 0.02 0.05 
0.05 0.04 0.02 0.02 0.04 0.02 0.04 0.05 0.03 0.02 
0.02 0.02 0.02 0.03 0.04 0.02 0.04 0.03 0.04 0.02 
0.04 0.04 0.03 0.02 0.04 0.04 0.04 0.02 0.02 0.05 
0.05 0.02 0.02 0.05 0.05 0.02 0.02 0.05 0.02 0.04 
0.04 0.04 0.03 0.04 0.05 0.02 0.04 0.04 0.03 0.05 
0.02 0.04 0.05 0.04 0.04 0.05 0.04 0.05 0.04 0.03 
0.04 0.02 0.03 0.03 0.03 0.03 0.03 0.04 0.05 0.03 
0.05 0.03 0.02 0.03 0.04 0.03 0.04 0.05 0.03 0.03 
0.04 0.02 0.03 0.04 0.03 0.02 0.04 0.04 0.05 0.05 
0.05 0.05 0.02 0.02 0.03 0.02 0.02 0.02 0.05 0.05 
0.02 0.05 0.02 0.03 0.04 0.03 0.05 0.05 0.05 0.03 
0.03 0.02 0.03 0.02 0.05 0.02 0.02 0.03 0.02 0.04 
0.02 0.03 0.02 0.05 0.03 0.04 0.05 0.05 0.05 0.05 
0.04 0.05 0.02 0.05 0.04 0.03 0.03 0.05 0.05 0.03 
0.03 0.03 0.02 0.04 0.02 0.02 0.03 0.02 0.04 0.03 
0.0385035 0.0288777 0.0192518 0.0385035 0.0481294 0.0385035 0.0470517 0.0385035 0.0481294 0.0288777 
0.0385035 0.0385035 0.0288777 0.0192518 0.0385035 0.0192518 0.0192518 0.0385035 0.0192518 0.0288777 
0.0481294 0.0385035 0.0481294 0.0481294 0.0385035 0.0288777 0.0481294 0.0481294 0.0481294 0.0288777 
0.0481294 0.0481294 0.0385035 0.0481294 0.0481294 0.0385035 0.0192518 0.0288777 0.0481294 0.0481294 
0.0192518 0.0192518 0.0385035 0.0376762 0.0192518 0.0481294 0.0288777 0.0681545 0.0481294 0.0288777 
0.0288777 0.0385035 0.0385035 0.0481294 0.0610467 0.0192518 0.0444848 0.0288777 0.0481294 0.0385035 
0.0192518 0.0481294 0.0481294 0.0288777 0.0385035 0.0649849 0.0385035 0.0192518 0.0385035 0.0192518 
0.0481294 0.0385035 0.0481294 0.0481294 0.0404973 0.0288777 0.0328799 0.0385035 0.0192518 0.0385035 
0.0385035 0.0481294 0.0493787 0.0528761 0.0288777 0.0288777 0.0192518 0.0444016 0.0681545 0.0288777 
0.0288777 0.0288777 0.0385035 0.0385035 0.0288777 0.0481294 0.0481294 0.0288777 0.0288777 0.0192518 
0.04 0.05 0.04 0.05 0.02 0.05 0.05 0.02 0.05 0.05 
0.03 0.02 0.02 0.05 0.03 0.02 0.03 0.05 0.02 0.04 
0.02 0.05 0.02 0.03 0.04 0.04 0.02 0.05 0.05 0.03 
0.05 0.04 0.04 0.02 0.03 0.05 0.02 0.04 0.02 0.03 
0.04 0.02 0.03 0.04 0.04 0.04 0.05 0.04 0.05 0.02 
0.04 0.04 0.02 0.02 0.02 0.04 0.03 0.02 0.02 0.05 
0.02 0.03 0.03 0.02 0.02 0.05 0.02 0.03 0.04 0.04 
0.04 0.04 0.02 0.04 0.05 0.02 0.02 0.05 0.03 0.02 
0.05 0.03 0.05 0.02 0.04 0.02 0.03 0.05 0.03 0.03 
0.03 0.04 0.04 0.04 0.02 0.02 0.02 0.04 0.03 0.05 
0.04 0.02 0.03 0.05 0.05 0.03 0.05 0.03 0.05 0.02 
0.02 0.04 0.04 0.03 0.04 0.03 0.02 0.04 0.05 0.04 
0.03 0.04 0.02 0.02 0.05 0.02 0.05 0.03 0.03 0.03 
0.05 0.02 0.03 0.05 0.05 0.04 0.04 0.03 0.05 0.03 
0.04 0.05 0.03 0.02 0.03 0.03 0.02 0.05 0.04 0.02 
0.05 0.03 0.05 0.02 0.05 0.05 0.04 0.05 0.03 0.02 
0.04 0.05 0.04 0.03 0.02 0.03 0.02 0.05 0.02 0.03 
0.04 0.05 0.05 0.04 0.04 0.03 0.05 0.03 0.02 0.05 
0.02 0.02 0.03 0.02 0.02 0.03 0.05 0.02 0.02 0.04 
0.02 0.05 0.05 0.02 0.02 0.02 0.05 0.05 0.05 0.05 
0.02 0.02 0.04 0.03 0.05 0.03 0.04 0.05 0.02 0.05 
0.05 0.02 0.03 0.04 0.05 0.04 0.05 0.03 0.05 0.04 
0.05 0.05 0.05 0.02 0.03 0.02 0.03 0.05 0.03 0.02 
0.04 0.05 0.04 0.04 0.03 0.03 0.02 0.05 0.04 0.03 
0.02 0.04 0.04 0.04 0.02 0.03 0.03 0.04 0.03 0.05 
0.02 0.04 0.03 0.04 0.02 0.02 0.03 0.02 0.04 0.04 
0.05 0.02 0.05 0.02 0.02 0.02 0.03 0.02 0.04 0.05 
0.05 0.04 0.03 0.03 0.04 0.03 0.04 0.05 0.05 0.05 
0.02 0.05 0.05 0.05 0.04 0.05 0.04 0.02 0.02 0.05 
0.03 0.04 0.03 0.04 0.05 0.03 0.05 0.03 0.05 0.03 
0.02 0.03 0.02 0.05 0.04 0.04 0.04 0.04 0.04 0.04 
0.04 0.02 0.02 0.04 0.05 0.03 0.03 0.05 0.03 0.05 
0.03 0.04 0.05 0.02 0.05 0.04 0.02 0.02 0.05 0.03 
0.02 0.05 0.05 0.02 0.03 0.03 0.02 0.03 0.05 0.03 
0.04 0.03 0.05 0.05 0.04 0.05 0.04 0.02 0.05 0.05 
0.03 0.03 0.03 0.03 0.05 0.04 0.04 0.05 0.02 0.05 
0.03 0.03 0.04 0.05 0.04 0.04 0.04 0.05 0.03 0.02 
0.02 0.02 0.04 0.03 0.02 0.03 0.03 0.05 0.02 0.05 
0.03 0.02 0.02 0.05 0.04 0.02 0.02 0.04 0.03 0.02 
0.03 0.05 0.04 0.03 0.02 0.04 0.05 0.05 0.05 0.03 
0.05 0.03 0.02 0.04 0.04 0.03 0.03 0.02 0.05 0.05 
0.05 0.02 0.03 0.03 0.02 0.04 0.04 0.03 0.05 0.03 
0.03 0.03 0.02 0.02 0.02 0.02 0.03 0.05 0.02 0.04 
0.03 0.02 0.03 0.05 0.05 0.04 0.05 0.03 0.02 0.03 
0.02 0.05 0.02 0.02 0.05 0.02 0.04 0.05 0.04 0.02 
0.03 0.03 0.04 0.03 0.05 0.05 0.03 0.04 0.02 0.04 
0.03 0.04 0.05 0.04 0.05 0.04 0.03 0.02 0.05 0.04 
0.02 0.04 0.04 0.03 0.03 0.04 0.05 0.02 0.02 0.05 
0.05 0.05 0.04 0.02 0.02 0.02 0.03 0.02 0.02 0.04 
0.04 0.02 0.02 0.03 0.05 0.02 0.04 0.03 0.04 0.02 
0.02 0.02 0.05 0.03 0.04 0.04 0.05 0.03 0.05 0.04 
0.03 0.02 0.05 0.05 0.04 0.04 0.05 0.05 0.03 0.05 
0.04 0.05 0.04 0.05 0.04 0.03 0.02 0.02 0.03 0.04 
0.04 0.03 0.05 0.04 0.05 0.04 0.02 0.03 0.05 0.04 
0.03 0.04 0.03 0.03 0.05 0.02 0.05 0.04 0.02 0.05 
0.03 0.05 0.02 0.05 0.02 0.02 0.02 0.03 0.05 0.03 
0.03 0.02 0.03 0.03 0.05 0.05 0.04 0.05 0.03 0.04 
0.04 0.05 0.05 0.04 0.05 0.02 0.03 0.05 0.02 0.05 
0.02 0.04 0.03 0.02 0.05 0.03 0.03 0.03 0.04 0.05 
0.03 0.05 0.05 0.02 0.05 0.04 0.05 0.03 0.03 0.03 
0.02 0.02 0.05 0.03 0.04 0.04 0.03 0.02 0.04 0.05 
0.03 0.02 0.02 0.04 0.03 0.05 0.03 0.05 0.02 0.04 
0.03 0.04 0.03 0.03 0.05 0.05 0.02 0.05 0.02 0.05 
0.05 0.05 0.02 0.04 0.02 0.02 0.04 0.05 0.02 0.03 
0.04 0.05 0.04 0.04 0.02 0.04 0.02 0.02 0.02 0.04 
0.02 0.04 0.03 0.02 0.04 0.05 0.03 0.05 0.03 0.03 
0.03 0.03 0.05 0.05 0.02 0.04 0.05 0.04 0.02 0.03 
0.04 0.03 0.04 0.04 0.02 0.03 0.03 0.02 0.03 0.05 
0.05 0.02 0.02 0.02 0.03 0.04 0.04 0.05 0.02 0.04 
0.03 0.05 0.02 0.02 0.02 0.04 0.05 0.05 0.03 0.03 
0.03 0.05 0.03 0.05 0.05 0.04 0.04 0.05 0.05 0.04 
0.04 0.04 0.05 0.05 0.03 0.04 0.03 0.04 0.04 0.05 
0.02 0.04 0.02 0.02 0.04 0.04 0.03 0.04 0.05 0.02 
0.03 0.05 0.05 0.03 0.04 0.02 0.03 0.02 0.02 0.04 
0.04 0.02 0.03 0.03 0.03 0.03 0.04 0.05 0.04 0.02 
0.03 0.03 0.04 0.03 0.02 0.04 0.02 0.05 0.04 0.05 
0.05 0.02 0.02 0.04 0.04 0.03 0.03 0.04 0.05 0.03 
0.02 0.04 0.05 0.04 0.05 0.04 0.05 0.04 0.05 0.04 
0.05 0.03 0.02 0.03 0.05 0.05 0.03 0.02 0.04 0.04 
0.02 0.02 0.02 0.02 0.05 0.05 0.03 0.02 0.04 0.03 
0.02 0.04 0.02 0.04 0.05 0.04 0.04 0.03 0.03 0.03 
0.03 0.03 0.05 0.03 0.04 0.04 0.05 0.03 0.04 0.04 
0.04 0.04 0.03 0.05 0.04 0.05 0.05 0.05 0.02 0.03 
0.05 0.02 0.04 0.03 0.05 0.02 0.02 0.05 0.02 0.05 
0.02 0.04 0.04 0.03 0.04 0.05 0.02 0.03 0.03 0.05 
0.02 0.02 0.03 0.04 0.05 0.02 0.05 0.04 0.02 0.05 
0.05 0.04 0.02 0.02 0.05 0.04 0.02 0.04 0.05 0.03 
0.03 0.05 0.04 0.02 0.03 0.05 0.03 0.05 0.05 0.05 
0.02 0.04 0.04 0.04 0.05 0.02 0.05 0.03 0.03 0.05 
0.04 0.04 0.02 0.05 0.03 0.04 0.04 0.02 0.02 0.03 
0.03 0.04 0.03 0.02 0.05 0.03 0.04 0.05 0.04 0.04 
0.02 0.04 0.02 0.02 0.03 0.02 0.05 0.04 0.02 0.05 
0.02 0.02 0.05 0.04 0.04 0.03 0.02 0.05 0.04 0.05 
0.02 0.03 0.03 0.04 0.03 0.05 0.03 0.04 0.05 0.03 
0.02 0.04 0.04 0.04 0.03 0.05 0.05 0.03 0.04 0.02 
0.05 0.05 0.02 0.02 0.04 0.05 0.05 0.04 0.05 0.02 
0.03 0.04 0.03 0.02 0.05 0.02 0.04 0.03 0.04 0.05 
0.04 0.04 0.04 0.05 0.04 0.05 0.04 0.02 0.04 0.04 
0.03 0.02 0.04 0.03 0.02 0.04 0.02 0.05 0.03 0.03 
0.02 0.02 0.04 0.04 0.05 0.03 0.05 0.03 0.04 0.05 
0.02 0.03 0.02 0.05 0.04 0.05 0.02 0.03 0.02 0.03 
0.05 0.02 0.02 0.03 0.05 0.05 0.03 0.03 0.05 0.05 
0.04 0.04 0.04 0.03 0.04 0.02 0.02 0.04 0.03 0.04 
0.03 0.04 0.05 0.03 0.03 0.04 0.02 0.04 0.03 0.03 
0.03 0.05 0.02 0.02 0.03 0.05 0.02 0.02 0.02 0.02 
0.05 0.02 0.05 0.02 0.05 0.04 0.02 0.03 0.04 0.05 
0.02 0.04 0.03 0.03 0.03 0.05 0.03 0.05 0.03 0.05 
0.05 0.02 0.04 0.04 0.02 0.05 0.04 0.02 0.04 0.05 
0.04 0.05 0.04 0.02 0.03 0.02 0.03 0.03 0.04 0.03 
0.02 0.05 0.02 0.04 0.02 0.03 0.04 0.05 0.05 0.02 
0.03 0.04 0.04 0.03 0.05 0.03 0.04 0.04 0.04 0.03 
0.04 0.02 0.04 0.04 0.05 0.05 0.05 0.02 0.02 0.02 
0.03 0.02 0.02 0.03 0.02 0.03 0.05 0.03 0.02 0.03 
0.03 0.02 0.04 0.02 0.03 0.03 0.02 0.02 0.03 0.03 
0.03 0.04 0.04 0.02 0.02 0.05 0.03 0.05 0.02 0.02 
0.05 0.02 0.04 0.05 0.03 0.04 0.04 0.03 0.05 0.05 
0.02 0.03 0.02 0.02 0.03 0.04 0.04 0.02 0.05 0.03 
0.04 0.02 0.03 0.04 0.05 0.02 0.04 0.04 0.04 0.05 
0.05 0.02 0.04 0.03 0.03 0.03 0.03 0.03 0.05 0.04 
0.05 0.05 0.03 0.05 0.04 0.02 0.02 0.05 0.05 0.04 
0.04 0.03 0.04 0.04 0.03 0.02 0.03 0.03 0.03 0.05 
0.03 0.05 0.05 0.03 0.04 0.04 0.03 0.02 0.03 0.03 
0.03 0.04 0.03 0.04 0.02 0.05 0.03 0.05 0.05 0.02 
0.04 0.02 0.05 0.04 0.04 0.04 0.04 0.02 0.04 0.03 
0.02 0.03 0.02 0.03 0.03 0.03 0.03 0.03 0.03 0.03 
0.02 0.05 0.02 0.02 0.03 0.04 0.02 0.04 0.03 0.02 
0.04 0.03 0.05 0.03 0.04 0.03 0.02 0.03 0.04 0.03 
0.03 0.05 0.03 0.04 0.02 0.04 0.05 0.04 0.05 0.04 
0.04 0.04 0.05 0.05 0.04 0.03 0.02 0.02 0.04 0.03 
0.02 0.04 0.04 0.02 0.05 0.02 0.04 0.05 0.03 0.02 
0.03 0.05 0.05 0.02 0.05 0.02 0.03 0.03 0.05 0.05 
0.04 0.05 0.04 0.03 0.02 0.03 0.05 0.04 0.05 0.04 
0.03 0.03 0.05 0.05 0.02 0.05 0.05 0.02 0.02 0.03 
0.02 0.03 0.02 0.04 0.02 0.03 0.03 0.05 0.05 0.04 
0.04 0.05 0.05 0.03 0.05 0.02 0.05 0.02 0.02 0.03 
0.04 0.04 0.03 0.05 0.03 0.03 0.04 0.03 0.03 0.05 
0.04 0.02 0.05 0.03 0.02 0.05 0.05 0.03 0.02 0.04 
0.05 0.04 0.04 0.03 0.04 0.05 0.03 0.02 0.03 0.04 
0.04 0.03 0.02 0.04 0.03 0.05 0.02 0.05 0.03 0.03 
0.03 0.05 0.04 0.05 0.02 0.02 0.04 0.04 0.04 0.03 
0.04 0.03 0.02 0.05 0.03 0.02 0.02 0.03 0.02 0.03 
0.04 0.04 0.03 0.04 0.02 0.05 0.02 0.05 0.04 0.03 
0.04 0.02 0.03 0.02 0.05 0.03 0.03 0.04 0.03 0.05 
0.02 0.02 0.05 0.05 0.03 0.04 0.04 0.03 0.03 0.03 
0.05 0.05 0.02 0.02 0.05 0.02 0.04 0.03 0.03 0.05 
0.04 0.04 0.03 0.04 0.03 0.05 0.02 0.04 0.03 0.05 
0.03 0.04 0.05 0.05 0.03 0.03 0.02 0.02 0.02 0.04 
0.02 0.05 0.04 0.03 0.05 0.05 0.03 0.02 0.05 0.05 
0.03 0.03 0.04 0.03 0.03 0.04 0.04 0.02 0.04 0.05 
0.02 0.05 0.03 0.05 0.04 0.05 0.04 0.05 0.05 0.05 
0.04 0.03 0.05 0.02 0.03 0.05 0.05 0.04 0.02 0.03 
0.05 0.02 0.04 0.05 0.03 0.05 0.03 0.02 0.04 0.05 
0.05 0.05 0.03 0.02 0.04 0.04 0.02 0.02 0.02 0.03 
0.04 0.04 0.04 0.02 0.05 0.05 0.02 0.03 0.02 0.05 
0.05 0.03 0.03 0.04 0.03 0.04 0.03 0.03 0.02 0.05 
0.04 0.03 0.02 0.02 0.04 0.02 0.02 0.04 0.03 0.03 
0.05 0.03 0.04 0.04 0.02 0.03 0.02 0.02 0.05 0.03 
0.03 0.05 0.03 0.03 0.03 0.04 0.03 0.02 0.05 0.02 
0.05 0.05 0.02 0.04 0.03 0.04 0.03 0.02 0.05 0.03 
0.02 0.05 0.04 0.05 0.04 0.02 0.04 0.02 0.03 0.04 
0.02 0.03 0.05 0.02 0.05 0.02 0.03 0.03 0.02 0.04 
0.05 0.04 0.03 0.04 0.04 0.02 0.03 0.02 0.02 0.02 
0.05 0.03 0.04 0.02 0.04 0.04 0.05 0.04 0.02 0.02 
0.05 0.02 0.02 0.04 0.05 0.05 0.02 0.04 0.03 0.05 
0.04 0.05 0.02 0.03 0.05 0.04 0.05 0.02 0.05 0.05 
0.04 0.04 0.04 0.03 0.02 0.05 0.04 0.02 0.04 0.02 
0.05 0.04 0.03 0.02 0.04 0.05 0.04 0.02 0.04 0.04 
0.05 0.05 0.03 0.05 0.03 0.05 0.02 0.04 0.02 0.05 
0.02 0.04 0.03 0.05 0.02 0.04 0.03 0.05 0.02 0.03 
0.04 0.03 0.05 0.05 0.02 0.02 0.04 0.03 0.04 0.04 
0.04 0.05 0.02 0.02 0.05 0.05 0.04 0.03 0.05 0.04 
0.02 0.02 0.04 0.03 0.05 0.02 0.02 0.05 0.05 0.04 
0.04 0.03 0.05 0.03 0.02 0.03 0.02 0.05 0.05 0.05 
0.03 0.04 0.05 0.05 0.04 0.04 0.04 0.05 0.05 0.03 
0.03 0.02 0.03 0.02 0.05 0.03 0.04 0.04 0.03 0.05 
0.03 0.04 0.05 0.02 0.03 0.03 0.04 0.04 0.04 0.02 
0.03 0.03 0.04 0.02 0.03 0.03 0.02 0.05 0.04 0.04 
0.05 0.05 0.04 0.02 0.04 0.05 0.03 0.02 0.02 0.04 
0.03 0.03 0.05 0.02 0.04 0.02 0.02 0.02 0.05 0.02 
0.05 0.04 0.05 0.02 0.02 0.05 0.04 0.02 0.04 0.04 
0.05 0.03 0.04 0.05 0.02 0.02 0.02 0.02 0.03 0.03 
0.03 0.03 0.02 0.02 0.03 0.05 0.04 0.04 0.04 0.04 
0.03 0.04 0.04 0.05 0.02 0.03 0.04 0.05 0.04 0.02 
0.03 0.05 0.04 0.03 0.02 0.03 0.04 0.03 0.03 0.03 
0.04 0.05 0.02 0.05 0.05 0.03 0.02 0.04 0.04 0.04 
0.02 0.04 0.02 0.05 0.02 0.03 0.02 0.04 0.04 0.04 
0.04 0.02 0.03 0.05 0.03 0.02 0.02 0.05 0.03 0.02 
0.05 0.02 0.05 0.02 0.03 0.02 0.05 0.04 0.02 0.05 
0.03 0.05 0.02 0.05 0.03 0.03 0.03 0.03 0.05 0.05 
0.03 0.03 0.03 0.04 0.05 0.02 0.03 0.05 0.02 0.04 
0.05 0.03 0.03 0.02 0.03 0.02 0.03 0.05 0.05 0.02 
0.03 0.03 0.03 0.04 0.02 0.02 0.03 0.05 0.02 0.04 
0.04 0.03 0.05 0.03 0.02 0.05 0.04 0.04 0.05 0.02 
0.05 0.04 0.03 0.04 0.02 0.02 0.02 0.02 0.04 0.02 
0.05 0.03 0.03 0.05 0.05 0.04 0.05 0.05 0.05 0.04 
0.03 0.05 0.05 0.03 0.03 0.02 0.04 0.04 0.03 0.03 
0.05 0.04 0.05 0.05 0.05 0.02 0.04 0.04 0.04 0.05 
0.04 0.04 0.04 0.04 0.03 0.03 0.05 0.05 0.02 0.05 
0.03 0.03 0.04 0.02 0.03 0.03 0.03 0.04 0.04 0.04 
0.02 0.04 0.02 0.05 0.04 0.03 0.05 0.02 0.05 0.04 
0.02 0.04 0.04 0.02 0.03 0.04 0.05 0.05 0.05 0.03 
0.02 0.02 0.03 0.04 0.02 0.02 0.04 0.03 0.05 0.02 
0.02 0.04 0.04 0.05 0.05 0.03 0.03 0.02 0.02 0.04 
0.04 0.05 0.02 0.02 0.02 0.05 0.03 0.04 0.04 0.02 
0.05 0.05 0.02 0.04 0.03 0.05 0.04 0.02 0.05 0.02 
0.03 0.02 0.03 0.03 0.05 0.03 0.03 0.04 0.05 0.05 
0.05 0.02 0.02 0.05 0.02 0.04 0.02 0.03 0.02 0.03 
0.02 0.05 0.04 0.04 0.05 0.03 0.02 0.03 0.04 0.05 
0.04 0.03 0.04 0.04 0.05 0.02 0.02 0.05 0.02 0.03 
0.05 0.04 0.04 0.03 0.05 0.02 0.03 0.03 0.05 0.03 
0.03 0.04 0.03 0.03 0.03 0.03 0.02 0.03 0.04 0.02 
0.03 0.03 0.04 0.05 0.02 0.03 0.04 0.03 0.04 0.03 
0.03 0.02 0.04 0.05 0.02 0.02 0.05 0.04 0.05 0.05 
0.03 0.05 0.05 0.05 0.04 0.04 0.03 0.03 0.04 0.05 
0.03 0.03 0.02 0.03 0.02 0.05 0.02 0.03 0.03 0.05 
0.03 0.04 0.05 0.05 0.03 0.05 0.02 0.02 0.04 0.04 
0.03 0.05 0.05 0.02 0.05 0.05 0.03 0.04 0.03 0.02 
0.02 0.03 0.04 0.02 0.03 0.02 0.05 0.04 0.03 0.03 
0.05 0.03 0.02 0.05 0.03 0.05 0.04 0.04 0.03 0.05 
0.02 0.05 0.05 0.04 0.02 0.05 0.05 0.02 0.05 0.02 
0.02 0.05 0.03 0.02 0.04 0.04 0.02 0.04 0.02 0.02 
0.02 0.05 0.04 0.03 0.02 0.02 0.04 0.05 0.05 0.05 
0.02 0.03 0.04 0.03 0.02 0.03 0.04 0.04 0.05 0.03 
0.04 0.05 0.05 0.02 0.04 0.02 0.02 0.03 0.05 0.02 
0.02 0.03 0.05 0.03 0.05 0.04 0.02 0.02 0.05 0.04 
0.03 0.05 0.02 0.05 0.05 0.05 0.04 0.04 0.02 0.05 
0.03 0.03 0.04 0.05 0.02 0.02 0.04 0.05 0.04 0.02 
0.05 0.04 0.02 0.05 0.02 0.03 0.05 0.02 0.03 0.04 
0.03 0.02 0.04 0.03 0.04 0.05 0.04 0.02 0.03 0.02 
0.03 0.04 0.03 0.04 0.03 0.02 0.05 0.05 0.05 0.03 
0.0279737 0.0186492 0.0466229 0.0279737 0.0279737 0.0466229 0.0279737 0.0279737 0.0354145 0.0466229 
0.0186492 0.0279737 0.0466229 0.0466229 0.0409711 0.0372983 0.0279737 0.0372983 0.0279737 0.0186492 
0.0186492 0.0279737 0.0186492 0.0466229 0.0466229 0.0280298 0.0372983 0.0372983 0.0466229 0.0279737 
0.0279737 0.0521642 0.0186492 0.0279737 0.0372983 0.0433734 0.0822425 0.0279737 0.0494444 0.0372983 
0.0466229 0.0186492 0.0186492 0.0186492 0.0372983 0.0412648 0.0466229 0.0279737 0.0186492 0.0372983 
0.0466229 0.0279737 0.0186492 0.0466229 0.0754049 0.0186492 0.0279737 0.0279737 0.0466229 0.0186492 
0.0279737 0.0466229 0.0186492 0.0654041 0.0279737 0.0372983 0.0279737 0.0372983 0.0372983 0.0466229 
0.0279737 0.0372983 0.0186492 0.0466229 0.0876492 0.0186492 0.0279737 0.0372983 0.0279737 0.0466229 
0.0186492 0.0466229 0.0186492 0.0372983 0.0372983 0.0653713 0.0825149 0.0372983 0.0279737 0.0279737 
0.0186492 0.0466229 0.0186492 0.0279737 0.0186492 0.0279737 0.0186492 0.0279737 0.0466229 0.0279737 
0.02 0.05 0.04 0.02 0.02 0.03 0.05 0.02 0.03 0.03 
0.02 0.04 0.04 0.03 0.05 0.03 0.03 0.02 0.05 0.05 
0.05 0.02 0.03 0.02 0.04 0.02 0.03 0.02 0.02 0.03 
0.02 0.04 0.03 0.05 0.04 0.05 0.03 0.05 0.03 0.04 
0.02 0.03 0.02 0.02 0.02 0.05 0.05 0.03 0.04 0.03 
0.02 0.05 0.04 0.05 0.03 0.02 0.03 0.02 0.05 0.03 
0.03 0.03 0.04 0.05 0.02 0.04 0.04 0.03 0.03 0.02 
0.05 0.03 0.03 0.03 0.05 0.05 0.02 0.04 0.04 0.05 
0.04 0.03 0.04 0.02 0.04 0.04 0.04 0.02 0.05 0.05 
0.02 0.05 0.05 0.02 0.05 0.02 0.03 0.04 0.03 0.04 
0.03 0.04 0.02 0.03 0.02 0.04 0.03 0.03 0.05 0.04 
0.02 0.03 0.04 0.05 0.04 0.02 0.02 0.05 0.05 0.05 
0.03 0.05 0.02 0.05 0.05 0.02 0.05 0.05 0.03 0.02 
0.05 0.02 0.05 0.02 0.03 0.03 0.02 0.03 0.04 0.03 
0.04 0.05 0.02 0.05 0.04 0.03 0.03 0.05 0.02 0.05 
0.05 0.04 0.04 0.02 0.02 0.04 0.03 0.05 0.04 0.04 
0.04 0.05 0.04 0.04 0.03 0.02 0.05 0.02 0.04 0.05 
0.05 0.03 0.04 0.02 0.03 0.02 0.05 0.02 0.04 0.02 
0.02 0.02 0.05 0.02 0.03 0.04 0.05 0.03 0.05 0.05 
0.04 0.04 0.05 0.03 0.03 0.02 0.04 0.02 0.03 0.02 
0.02 0.04 0.02 0.05 0.03 0.03 0.04 0.02 0.05 0.05 
0.04 0.05 0.05 0.05 0.03 0.04 0.04 0.04 0.02 0.04 
0.02 0.02 0.04 0.02 0.05 0.05 0.03 0.02 0.04 0.03 
0.04 0.02 0.05 0.03 0.03 0.03 0.05 0.03 0.05 0.02 
0.03 0.02 0.05 0.05 0.04 0.02 0.03 0.04 0.02 0.04 
0.04 0.04 0.03 0.03 0.02 0.02 0.02 0.02 0.05 0.03 
0.04 0.04 0.03 0.02 0.03 0.02 0.04 0.02 0.04 0.05 
0.03 0.04 0.03 0.03 0.04 0.05 0.03 0.05 0.02 0.05 
0.05 0.02 0.02 0.03 0.02 0.03 0.04 0.04 0.05 0.05 
0.03 0.04 0.04 0.03 0.04 0.05 0.05 0.03 0.04 0.03 
0.04 0.05 0.03 0.04 0.05 0.05 0.02 0.03 0.04 0.02 
0.05 0.05 0.02 0.02 0.03 0.02 0.03 0.02 0.05 0.03 
0.05 0.05 0.04 0.03 0.03 0.02 0.02 0.05 0.03 0.05 
0.05 0.04 0.04 0.02 0.04 0.03 0.05 0.02 0.05 0.02 
0.04 0.02 0.04 0.02 0.02 0.04 0.03 0.04 0.02 0.05 
0.02 0.04 0.05 0.02 0.04 0.03 0.03 0.04 0.05 0.05 
0.02 0.03 0.02 0.04 0.04 0.04 0.02 0.03 0.02 0.05 
0.03 0.02 0.02 0.02 0.05 0.04 0.03 0.05 0.05 0.04 
0.05 0.03 0.02 0.03 0.05 0.02 0.05 0.05 0.05 0.03 
0.02 0.05 0.02 0.04 0.02 0.05 0.05 0.05 0.05 0.05 
0.05 0.05 0.05 0.02 0.02 0.02 0.05 0.04 0.03 0.04 
0.02 0.05 0.05 0.04 0.03 0.04 0.04 0.05 0.03 0.04 
0.04 0.03 0.04 0.04 0.05 0.03 0.04 0.02 0.05 0.04 
0.03 0.02 0.04 0.03 0.05 0.05 0.03 0.02 0.04 0.05 
0.04 0.05 0.04 0.05 0.03 0.03 0.02 0.02 0.02 0.05 
0.04 0.03 0.05 0.02 0.04 0.04 0.02 0.04 0.05 0.04 
0.04 0.05 0.04 0.02 0.05 0.03 0.04 0.03 0.02 0.05 
0.03 0.05 0.05 0.02 0.05 0.04 0.04 0.02 0.05 0.05 
0.05 0.02 0.05 0.05 0.02 0.04 0.05 0.03 0.02 0.03 
0.02 0.03 0.02 0.05 0.03 0.02 0.02 0.05 0.04 0.05 
0.02 0.02 0.02 0.03 0.05 0.02 0.02 0.05 0.03 0.02 
0.02 0.02 0.02 0.02 0.04 0.05 0.02 0.02 0.05 0.05 
0.02 0.03 0.04 0.03 0.03 0.02 0.05 0.05 0.05 0.04 
0.02 0.02 0.02 0.05 0.04 0.03 0.03 0.05 0.05 0.05 
0.03 0.05 0.05 0.05 0.02 0.03 0.03 0.04 0.05 0.03 
0.04 0.04 0.03 0.04 0.05 0.04 0.05 0.05 0.04 0.05 
0.05 0.05 0.04 0.02 0.03 0.02 0.04 0.03 0.05 0.03 
0.03 0.05 0.04 0.02 0.05 0.04 0.02 0.04 0.02 0.04 
0.03 0.05 0.02 0.02 0.04 0.04 0.02 0.04 0.04 0.02 
0.04 0.02 0.04 0.02 0.04 0.05 0.02 0.04 0.02 0.05 
0.03 0.03 0.03 0.02 0.05 0.03 0.04 0.05 0.03 0.04 
0.03 0.04 0.03 0.02 0.05 0.03 0.03 0.04 0.05 0.04 
0.04 0.04 0.03 0.03 0.05 0.04 0.05 0.04 0.02 0.02 
0.04 0.03 0.02 0.05 0.03 0.05 0.02 0.03 0.05 0.05 
0.04 0.03 0.02 0.04 0.02 0.03 0.05 0.03 0.02 0.03 
0.03 0.03 0.04 0.05 0.03 0.03 0.05 0.05 0.04 0.03 
0.02 0.03 0.05 0.05 0.02 0.03 0.04 0.03 0.04 0.05 
0.03 0.04 0.02 0.05 0.02 0.05 0.05 0.04 0.05 0.02 
0.04 0.02 0.04 0.02 0.02 0.03 0.05 0.04 0.05 0.04 
0.04 0.02 0.05 0.03 0.04 0.04 0.04 0.02 0.02 0.05 
0.03 0.04 0.03 0.05 0.02 0.02 0.04 0.04 0.02 0.03 
0.03 0.05 0.05 0.03 0.04 0.04 0.05 0.04 0.03 0.02 
0.05 0.02 0.04 0.05 0.03 0.02 0.04 0.05 0.04 0.05 
0.02 0.05 0.02 0.03 0.02 0.04 0.03 0.04 0.04 0.03 
0.02 0.05 0.02 0.03 0.05 0.05 0.05 0.04 0.05 0.05 
0.02 0.05 0.05 0.02 0.04 0.03 0.03 0.04 0.02 0.03 
0.04 0.03 0.05 0.02 0.02 0.02 0.04 0.04 0.05 0.03 
0.05 0.03 0.02 0.05 0.04 0.04 0.04 0.02 0.02 0.05 
0.04 0.04 0.04 0.02 0.04 0.04 0.02 0.02 0.03 0.05 
0.03 0.05 0.04 0.04 0.03 0.03 0.02 0.03 0.05 0.04 
0.04 0.02 0.03 0.02 0.04 0.03 0.05 0.02 0.02 0.02 
0.02 0.04 0.04 0.03 0.02 0.02 0.02 0.04 0.04 0.04 
0.03 0.05 0.05 0.03 0.02 0.02 0.05 0.03 0.03 0.05 
0.05 0.03 0.03 0.05 0.04 0.02 0.02 0.02 0.04 0.02 
0.05 0.04 0.02 0.05 0.03 0.04 0.03 0.04 0.03 0.04 
0.03 0.05 0.03 0.04 0.04 0.03 0.03 0.04 0.05 0.05 
0.03 0.04 0.02 0.03 0.03 0.03 0.04 0.02 0.05 0.05 
0.05 0.04 0.03 0.05 0.04 0.05 0.05 0.05 0.02 0.03 
0.03 0.05 0.03 0.02 0.05 0.05 0.05 0.04 0.04 0.04 
0.05 0.05 0.03 0.02 0.05 0.05 0.05 0.03 0.05 0.04 
0.03 0.03 0.02 0.04 0.04 0.05 0.02 0.04 0.03 0.03 
0.02 0.04 0.05 0.04 0.04 0.05 0.02 0.05 0.04 0.02 
0.03 0.03 0.02 0.03 0.02 0.04 0.02 0.04 0.04 0.02 
0.02 0.03 0.05 0.03 0.04 0.02 0.02 0.02 0.03 0.02 
0.04 0.05 0.04 0.02 0.03 0.04 0.02 0.05 0.03 0.02 
0.03 0.05 0.05 0.04 0.03 0.03 0.02 0.05 0.02 0.02 
0.02 0.03 0.04 0.02 0.02 0.03 0.05 0.04 0.03 0.04 
0.02 0.03 0.03 0.02 0.05 0.02 0.03 0.03 0.04 0.05 
0.04 0.02 0.03 0.05 0.04 0.03 0.03 0.04 0.05 0.03 
0.05 0.04 0.02 0.05 0.03 0.05 0.03 0.03 0.05 0.02 
0.0286311 0.0477185 0.0381748 0.0381748 0.0677287 0.0381748 0.0190874 0.0190874 0.0381748 0.0190874 
0.0477185 0.0190874 0.0477185 0.0477185 0.0286311 0.0477185 0.0190874 0.0286311 0.0381748 0.0477185 
0.0190874 0.0381748 0.0286311 0.0190874 0.0190874 0.0381748 0.0477185 0.0190874 0.0286311 0.0190874 
0.0190874 0.0381748 0.0190874 0.0286311 0.0286311 0.0498285 0.060329 0.0190874 0.0286311 0.0381748 
0.0477185 0.0190874 0.0477185 0.0286311 0.0286311 0.0381748 0.0286311 0.0477185 0.0477185 0.0381748 
0.0286311 0.0190874 0.0190874 0.0286311 0.0486402 0.0477185 0.0477185 0.0286311 0.0190874 0.0286311 
0.0477185 0.0381748 0.0381748 0.0666215 0.0381748 0.0477185 0.0286311 0.0381748 0.0190874 0.0286311 
0.0477185 0.0381748 0.0381748 0.0190874 0.0679267 0.0477185 0.0190874 0.0477185 0.0286311 0.0477185 
0.0477185 0.0381748 0.0381748 0.0477185 0.0190874 0.058185 0.0377962 0.0381748 0.0381748 0.0698727 
0.0381748 0.0381748 0.0190874 0.0477185 0.0286311 0.0477185 0.0190874 0.0286311 0.0381748 0.0477185 
0.04 0.03 0.03 0.04 0.02 0.05 0.02 0.02 0.05 0.05 
0.02 0.04 0.05 0.04 0.02 0.04 0.04 0.05 0.03 0.05 
0.04 0.03 0.05 0.03 0.03 0.03 0.02 0.02 0.03 0.03 
0.03 0.03 0.04 0.04 0.03 0.04 0.05 0.03 0.05 0.04 
0.02 0.04 0.02 0.05 0.02 0.04 0.02 0.03 0.02 0.04 
0.05 0.02 0.05 0.05 0.03 0.03 0.04 0.02 0.02 0.03 
0.05 0.02 0.02 0.05 0.02 0.05 0.05 0.03 0.04 0.03 
0.02 0.02 0.05 0.02 0.05 0.03 0.04 0.05 0.03 0.03 
0.02 0.04 0.05 0.02 0.05 0.05 0.02 0.04 0.04 0.02 
0.03 0.02 0.04 0.03 0.04 0.02 0.04 0.05 0.03 0.04 
0.03 0.03 0.05 0.05 0.02 0.03 0.02 0.02 0.02 0.05 
0.03 0.05 0.04 0.03 0.02 0.03 0.05 0.05 0.05 0.02 
0.05 0.03 0.04 0.02 0.04 0.02 0.03 0.04 0.05 0.05 
0.04 0.04 0.04 0.02 0.03 0.04 0.03 0.03 0.03 0.04 
0.02 0.03 0.02 0.03 0.02 0.04 0.05 0.03 0.03 0.05 
0.04 0.05 0.05 0.03 0.03 0.03 0.03 0.02 0.05 0.03 
0.03 0.03 0.02 0.03 0.05 0.03 0.04 0.03 0.04 0.03 
0.04 0.02 0.02 0.05 0.04 0.03 0.04 0.03 0.04 0.05 
0.04 0.04 0.04 0.05 0.04 0.04 0.04 0.05 0.03 0.02 
0.03 0.04 0.05 0.02 0.03 0.04 0.02 0.04 0.02 0.03 
0.03 0.05 0.03 0.05 0.03 0.02 0.04 0.02 0.03 0.05 
0.02 0.02 0.02 0.03 0.04 0.04 0.04 0.03 0.04 0.04 
0.03 0.03 0.05 0.03 0.02 0.03 0.05 0.05 0.04 0.02 
0.02 0.04 0.02 0.02 0.04 0.05 0.02 0.05 0.04 0.05 
0.03 0.02 0.03 0.05 0.03 0.03 0.03 0.05 0.05 0.03 
0.03 0.04 0.03 0.04 0.05 0.04 0.03 0.03 0.03 0.04 
0.02 0.05 0.03 0.04 0.04 0.03 0.02 0.02 0.02 0.04 
0.03 0.05 0.02 0.04 0.05 0.02 0.03 0.05 0.04 0.04 
0.05 0.04 0.05 0.02 0.04 0.03 0.04 0.03 0.04 0.03 
0.02 0.03 0.03 0.05 0.04 0.04 0.05 0.02 0.02 0.02 
0.05 0.02 0.04 0.04 0.05 0.03 0.04 0.05 0.04 0.03 
0.04 0.03 0.04 0.03 0.04 0.02 0.05 0.03 0.05 0.04 
0.04 0.05 0.02 0.04 0.05 0.05 0.04 0.05 0.02 0.03 
0.04 0.02 0.04 0.02 0.05 0.04 0.02 0.03 0.05 0.02 
0.04 0.04 0.04 0.02 0.03 0.05 0.04 0.02 0.04 0.04 
0.02 0.03 0.03 0.02 0.03 0.05 0.04 0.05 0.04 0.03 
0.04 0.03 0.02 0.04 0.04 0.03 0.02 0.05 0.03 0.04 
0.02 0.05 0.04 0.04 0.05 0.02 0.04 0.03 0.02 0.05 
0.02 0.05 0.02 0.03 0.05 0.04 0.03 0.04 0.02 0.04 
0.03 0.02 0.04 0.03 0.03 0.05 0.05 0.05 0.05 0.02 
0.03 0.05 0.02 0.03 0.02 0.02 0.04 0.03 0.03 0.02 
0.05 0.02 0.04 0.05 0.04 0.05 0.04 0.02 0.03 0.04 
0.03 0.05 0.05 0.05 0.03 0.05 0.02 0.03 0.05 0.02 
0.03 0.04 0.02 0.03 0.02 0.05 0.03 0.02 0.03 0.04 
0.02 0.02 0.04 0.04 0.04 0.04 0.05 0.04 0.04 0.04 
0.05 0.05 0.02 0.02 0.02 0.04 0.02 0.05 0.05 0.02 
0.03 0.05 0.02 0.03 0.05 0.05 0.04 0.05 0.04 0.04 
0.05 0.05 0.04 0.05 0.05 0.02 0.05 0.02 0.03 0.04 
0.05 0.02 0.02 0.03 0.03 0.05 0.03 0.02 0.04 0.05 
0.05 0.02 0.05 0.05 0.04 0.02 0.04 0.04 0.02 0.04 
0.04 0.03 0.04 0.02 0.02 0.03 0.02 0.05 0.05 0.04 
0.03 0.04 0.02 0.03 0.02 0.05 0.03 0.05 0.04 0.03 
0.03 0.03 0.04 0.02 0.04 0.04 0.05 0.05 0.02 0.05 
0.02 0.05 0.03 0.04 0.05 0.04 0.04 0.03 0.03 0.03 
0.03 0.04 0.05 0.03 0.04 0.02 0.02 0.02 0.04 0.03 
0.02 0.03 0.03 0.04 0.03 0.03 0.02 0.05 0.02 0.04 
0.03 0.03 0.04 0.04 0.03 0.03 0.05 0.03 0.04 0.04 
0.02 0.03 0.04 0.03 0.04 0.02 0.05 0.02 0.03 0.02 
0.02 0.04 0.03 0.03 0.04 0.05 0.04 0.03 0.05 0.04 
0.02 0.03 0.05 0.03 0.03 0.05 0.04 0.03 0.04 0.02 
0.02 0.04 0.05 0.03 0.03 0.02 0.04 0.02 0.05 0.05 
0.03 0.03 0.05 0.05 0.03 0.05 0.03 0.05 0.04 0.03 
0.02 0.03 0.04 0.05 0.04 0.05 0.04 0.03 0.03 0.02 
0.05 0.04 0.03 0.03 0.03 0.02 0.02 0.05 0.02 0.03 
0.02 0.04 0.04 0.02 0.05 0.04 0.04 0.02 0.05 0.05 
0.05 0.03 0.03 0.03 0.03 0.03 0.04 0.02 0.02 0.02 
0.04 0.05 0.03 0.05 0.02 0.02 0.03 0.04 0.05 0.04 
0.05 0.05 0.02 0.03 0.05 0.05 0.02 0.04 0.04 0.04 
0.04 0.04 0.04 0.03 0.02 0.04 0.04 0.05 0.05 0.02 
0.03 0.05 0.04 0.02 0.03 0.02 0.03 0.04 0.04 0.02 
0.05 0.03 0.04 0.04 0.05 0.03 0.02 0.05 0.02 0.04 
0.03 0.03 0.02 0.03 0.03 0.04 0.04 0.02 0.03 0.04 
0.05 0.05 0.02 0.02 0.03 0.02 0.02 0.04 0.02 0.03 
0.05 0.05 0.04 0.03 0.03 0.02 0.03 0.03 0.04 0.05 
0.03 0.04 0.02 0.05 0.04 0.03 0.03 0.04 0.04 0.04 
0.04 0.05 0.04 0.05 0.04 0.02 0.04 0.02 0.04 0.05 
0.03 0.03 0.02 0.03 0.02 0.03 0.02 0.02 0.03 0.05 
0.03 0.05 0.05 0.03 0.05 0.02 0.03 0.05 0.05 0.03 
0.04 0.02 0.05 0.04 0.05 0.02 0.04 0.04 0.04 0.04 
0.05 0.05 0.02 0.04 0.02 0.02 0.05 0.04 0.02 0.03 
0.02 0.04 0.03 0.04 0.03 0.04 0.03 0.03 0.02 0.03 
0.04 0.03 0.05 0.04 0.04 0.03 0.04 0.05 0.05 0.04 
0.05 0.05 0.05 0.04 0.04 0.03 0.03 0.04 0.05 0.02 
0.04 0.02 0.02 0.02 0.04 0.02 0.02 0.04 0.05 0.04 
0.03 0.02 0.05 0.04 0.02 0.03 0.03 0.03 0.05 0.04 
0.03 0.02 0.03 0.05 0.05 0.05 0.03 0.04 0.04 0.04 
0.05 0.05 0.03 0.02 0.05 0.05 0.05 0.04 0.02 0.05 
0.03 0.03 0.05 0.05 0.04 0.04 0.05 0.04 0.02 0.05 
0.04 0.02 0.03 0.02 0.02 0.03 0.04 0.03 0.03 0.02 
0.02 0.05 0.04 0.04 0.02 0.05 0.02 0.02 0.05 0.02 
0.03 0.03 0.04 0.03 0.02 0.03 0.02 0.04 0.04 0.04 
0.05 0.02 0.03 0.02 0.03 0.03 0.02 0.03 0.03 0.05 
0.04 0.04 0.03 0.04 0.04 0.05 0.04 0.04 0.03 0.03 
0.05 0.05 0.03 0.05 0.03 0.04 0.04 0.04 0.05 0.05 
0.04 0.03 0.03 0.04 0.04 0.05 0.03 0.03 0.05 0.02 
0.04 0.05 0.04 0.02 0.04 0.05 0.02 0.03 0.04 0.05 
0.03 0.05 0.02 0.02 0.02 0.05 0.03 0.05 0.05 0.02 
0.04 0.03 0.04 0.04 0.04 0.04 0.04 0.04 0.02 0.02 
0.02 0.05 0.04 0.05 0.03 0.04 0.04 0.05 0.02 0.03 
0.05 0.04 0.02 0.05 0.04 0.02 0.05 0.02 0.03 0.03 
0.03 0.04 0.04 0.04 0.02 0.04 0.02 0.02 0.02 0.05 
0.05 0.05 0.04 0.05 0.04 0.03 0.04 0.05 0.05 0.05 
0.03 0.02 0.03 0.02 0.03 0.04 0.03 0.02 0.03 0.03 
0.05 0.05 0.04 0.02 0.04 0.04 0.05 0.04 0.02 0.02 
0.02 0.03 0.03 0.05 0.04 0.03 0.05 0.05 0.05 0.04 
0.02 0.04 0.05 0.03 0.05 0.02 0.04 0.05 0.02 0.04 
0.04 0.05 0.05 0.02 0.03 0.05 0.02 0.02 0.03 0.03 
0.03 0.04 0.03 0.05 0.04 0.05 0.05 0.05 0.04 0.02 
0.05 0.03 0.03 0.05 0.02 0.04 0.02 0.04 0.02 0.03 
0.05 0.04 0.03 0.03 0.04 0.05 0.03 0.03 0.05 0.02 
0.0381397 0.0190699 0.0190699 0.0476747 0.0676665 0.0286048 0.0286048 0.0476747 0.0190699 0.0381397 
0.0286048 0.0381397 0.0286048 0.0286048 0.0190699 0.0190699 0.0476747 0.0476747 0.0286048 0.0286048 
0.0381397 0.0476747 0.0190699 0.0381397 0.0190699 0.0476747 0.0286048 0.0381397 0.0190699 0.0286048 
0.0190699 0.0381397 0.0381397 0.0286048 0.0286048 0.0497847 0.0412037 0.0476747 0.0476747 0.0286048 
0.0286048 0.0286048 0.0190699 0.0190699 0.0286048 0.0476747 0.0476747 0.0381397 0.0476747 0.0286048 
0.0476747 0.0381397 0.0381397 0.0476747 0.0486073 0.0476747 0.0286048 0.0190699 0.0476747 0.0190699 
0.0381397 0.0190699 0.0476747 0.0570386 0.0476747 0.0190699 0.0476747 0.0476747 0.0476747 0.0190699 
0.0381397 0.0190699 0.0190699 0.0190699 0.0392691 0.0286048 0.0190699 0.0381397 0.0476747 0.0476747 
0.0286048 0.0476747 0.0286048 0.0381397 0.0286048 0.0676665 0.0663813 0.0286048 0.0190699 0.0507386 
0.0286048 0.0476747 0.0190699 0.0286048 0.0381397 0.0476747 0.0476747 0.0286048 0.0190699 0.0381397 
0.04 0.04 0.03 0.03 0.05 0.03 0.03 0.05 0.04 0.02 
0.04 0.05 0.04 0.04 0.05 0.03 0.04 0.03 0.03 0.05 
0.03 0.05 0.02 0.04 0.02 0.03 0.03 0.02 0.04 0.03 
0.04 0.05 0.04 0.03 0.02 0.03 0.04 0.03 0.03 0.04 
0.02 0.03 0.03 0.05 0.03 0.03 0.02 0.03 0.05 0.02 
0.02 0.04 0.02 0.03 0.04 0.04 0.05 0.03 0.02 0.02 
0.02 0.03 0.03 0.03 0.05 0.04 0.05 0.05 0.03 0.04 
0.03 0.02 0.02 0.04 0.05 0.04 0.04 0.02 0.02 0.05 
0.02 0.03 0.05 0.05 0.04 0.02 0.05 0.04 0.02 0.04 
0.03 0.05 0.05 0.04 0.04 0.03 0.03 0.04 0.05 0.05 
0.05 0.03 0.04 0.04 0.05 0.03 0.05 0.03 0.05 0.03 
0.02 0.05 0.02 0.02 0.03 0.03 0.04 0.04 0.04 0.04 
0.05 0.03 0.02 0.04 0.03 0.05 0.03 0.05 0.02 0.02 
0.02 0.03 0.03 0.05 0.02 0.02 0.04 0.04 0.05 0.03 
0.04 0.03 0.04 0.05 0.03 0.04 0.03 0.04 0.03 0.03 
0.04 0.02 0.04 0.03 0.02 0.03 0.03 0.03 0.04 0.04 
0.02 0.02 0.04 0.02 0.04 0.02 0.02 0.05 0.02 0.05 
0.03 0.04 0.02 0.05 0.02 0.05 0.02 0.05 0.05 0.04 
0.02 0.05 0.03 0.05 0.04 0.05 0.03 0.04 0.05 0.03 
0.04 0.02 0.02 0.03 0.04 0.04 0.05 0.03 0.04 0.04 
0.04 0.03 0.04 0.04 0.05 0.03 0.03 0.05 0.03 0.02 
0.04 0.05 0.04 0.03 0.03 0.05 0.03 0.03 0.02 0.05 
0.02 0.03 0.04 0.04 0.03 0.03 0.05 0.04 0.04 0.03 
0.04 0.03 0.02 0.04 0.04 0.02 0.04 0.03 0.02 0.04 
0.05 0.02 0.02 0.05 0.02 0.02 0.05 0.03 0.03 0.02 
0.02 0.02 0.04 0.04 0.03 0.02 0.03 0.04 0.04 0.04 
0.02 0.02 0.02 0.03 0.02 0.02 0.02 0.04 0.02 0.03 
0.03 0.02 0.05 0.03 0.03 0.03 0.05 0.02 0.05 0.04 
0.04 0.04 0.03 0.04 0.04 0.02 0.02 0.04 0.05 0.02 
0.04 0.02 0.03 0.02 0.03 0.05 0.02 0.02 0.02 0.02 
0.03 0.02 0.04 0.03 0.02 0.03 0.04 0.04 0.03 0.03 
0.05 0.02 0.05 0.02 0.02 0.03 0.05 0.03 0.03 0.03 
0.05 0.02 0.05 0.05 0.02 0.02 0.05 0.04 0.03 0.03 
0.03 0.03 0.05 0.02 0.02 0.03 0.04 0.03 0.05 0.04 
0.02 0.04 0.05 0.04 0.02 0.05 0.05 0.02 0.04 0.04 
0.04 0.03 0.02 0.04 0.05 0.05 0.03 0.05 0.03 0.03 
0.05 0.02 0.02 0.02 0.04 0.04 0.03 0.04 0.05 0.04 
0.05 0.05 0.04 0.02 0.02 0.05 0.03 0.05 0.02 0.04 
0.04 0.05 0.04 0.05 0.05 0.04 0.02 0.02 0.04 0.02 
0.03 0.04 0.05 0.03 0.02 0.04 0.02 0.04 0.04 0.03 
0.05 0.02 0.02 0.04 0.03 0.05 0.04 0.03 0.05 0.04 
0.02 0.02 0.03 0.04 0.03 0.03 0.03 0.05 0.04 0.04 
0.05 0.02 0.04 0.03 0.02 0.02 0.04 0.02 0.02 0.05 
0.05 0.02 0.04 0.05 0.02 0.05 0.05 0.02 0.03 0.03 
0.03 0.03 0.04 0.03 0.04 0.03 0.05 0.04 0.02 0.04 
0.05 0.03 0.05 0.04 0.02 0.04 0.04 0.02 0.03 0.04 
0.05 0.03 0.04 0.05 0.04 0.04 0.02 0.02 0.02 0.03 
0.03 0.03 0.04 0.03 0.02 0.02 0.03 0.03 0.03 0.04 
0.05 0.02 0.05 0.03 0.03 0.05 0.03 0.04 0.02 0.04 
0.03 0.04 0.04 0.04 0.03 0.05 0.02 0.04 0.03 0.05 
0.05 0.05 0.05 0.05 0.02 0.04 0.04 0.02 0.05 0.02 
0.05 0.02 0.02 0.02 0.04 0.03 0.02 0.05 0.04 0.03 
0.03 0.03 0.03 0.03 0.03 0.03 0.05 0.02 0.03 0.02 
0.05 0.02 0.02 0.04 0.02 0.04 0.02 0.04 0.04 0.03 
0.02 0.03 0.02 0.02 0.02 0.05 0.05 0.04 0.04 0.05 
0.03 0.04 0.03 0.03 0.05 0.05 0.04 0.04 0.02 0.03 
0.03 0.05 0.05 0.03 0.02 0.02 0.03 0.02 0.03 0.03 
0.04 0.04 0.04 0.03 0.04 0.03 0.04 0.04 0.02 0.05 
0.04 0.02 0.03 0.03 0.05 0.05 0.04 0.03 0.03 0.05 
0.05 0.05 0.02 0.04 0.03 0.05 0.02 0.02 0.02 0.02 
0.0026337 0.00773796 0.00418825 0.00523114 0.0106051 0.0017558 0.0245985 0.00213284 0.0342071 0.00390132 
0.00438949 0.0152955 0.00365734 0.00825753 0.00210161 0.019681 0.0051574 0.0017558 0.0017558 0.0026337 
0.00459757 0.00582792 0.0026337 0.0017558 0.0567275 0.00750357 0.00351159 0.0147656 0.00311527 0.0511094 
0.00438949 0.0026337 0.0124158 0.0017558 0.0128392 0.142259 0.0194636 0.00565281 0.00377726 0.00351159 
0.0583032 0.0555989 0.00351159 0.0802635 0.007095 0.139919 0.0017558 0.023137 0.0026337 0.0017558 
0.00438949 0.00297958 0.0017558 0.0026337 0.0254607 0.141384 0.00818654 0.0517089 0.0185025 0.145659 
0.00284976 0.0026337 0.0187403 0.0697682 0.00351159 0.136464 0.00438949 0.0026337 0.0026337 0.00351159 
0.00351159 0.0264151 0.0139005 0.00438949 0.0315438 0.111846 0.0413141 0.0017558 0.00977083 0.0017558 
0.00438949 0.0139822 0.00551687 0.0268743 0.0026337 0.142259 0.00832177 0.0100314 0.0102349 0.0026337 
0.00351159 0.0017558 0.0026337 0.00540062 0.0026337 0.139919 0.139919 0.136464 0.00735957 0.0404378 
0.03 0.02 0.05 0.05 0.04 0.04 0.05 0.04 0.02 0.04 
0.03 0.03 0.02 0.03 0.02 0.02 0.04 0.03 0.05 0.04 
0.02 0.03 0.04 0.02 0.05 0.02 0.02 0.04 0.05 0.02 
0.02 0.02 0.04 0.02 0.04 0.03 0.04 0.03 0.02 0.02 
0.02 0.03 0.04 0.03 0.02 0.02 0.05 0.05 0.03 0.02 
0.04 0.04 0.02 0.03 0.04 0.04 0.05 0.03 0.02 0.04 
0.02 0.02 0.04 0.05 0.02 0.02 0.03 0.04 0.04 0.02 
0.04 0.05 0.05 0.02 0.05 0.02 0.04 0.05 0.04 0.03 
0.05 0.05 0.05 0.02 0.02 0.04 0.03 0.02 0.03 0.05 
0.04 0.04 0.04 0.02 0.03 0.02 0.02 0.02 0.02 0.02 
0.05 0.04 0.04 0.05 0.02 0.05 0.03 0.02 0.02 0.03 
0.05 0.04 0.04 0.03 0.03 0.04 0.03 0.05 0.03 0.02 
0.03 0.03 0.04 0.03 0.05 0.03 0.02 0.02 0.04 0.03 
0.05 0.05 0.03 0.03 0.05 0.03 0.03 0.03 0.02 0.05 
0.02 0.04 0.02 0.03 0.02 0.04 0.05 0.05 0.02 0.03 
0.04 0.04 0.05 0.03 0.02 0.05 0.05 0.04 0.02 0.04 
0.05 0.02 0.04 0.02 0.02 0.04 0.05 0.04 0.05 0.03 
0.03 0.05 0.05 0.04 0.03 0.03 0.05 0.02 0.05 0.04 
0.02 0.03 0.05 0.04 0.04 0.03 0.02 0.03 0.02 0.05 
0.05 0.04 0.02 0.04 0.03 0.05 0.03 0.05 0.03 0.04 
0.0476937 0.0286162 0.0190775 0.0381549 0.0676934 0.0381549 0.0190775 0.0381549 0.0286162 0.0190775 
0.0476937 0.0190775 0.0476937 0.0286162 0.0381549 0.0286162 0.0381549 0.0476937 0.0190775 0.0190775 
0.0286162 0.0286162 0.0381549 0.0476937 0.0190775 0.0381549 0.0286162 0.0190775 0.0286162 0.0381549 
0.0381549 0.0286162 0.0381549 0.0190775 0.0190775 0.0498037 0.0698363 0.0476937 0.0190775 0.0190775 
0.0381549 0.0381549 0.0476937 0.0476937 0.0381549 0.0476937 0.0286162 0.0476937 0.0286162 0.0190775 
0.0381549 0.0476937 0.0381549 0.0381549 0.067699 0.0286162 0.0286162 0.0286162 0.0476937 0.0381549 
0.0381549 0.0190775 0.0286162 0.0570556 0.0190775 0.0476937 0.0476937 0.0286162 0.0190775 0.0286162 
0.0381549 0.0381549 0.0286162 0.0476937 0.058358 0.0190775 0.0190775 0.0190775 0.0190775 0.0286162 
0.0476937 0.0476937 0.0476937 0.0286162 0.0381549 0.0676934 0.0473238 0.0381549 0.0381549 0.0412201 
0.0190775 0.0381549 0.0190775 0.0286162 0.0476937 0.0381549 0.0286162 0.0381549 0.0381549 0.0476937 
0.0157337 0.00303983 0.0424005 0.00303983 0.0159969 0.00379979 0.00354877 0.031295 0.0400851 0.0133918 
0.00379979 0.026766 0.0130729 0.00446101 0.00257915 0.00303983 0.00596017 0.00561632 0.00151991 0.0084297 
0.00359824 0.0333397 0.00151991 0.00409286 0.0152772 0.00151991 0.00227987 0.00303983 0.00227987 0.00227987 
0.0221241 0.00151991 0.00626092 0.00449795 0.00758048 0.146205 0.14263 0.0123914 0.00174983 0.00743696 
0.00227987 0.00227987 0.00227987 0.0458092 0.0619821 0.0110596 0.00151991 0.0449071 0.00686215 0.00379979 
0.0297513 0.00227987 0.0237784 0.0417817 0.140252 0.00820608 0.0906143 0.00227987 0.00379979 0.0171904 
0.00303983 0.029298 0.00379979 0.146205 0.00227987 0.0482495 0.00787944 0.00693049 0.00151991 0.0687953 
0.0318571 0.00227987 0.00151991 0.00573867 0.0944992 0.0128559 0.0385788 0.0240732 0.0164567 0.00151991 
0.0668992 0.00744623 0.0545519 0.0907106 0.00151991 0.14263 0.146205 0.036339 0.00511756 0.0212433 
0.0568515 0.00151991 0.0062524 0.0047198 0.0182083 0.00415736 0.0434393 0.0366633 0.00379979 0.00303983 
0.03 0.04 0.05 0.03 0.05 0.05 0.03 0.04 0.04 0.04 
0.05 0.03 0.04 0.03 0.05 0.05 0.04 0.05 0.02 0.03 
0.02 0.03 0.02 0.05 0.02 0.04 0.02 0.05 0.05 0.03 
0.04 0.03 0.02 0.03 0.03 0.05 0.02 0.03 0.05 0.05 
0.04 0.05 0.04 0.03 0.03 0.02 0.02 0.03 0.03 0.02 
0.04 0.02 0.05 0.03 0.04 0.02 0.02 0.02 0.05 0.04 
0.05 0.04 0.04 0.05 0.04 0.02 0.05 0.05 0.05 0.03 
0.05 0.05 0.05 0.05 0.03 0.05 0.02 0.02 0.04 0.02 
0.05 0.04 0.05 0.05 0.03 0.03 0.02 0.03 0.02 0.02 
0.02 0.03 0.02 0.03 0.03 0.04 0.02 0.04 0.02 0.03 
0.04 0.02 0.05 0.04 0.05 0.05 0.05 0.02 0.04 0.04 
0.05 0.05 0.04 0.05 0.05 0.05 0.02 0.05 0.03 0.04 
0.05 0.04 0.02 0.04 0.05 0.02 0.02 0.02 0.02 0.02 
0.05 0.03 0.03 0.03 0.05 0.04 0.02 0.02 0.05 0.05 
0.02 0.03 0.03 0.04 0.05 0.02 0.03 0.02 0.03 0.05 
0.02 0.02 0.03 0.04 0.03 0.05 0.03 0.05 0.05 0.02 
0.02 0.05 0.05 0.04 0.05 0.02 0.03 0.04 0.02 0.02 
0.05 0.03 0.02 0.05 0.03 0.04 0.04 0.02 0.05 0.02 
0.04 0.02 0.04 0.02 0.05 0.03 0.02 0.05 0.04 0.04 
0.02 0.05 0.02 0.02 0.02 0.05 0.03 0.03 0.03 0.04 
0.036942 0.036942 0.018471 0.0461775 0.0661746 0.018471 0.0277065 0.0277065 0.0277065 0.0277065 
0.0461775 0.0277065 0.0461775 0.0277065 0.0221072 0.0277065 0.018471 0.0461775 0.0461775 0.018471 
0.018471 0.0461775 0.0461775 0.0277065 0.018471 0.018471 0.0277065 0.0277065 0.0277065 0.0461775 
0.0461775 0.0277065 0.0277065 0.0277065 0.036942 0.0511671 0.0875301 0.0277065 0.0489708 0.018471 
0.036942 0.018471 0.018471 0.018471 0.0461775 0.0316336 0.0277065 0.0461775 0.018471 0.018471 
0.036942 0.0461775 0.036942 0.018471 0.0763103 0.0277065 0.036942 0.018471 0.0277065 0.036942 
0.036942 0.036942 0.036942 0.0791221 0.036942 0.018471 0.036942 0.018471 0.0461775 0.0277065 
0.018471 0.0277065 0.036942 0.036942 0.0696853 0.0277065 0.0461775 0.018471 0.0461775 0.036942 
0.0461775 0.036942 0.018471 0.0277065 0.036942 0.0538705 0.0782841 0.0277065 0.036942 0.0590817 
0.036942 0.018471 0.0461775 0.0277065 0.036942 0.0461775 0.0461775 0.0461775 0.0461775 0.0277065 
0.00894779 0.0109521 0.00609154 0.00609154 0.00812205 0.00406103 0.00761488 0.00853835 0.0127811 0.0122075 
0.00406103 0.0101526 0.0892786 0.132035 0.00812205 0.00406103 0.0294747 0.00609154 0.0101526 0.0113336 
0.0137682 0.0116448 0.00789184 0.00406103 0.0101526 0.0384448 0.00530154 0.0129865 0.0101526 0.0871026 
0.0671248 0.0606006 0.00406103 0.00406103 0.00812205 0.0107096 0.00621084 0.0160951 0.00876653 0.00983972 
0.00916685 0.00406103 0.0160812 0.146674 0.00609154 0.00865886 0.0274074 0.141356 0.00609154 0.00609154 
0.0101526 0.0136388 0.00609154 0.00871659 0.146674 0.0086995 0.141356 0.0101526 0.00609154 0.0138746 
0.00406103 0.0127682 0.0698343 0.0643359 0.00812205 0.141356 0.00812205 0.00609153 0.0285143 0.00570435 
0.00406103 0.00812205 0.0101526 0.00812205 0.146674 0.00812205 0.142425 0.0112617 0.00939676 0.00609154 
0.0166988 0.0477401 0.00609154 0.146674 0.00812205 0.0127401 0.0180813 0.146982 0.0101526 0.00812205 
0.00812205 0.00812205 0.0101526 0.00961665 0.0101526 0.0235078 0.0106894 0.0101502 0.00787599 0.0441286 
0.05 0.04 0.03 0.04 0.05 0.05 0.04 0.04 0.05 0.05 
0.03 0.04 0.04 0.02 0.03 0.04 0.02 0.03 0.04 0.04 
0.04 0.05 0.04 0.03 0.02 0.02 0.04 0.05 0.05 0.05 
0.05 0.02 0.03 0.04 0.02 0.02 0.03 0.04 0.03 0.02 
0.03 0.02 0.03 0.05 0.04 0.02 0.02 0.04 0.03 0.04 
0.02 0.05 0.02 0.05 0.05 0.02 0.04 0.03 0.05 0.03 
0.05 0.02 0.04 0.04 0.05 0.03 0.05 0.02 0.05 0.03 
0.05 0.05 0.02 0.04 0.02 0.02 0.02 0.02 0.02 0.02 
0.03 0.04 0.03 0.02 0.03 0.05 0.02 0.05 0.05 0.03 
0.04 0.04 0.05 0.04 0.03 0.02 0.04 0.04 0.02 0.02 
0.02 0.04 0.03 0.02 0.03 0.03 0.02 0.04 0.04 0.03 
0.02 0.05 0.04 0.04 0.02 0.03 0.03 0.03 0.04 0.04 
0.03 0.04 0.04 0.05 0.03 0.03 0.02 0.04 0.04 0.04 
0.05 0.04 0.04 0.02 0.02 0.05 0.05 0.03 0.03 0.02 
0.04 0.05 0.02 0.05 0.02 0.05 0.04 0.03 0.04 0.04 
0.02 0.04 0.05 0.04 0.02 0.04 0.02 0.05 0.03 0.04 
0.05 0.02 0.04 0.03 0.02 0.03 0.02 0.02 0.04 0.02 
0.05 0.05 0.02 0.03 0.05 0.02 0.04 0.02 0.05 0.05 
0.02 0.03 0.03 0.03 0.03 0.02 0.04 0.05 0.02 0.02 
0.03 0.02 0.02 0.03 0.03 0.05 0.05 0.03 0.05 0.05 
0.05 0.02 0.03 0.05 0.03 0.05 0.02 0.02 0.03 0.03 
0.03 0.04 0.05 0.02 0.03 0.05 0.05 0.03 0.03 0.05 
0.05 0.02 0.03 0.03 0.05 0.04 0.02 0.02 0.03 0.04 
0.02 0.05 0.05 0.03 0.02 0.05 0.03 0.04 0.02 0.04 
0.05 0.05 0.03 0.05 0.04 0.02 0.02 0.04 0.04 0.03 
0.02 0.03 0.02 0.05 0.02 0.05 0.05 0.05 0.03 0.05 
0.02 0.02 0.02 0.04 0.04 0.05 0.03 0.04 0.05 0.05 
0.02 0.05 0.02 0.05 0.02 0.04 0.02 0.05 0.02 0.02 
0.05 0.04 0.04 0.04 0.02 0.02 0.03 0.03 0.04 0.05 
0.03 0.02 0.05 0.03 0.03 0.02 0.02 0.02 0.02 0.02 
0.0192656 0.0288985 0.0481641 0.0192656 0.0385313 0.0288985 0.0385313 0.0385313 0.0363391 0.0481641 
0.0192656 0.0385313 0.0288985 0.0481641 0.0481641 0.0288985 0.0192656 0.0481641 0.0192656 0.0288985 
0.0385313 0.0288985 0.0481641 0.0288985 0.0288985 0.0479117 0.0288985 0.0481641 0.0192656 0.0192656 
0.0192656 0.0537054 0.0288985 0.0481641 0.0288985 0.0513306 0.0643837 0.0385313 0.0481641 0.0481641 
0.0192656 0.0288985 0.0192656 0.0192656 0.0481641 0.0385313 0.0288985 0.0288985 0.0192656 0.0192656 
0.0385313 0.0481641 0.0192656 0.0192656 0.0378207 0.0481641 0.0385313 0.0385313 0.0481641 0.0385313 
0.0385313 0.0385313 0.0192656 0.0334996 0.0288985 0.0192656 0.0192656 0.0385313 0.0192656 0.0481641 
0.0385313 0.0288985 0.0481641 0.0385313 0.0672023 0.0192656 0.0192656 0.0481641 0.0288985 0.0481641 
0.0192656 0.0192656 0.0481641 0.0192656 0.0385313 0.0507404 0.0512595 0.0385313 0.0288985 0.0192656 
0.0192656 0.0192656 0.0481641 0.0288985 0.0385313 0.0481641 0.0385313 0.0481641 0.0481641 0.0481641 
0.04 0.05 0.04 0.04 0.04 0.02 0.03 0.04 0.03 0.02 
0.02 0.03 0.03 0.03 0.03 0.05 0.05 0.03 0.05 0.03 
0.05 0.05 0.03 0.02 0.04 0.04 0.02 0.05 0.05 0.02 
0.02 0.05 0.03 0.05 0.03 0.03 0.04 0.04 0.02 0.04 
0.04 0.03 0.03 0.05 0.02 0.03 0.04 0.05 0.04 0.03 
0.05 0.04 0.04 0.03 0.03 0.05 0.04 0.05 0.03 0.05 
0.04 0.02 0.04 0.02 0.02 0.03 0.02 0.03 0.03 0.03 
0.05 0.02 0.05 0.04 0.05 0.04 0.03 0.05 0.02 0.02 
0.03 0.05 0.03 0.03 0.03 0.05 0.04 0.04 0.05 0.03 
0.04 0.02 0.04 0.05 0.05 0.05 0.03 0.02 0.02 0.03 
0.02 0.04 0.02 0.05 0.03 0.03 0.02 0.02 0.03 0.03 
0.04 0.03 0.03 0.04 0.03 0.02 0.04 0.02 0.02 0.05 
0.05 0.03 0.02 0.03 0.04 0.04 0.03 0.04 0.03 0.03 
0.05 0.04 0.03 0.03 0.03 0.03 0.04 0.05 0.03 0.03 
0.05 0.03 0.03 0.03 0.04 0.04 0.05 0.02 0.05 0.03 
0.04 0.02 0.05 0.02 0.03 0.02 0.02 0.05 0.02 0.02 
0.03 0.03 0.02 0.05 0.04 0.02 0.05 0.02 0.03 0.02 
0.04 0.05 0.03 0.04 0.05 0.05 0.04 0.02 0.05 0.05 
0.04 0.02 0.02 0.03 0.04 0.04 0.05 0.03 0.05 0.02 
0.04 0.04 0.04 0.03 0.04 0.04 0.02 0.04 0.03 0.03 
0.03 0.03 0.02 0.02 0.05 0.04 0.02 0.04 0.04 0.05 
0.03 0.04 0.03 0.02 0.03 0.02 0.04 0.02 0.05 0.05 
0.05 0.04 0.04 0.05 0.03 0.05 0.02 0.05 0.04 0.02 
0.02 0.03 0.04 0.05 0.05 0.04 0.02 0.03 0.03 0.04 
0.03 0.03 0.03 0.05 0.02 0.05 0.04 0.03 0.05 0.03 
0.05 0.03 0.04 0.04 0.05 0.04 0.05 0.05 0.02 0.03 
0.05 0.04 0.03 0.02 0.05 0.03 0.03 0.05 0.02 0.03 
0.02 0.02 0.05 0.02 0.04 0.02 0.03 0.05 0.05 0.03 
0.05 0.05 0.04 0.02 0.02 0.04 0.05 0.05 0.05 0.03 
0.02 0.03 0.02 0.02 0.02 0.03 0.03 0.02 0.05 0.02 
0.04 0.02 0.02 0.02 0.03 0.04 0.05 0.04 0.02 0.03 
0.04 0.04 0.02 0.04 0.05 0.02 0.05 0.04 0.05 0.05 
0.04 0.04 0.03 0.04 0.03 0.03 0.04 0.04 0.05 0.03 
0.04 0.05 0.05 0.05 0.03 0.05 0.05 0.05 0.05 0.04 
0.02 0.05 0.05 0.05 0.04 0.02 0.02 0.05 0.02 0.05 
0.05 0.05 0.02 0.04 0.04 0.05 0.03 0.05 0.05 0.02 
0.03 0.03 0.04 0.04 0.05 0.04 0.02 0.02 0.04 0.02 
0.05 0.05 0.04 0.02 0.04 0.04 0.05 0.03 0.03 0.05 
0.03 0.04 0.03 0.04 0.02 0.03 0.02 0.02 0.05 0.05 
0.05 0.02 0.02 0.02 0.02 0.04 0.02 0.05 0.02 0.03 
0.04 0.03 0.02 0.02 0.03 0.03 0.04 0.03 0.05 0.03 
0.03 0.03 0.05 0.03 0.02 0.05 0.02 0.02 0.03 0.03 
0.02 0.02 0.05 0.03 0.05 0.03 0.04 0.02 0.02 0.03 
0.02 0.02 0.03 0.04 0.04 0.02 0.05 0.02 0.04 0.05 
0.05 0.03 0.05 0.05 0.02 0.02 0.05 0.04 0.03 0.05 
0.03 0.05 0.05 0.02 0.04 0.04 0.02 0.04 0.05 0.02 
0.04 0.02 0.02 0.03 0.03 0.05 0.03 0.05 0.05 0.04 
0.03 0.05 0.05 0.03 0.04 0.02 0.03 0.03 0.02 0.04 
0.03 0.02 0.03 0.04 0.02 0.03 0.03 0.03 0.03 0.05 
0.04 0.04 0.03 0.02 0.02 0.04 0.05 0.03 0.03 0.02 
0.05 0.04 0.05 0.02 0.05 0.05 0.03 0.03 0.04 0.03 
0.04 0.02 0.03 0.03 0.03 0.05 0.05 0.05 0.03 0.02 
0.03 0.02 0.02 0.05 0.05 0.04 0.02 0.04 0.05 0.05 
0.02 0.02 0.05 0.04 0.05 0.02 0.04 0.05 0.04 0.05 
0.04 0.05 0.02 0.02 0.04 0.02 0.04 0.03 0.03 0.05 
0.02 0.04 0.05 0.03 0.02 0.05 0.05 0.05 0.02 0.05 
0.02 0.05 0.05 0.04 0.02 0.04 0.02 0.02 0.05 0.05 
0.02 0.03 0.04 0.03 0.02 0.02 0.03 0.05 0.02 0.03 
0.02 0.03 0.02 0.03 0.04 0.04 0.04 0.02 0.04 0.02 
0.03 0.04 0.02 0.04 0.03 0.02 0.05 0.03 0.03 0.02 
0.04 0.04 0.05 0.04 0.05 0.04 0.04 0.04 0.05 0.02 
0.02 0.02 0.05 0.03 0.02 0.05 0.02 0.03 0.03 0.02 
0.04 0.05 0.05 0.03 0.05 0.02 0.03 0.05 0.02 0.03 
0.03 0.03 0.02 0.02 0.04 0.02 0.05 0.05 0.02 0.02 
0.02 0.03 0.03 0.02 0.03 0.05 0.04 0.02 0.05 0.04 
0.05 0.03 0.03 0.05 0.05 0.02 0.05 0.05 0.02 0.02 
0.05 0.03 0.05 0.03 0.05 0.04 0.04 0.05 0.03 0.04 
0.04 0.04 0.04 0.03 0.03 0.03 0.05 0.05 0.05 0.04 
0.05 0.03 0.05 0.02 0.02 0.05 0.04 0.02 0.04 0.05 
0.03 0.02 0.04 0.02 0.04 0.05 0.03 0.04 0.04 0.04 
0.03 0.05 0.05 0.05 0.02 0.04 0.04 0.02 0.05 0.05 
0.04 0.04 0.02 0.04 0.03 0.03 0.04 0.02 0.04 0.02 
0.05 0.02 0.05 0.03 0.02 0.04 0.04 0.04 0.02 0.04 
0.05 0.05 0.02 0.05 0.05 0.02 0.02 0.03 0.02 0.04 
0.02 0.05 0.02 0.04 0.05 0.04 0.02 0.02 0.02 0.04 
0.02 0.04 0.03 0.02 0.02 0.05 0.04 0.05 0.03 0.05 
0.05 0.03 0.03 0.04 0.03 0.03 0.03 0.05 0.03 0.04 
0.05 0.04 0.05 0.05 0.03 0.02 0.05 0.02 0.02 0.05 
0.05 0.03 0.02 0.02 0.05 0.04 0.05 0.05 0.05 0.03 
0.03 0.03 0.03 0.04 0.02 0.05 0.04 0.05 0.03 0.03 
0.05 0.03 0.02 0.04 0.03 0.03 0.04 0.04 0.04 0.04 
0.02 0.04 0.03 0.05 0.02 0.02 0.04 0.04 0.03 0.04 
0.02 0.05 0.05 0.03 0.03 0.05 0.03 0.02 0.04 0.05 
0.04 0.02 0.02 0.04 0.03 0.02 0.04 0.03 0.03 0.03 
0.05 0.05 0.05 0.04 0.04 0.03 0.02 0.05 0.02 0.03 
0.03 0.05 0.03 0.02 0.05 0.05 0.02 0.03 0.04 0.04 
0.02 0.04 0.02 0.04 0.05 0.03 0.05 0.05 0.05 0.05 
0.03 0.04 0.03 0.03 0.05 0.05 0.02 0.03 0.02 0.02 
0.04 0.04 0.03 0.03 0.04 0.05 0.02 0.04 0.05 0.02 
0.03 0.04 0.04 0.02 0.03 0.05 0.02 0.04 0.02 0.02 
0.05 0.05 0.04 0.05 0.05 0.05 0.04 0.02 0.03 0.05 
0.05 0.02 0.02 0.04 0.04 0.02 0.02 0.04 0.05 0.02 
0.02 0.04 0.03 0.02 0.03 0.05 0.05 0.03 0.04 0.05 
0.02 0.03 0.04 0.05 0.05 0.04 0.03 0.03 0.05 0.05 
0.04 0.05 0.04 0.04 0.05 0.04 0.02 0.03 0.05 0.05 
0.03 0.02 0.05 0.05 0.03 0.05 0.02 0.03 0.04 0.02 
0.02 0.02 0.05 0.04 0.05 0.03 0.05 0.04 0.03 0.04 
0.02 0.05 0.03 0.02 0.05 0.05 0.03 0.03 0.05 0.04 
0.05 0.02 0.03 0.05 0.04 0.03 0.03 0.05 0.04 0.02 
0.02 0.04 0.05 0.02 0.02 0.05 0.02 0.04 0.05 0.05 
0.04 0.03 0.03 0.03 0.03 0.02 0.05 0.02 0.05 0.05 
0.04 0.04 0.04 0.03 0.05 0.05 0.03 0.05 0.04 0.05 
0.02 0.02 0.02 0.04 0.03 0.02 0.05 0.05 0.04 0.05 
0.05 0.04 0.04 0.05 0.04 0.04 0.05 0.05 0.02 0.04 
0.03 0.03 0.03 0.03 0.03 0.05 0.05 0.02 0.05 0.02 
0.02 0.02 0.02 0.03 0.05 0.05 0.03 0.04 0.03 0.04 
0.04 0.02 0.02 0.05 0.05 0.02 0.03 0.05 0.04 0.05 
0.02 0.03 0.02 0.04 0.02 0.02 0.04 0.05 0.04 0.02 
0.04 0.04 0.03 0.05 0.05 0.02 0.02 0.04 0.02 0.04 
0.02 0.05 0.04 0.02 0.05 0.04 0.05 0.02 0.03 0.03 
0.04 0.03 0.02 0.03 0.02 0.04 0.05 0.04 0.05 0.02 
0.03 0.02 0.04 0.02 0.02 0.02 0.03 0.03 0.04 0.02 
0.04 0.04 0.05 0.02 0.03 0.05 0.04 0.04 0.04 0.03 
0.04 0.05 0.04 0.05 0.04 0.05 0.04 0.02 0.03 0.04 
0.02 0.02 0.05 0.05 0.05 0.03 0.05 0.03 0.05 0.05 
0.02 0.03 0.05 0.05 0.02 0.04 0.03 0.03 0.04 0.04 
0.04 0.05 0.05 0.02 0.05 0.03 0.04 0.04 0.05 0.05 
0.05 0.04 0.04 0.03 0.05 0.02 0.02 0.05 0.02 0.02 
0.02 0.03 0.04 0.02 0.05 0.04 0.02 0.05 0.02 0.03 
0.04 0.03 0.04 0.03 0.02 0.05 0.05 0.05 0.02 0.04 
0.0285735 0.0285735 0.0476225 0.0285735 0.0675924 0.0285735 0.0476225 0.019049 0.0476225 0.0476225 
0.038098 0.0476225 0.038098 0.019049 0.0285735 0.0285735 0.038098 0.019049 0.019049 0.0476225 
0.038098 0.0285735 0.0285735 0.038098 0.0285735 0.019049 0.019049 0.038098 0.019049 0.019049 
0.038098 0.019049 0.019049 0.0285735 0.0476225 0.0497324 0.069732 0.038098 0.019049 0.038098 
0.0476225 0.019049 0.019049 0.0285735 0.0285735 0.0476225 0.019049 0.038098 0.038098 0.0476225 
0.0285735 0.038098 0.019049 0.019049 0.067617 0.038098 0.0476225 0.038098 0.038098 0.019049 
0.019049 0.038098 0.0285735 0.0665164 0.038098 0.0476225 0.038098 0.038098 0.038098 0.019049 
0.0285735 0.019049 0.0285735 0.038098 0.0582865 0.0285735 0.019049 0.0285735 0.0476225 0.038098 
0.019049 0.038098 0.019049 0.038098 0.019049 0.0580679 0.0377531 0.0285735 0.038098 0.069732 
0.0285735 0.038098 0.038098 0.038098 0.038098 0.019049 0.0285735 0.019049 0.038098 0.0476225 
0.04 0.05 0.02 0.05 0.02 0.04 0.04 0.03 0.05 0.02 
0.04 0.03 0.04 0.04 0.03 0.02 0.05 0.03 0.02 0.03 
0.02 0.03 0.02 0.02 0.04 0.05 0.02 0.04 0.04 0.02 
0.05 0.02 0.05 0.05 0.04 0.04 0.03 0.03 0.05 0.05 
0.05 0.04 0.05 0.02 0.04 0.04 0.03 0.04 0.02 0.03 
0.04 0.03 0.05 0.05 0.05 0.02 0.04 0.05 0.05 0.02 
0.04 0.03 0.04 0.05 0.03 0.02 0.03 0.04 0.04 0.05 
0.03 0.05 0.02 0.03 0.02 0.05 0.04 0.04 0.03 0.04 
0.04 0.03 0.04 0.04 0.03 0.05 0.03 0.02 0.05 0.05 
0.04 0.02 0.04 0.03 0.03 0.03 0.04 0.03 0.05 0.02 
0.02 0.04 0.05 0.05 0.05 0.02 0.03 0.03 0.02 0.02 
0.05 0.05 0.02 0.03 0.03 0.02 0.05 0.04 0.04 0.05 
0.04 0.05 0.04 0.04 0.04 0.02 0.04 0.02 0.02 0.04 
0.02 0.02 0.05 0.04 0.02 0.02 0.03 0.03 0.03 0.03 
0.02 0.02 0.05 0.04 0.02 0.03 0.04 0.04 0.03 0.05 
0.02 0.03 0.03 0.04 0.04 0.05 0.05 0.05 0.02 0.02 
0.05 0.05 0.05 0.04 0.05 0.04 0.04 0.02 0.05 0.02 
0.03 0.05 0.03 0.04 0.02 0.03 0.05 0.05 0.05 0.04 
0.04 0.02 0.05 0.04 0.03 0.04 0.02 0.04 0.05 0.03 
0.03 0.03 0.02 0.03 0.03 0.04 0.05 0.05 0.03 0.04 
0.05 0.03 0.04 0.04 0.05 0.04 0.04 0.04 0.02 0.02 
0.03 0.05 0.03 0.03 0.03 0.04 0.04 0.03 0.04 0.03 
0.03 0.04 0.02 0.04 0.04 0.03 0.05 0.02 0.03 0.04 
0.05 0.04 0.05 0.03 0.05 0.02 0.04 0.05 0.05 0.02 
0.05 0.04 0.05 0.02 0.03 0.04 0.02 0.04 0.02 0.03 
0.05 0.02 0.02 0.05 0.05 0.03 0.02 0.04 0.02 0.03 
0.05 0.04 0.03 0.05 0.03 0.03 0.02 0.02 0.04 0.04 
0.03 0.05 0.05 0.04 0.05 0.03 0.03 0.02 0.02 0.02 
0.04 0.03 0.04 0.04 0.05 0.02 0.03 0.03 0.02 0.05 
0.04 0.02 0.04 0.02 0.05 0.04 0.04 0.05 0.02 0.02 
0.03 0.05 0.02 0.03 0.03 0.03 0.02 0.04 0.04 0.05 
0.04 0.03 0.02 0.02 0.04 0.04 0.02 0.02 0.04 0.05 
0.05 0.03 0.04 0.03 0.05 0.05 0.04 0.04 0.05 0.05 
0.04 0.02 0.03 0.04 0.05 0.03 0.03 0.03 0.02 0.02 
0.02 0.05 0.03 0.04 0.03 0.05 0.02 0.02 0.03 0.05 
0.04 0.04 0.04 0.03 0.05 0.04 0.02 0.05 0.02 0.04 
0.03 0.04 0.02 0.05 0.02 0.04 0.03 0.05 0.04 0.02 
0.04 0.02 0.05 0.04 0.02 0.05 0.05 0.05 0.04 0.02 
0.03 0.04 0.04 0.05 0.05 0.05 0.04 0.04 0.05 0.03 
0.02 0.04 0.03 0.02 0.05 0.02 0.05 0.05 0.02 0.05 
