0.05 0.04 0.03 0.05 0.04 0.04 0.05 0.03 0.02 0.03 
0.04 0.03 0.04 0.04 0.02 0.02 0.05 0.03 0.02 0.04 
0.04 0.04 0.04 0.04 0.04 0.05 0.02 0.03 0.02 0.03 
0.05 0.03 0.02 0.03 0.04 0.03 0.04 0.05 0.04 0.03 
0.03 0.04 0.05 0.02 0.02 0.04 0.05 0.03 0.05 0.04 
0.02 0.05 0.03 0.05 0.03 0.03 0.05 0.05 0.05 0.05 
0.05 0.04 0.04 0.03 0.02 0.04 0.03 0.02 0.04 0.03 
0.04 0.04 0.02 0.02 0.02 0.02 0.04 0.04 0.04 0.03 
0.04 0.04 0.03 0.03 0.04 0.04 0.02 0.04 0.02 0.04 
0.04 0.05 0.02 0.02 0.03 0.02 0.02 0.02 0.03 0.02 
0.02 0.05 0.03 0.03 0.03 0.03 0.05 0.04 0.02 0.05 
0.02 0.03 0.03 0.03 0.03 0.05 0.03 0.02 0.02 0.03 
0.04 0.05 0.02 0.02 0.03 0.04 0.02 0.05 0.02 0.04 
0.05 0.02 0.05 0.05 0.05 0.03 0.04 0.03 0.02 0.02 
0.05 0.02 0.05 0.05 0.03 0.02 0.02 0.04 0.03 0.05 
0.04 0.05 0.03 0.03 0.03 0.03 0.04 0.04 0.04 0.05 
0.04 0.04 0.03 0.02 0.05 0.02 0.03 0.03 0.04 0.04 
0.04 0.02 0.03 0.05 0.03 0.02 0.02 0.04 0.03 0.03 
0.03 0.02 0.02 0.03 0.04 0.03 0.02 0.02 0.03 0.05 
0.02 0.04 0.05 0.04 0.02 0.05 0.04 0.02 0.04 0.03 
0.04 0.03 0.02 0.02 0.03 0.02 0.02 0.02 0.03 0.05 
0.05 0.03 0.04 0.02 0.04 0.04 0.04 0.03 0.04 0.04 
0.02 0.04 0.02 0.04 0.02 0.04 0.02 0.05 0.04 0.04 
0.05 0.03 0.04 0.04 0.05 0.04 0.04 0.02 0.02 0.02 
0.02 0.05 0.03 0.04 0.05 0.03 0.03 0.05 0.02 0.04 
0.03 0.02 0.03 0.02 0.05 0.03 0.02 0.02 0.02 0.02 
0.02 0.05 0.03 0.04 0.04 0.04 0.05 0.04 0.02 0.04 
0.03 0.02 0.05 0.04 0.02 0.05 0.02 0.05 0.05 0.05 
0.03 0.02 0.05 0.05 0.03 0.05 0.02 0.05 0.05 0.04 
0.02 0.02 0.02 0.02 0.05 0.05 0.05 0.03 0.04 0.02 
0.03 0.05 0.03 0.04 0.05 0.03 0.02 0.03 0.02 0.04 
0.05 0.04 0.05 0.03 0.05 0.02 0.03 0.02 0.05 0.05 
0.02 0.03 0.03 0.02 0.05 0.03 0.02 0.04 0.02 0.03 
0.05 0.04 0.02 0.03 0.02 0.05 0.04 0.02 0.03 0.03 
0.05 0.02 0.04 0.05 0.02 0.02 0.02 0.04 0.05 0.02 
0.02 0.04 0.04 0.02 0.04 0.02 0.05 0.05 0.02 0.04 
0.03 0.05 0.05 0.02 0.02 0.02 0.05 0.03 0.02 0.04 
0.02 0.05 0.02 0.04 0.05 0.03 0.03 0.04 0.03 0.03 
0.02 0.05 0.05 0.02 0.05 0.03 0.05 0.02 0.04 0.02 
0.05 0.04 0.03 0.05 0.03 0.03 0.05 0.02 0.03 0.05 
0.0387156 0.0483945 0.0483945 0.0193578 0.0355195 0.0308487 0.0618974 0.0483945 0.0387156 0.0387156 
0.0193578 0.0387156 0.0387156 0.0290367 0.0295294 0.0578617 0.044184 0.0290367 0.0193578 0.0193578 
0.0483945 0.0483945 0.0193578 0.0193578 0.0679089 0.0685299 0.0648199 0.0193578 0.0483945 0.0290367 
0.0290367 0.0193578 0.0483945 0.0387156 0.0193578 0.0193578 0.0290367 0.0290367 0.0387156 0.0290367 
0.0193578 0.0483945 0.0290367 0.0483945 0.0193578 0.0483945 0.0290367 0.0483945 0.0483945 0.0290367 
0.0483945 0.0483945 0.0193578 0.0290367 0.0193578 0.0483945 0.0290367 0.0290367 0.0387156 0.0483945 
0.0483945 0.0483945 0.0387156 0.0290367 0.0483945 0.0483945 0.0290367 0.0193578 0.0290367 0.0483945 
0.0483945 0.0387156 0.0483945 0.0483945 0.0387156 0.0387156 0.0483945 0.0483945 0.0387156 0.0483945 
0.0483945 0.0483945 0.0483945 0.0483945 0.0483945 0.0387156 0.0387156 0.0483945 0.0483945 0.0193578 
0.0290367 0.0387156 0.0387156 0.0483945 0.0193578 0.0387156 0.0290367 0.0193578 0.0387156 0.0483945 
0.03 0.02 0.02 0.05 0.04 0.02 0.02 0.02 0.03 0.03 
0.05 0.04 0.02 0.05 0.04 0.04 0.02 0.04 0.03 0.05 
0.02 0.02 0.02 0.02 0.03 0.04 0.05 0.04 0.04 0.04 
0.04 0.03 0.04 0.03 0.02 0.05 0.04 0.03 0.03 0.05 
0.02 0.03 0.02 0.02 0.05 0.04 0.03 0.02 0.03 0.05 
0.03 0.04 0.05 0.05 0.02 0.04 0.04 0.05 0.02 0.03 
0.04 0.03 0.04 0.03 0.04 0.04 0.04 0.02 0.04 0.04 
0.04 0.02 0.02 0.03 0.02 0.03 0.02 0.04 0.05 0.03 
0.03 0.03 0.04 0.05 0.05 0.02 0.02 0.02 0.03 0.05 
0.02 0.04 0.02 0.03 0.03 0.05 0.04 0.03 0.05 0.04 
0.05 0.04 0.05 0.04 0.05 0.02 0.05 0.02 0.03 0.05 
0.03 0.03 0.02 0.02 0.03 0.04 0.03 0.03 0.04 0.04 
0.02 0.02 0.05 0.04 0.03 0.03 0.05 0.05 0.02 0.05 
0.05 0.03 0.03 0.03 0.04 0.03 0.04 0.02 0.05 0.05 
0.04 0.04 0.02 0.05 0.03 0.02 0.02 0.02 0.05 0.02 
0.03 0.02 0.03 0.04 0.03 0.05 0.03 0.03 0.02 0.03 
0.03 0.03 0.03 0.05 0.03 0.02 0.04 0.05 0.04 0.05 
0.05 0.05 0.02 0.02 0.05 0.03 0.05 0.05 0.02 0.02 
0.03 0.05 0.02 0.02 0.04 0.05 0.02 0.02 0.05 0.03 
0.05 0.03 0.03 0.02 0.03 0.05 0.04 0.03 0.05 0.05 
0.05 0.03 0.04 0.05 0.02 0.02 0.02 0.05 0.03 0.04 
0.03 0.03 0.04 0.02 0.03 0.03 0.03 0.05 0.02 0.03 
0.04 0.03 0.04 0.04 0.05 0.03 0.04 0.05 0.03 0.03 
0.03 0.03 0.02 0.04 0.02 0.05 0.03 0.03 0.05 0.02 
0.02 0.02 0.03 0.05 0.03 0.03 0.05 0.02 0.04 0.03 
0.05 0.03 0.04 0.03 0.04 0.02 0.03 0.04 0.03 0.04 
0.04 0.04 0.02 0.02 0.04 0.05 0.03 0.05 0.03 0.02 
0.03 0.03 0.03 0.02 0.03 0.05 0.02 0.02 0.04 0.02 
0.04 0.03 0.02 0.02 0.05 0.03 0.03 0.02 0.02 0.02 
0.04 0.05 0.04 0.05 0.02 0.03 0.05 0.05 0.04 0.05 
0.05 0.02 0.03 0.02 0.04 0.04 0.03 0.02 0.04 0.05 
0.02 0.05 0.02 0.03 0.04 0.02 0.03 0.05 0.04 0.04 
0.03 0.05 0.04 0.04 0.02 0.02 0.05 0.02 0.03 0.03 
0.03 0.04 0.02 0.02 0.05 0.03 0.05 0.03 0.02 0.02 
0.04 0.03 0.05 0.03 0.02 0.04 0.05 0.02 0.04 0.04 
0.04 0.03 0.05 0.04 0.03 0.05 0.03 0.05 0.04 0.05 
0.04 0.03 0.03 0.02 0.03 0.04 0.02 0.02 0.05 0.04 
0.05 0.05 0.05 0.04 0.03 0.05 0.02 0.02 0.03 0.04 
0.02 0.03 0.05 0.04 0.05 0.05 0.02 0.05 0.02 0.03 
0.05 0.03 0.05 0.03 0.04 0.02 0.03 0.04 0.04 0.03 
0.05 0.05 0.02 0.05 0.04 0.02 0.04 0.05 0.03 0.05 
0.04 0.02 0.02 0.05 0.05 0.03 0.03 0.05 0.02 0.04 
0.02 0.02 0.04 0.05 0.02 0.05 0.04 0.05 0.04 0.02 
0.04 0.05 0.05 0.04 0.03 0.04 0.04 0.05 0.03 0.02 
0.04 0.03 0.05 0.03 0.05 0.05 0.05 0.05 0.03 0.03 
0.05 0.03 0.04 0.04 0.04 0.04 0.04 0.05 0.05 0.04 
0.05 0.05 0.02 0.02 0.04 0.05 0.04 0.04 0.04 0.05 
0.04 0.04 0.05 0.05 0.02 0.04 0.04 0.05 0.04 0.03 
0.02 0.02 0.02 0.05 0.02 0.03 0.05 0.03 0.05 0.05 
0.04 0.03 0.02 0.02 0.04 0.02 0.05 0.04 0.02 0.03 
0.05 0.05 0.04 0.02 0.03 0.04 0.02 0.03 0.05 0.04 
0.04 0.02 0.05 0.05 0.04 0.04 0.02 0.02 0.03 0.03 
0.02 0.04 0.02 0.05 0.02 0.04 0.03 0.04 0.03 0.03 
0.02 0.02 0.03 0.02 0.02 0.02 0.05 0.05 0.04 0.02 
0.05 0.05 0.02 0.04 0.02 0.05 0.03 0.02 0.02 0.05 
0.05 0.02 0.04 0.05 0.03 0.04 0.02 0.04 0.05 0.04 
0.05 0.05 0.02 0.04 0.04 0.02 0.05 0.05 0.04 0.04 
0.04 0.03 0.02 0.04 0.04 0.03 0.05 0.05 0.04 0.02 
0.02 0.04 0.04 0.04 0.03 0.03 0.05 0.03 0.05 0.02 
0.03 0.02 0.03 0.05 0.05 0.05 0.05 0.05 0.04 0.02 
0.03 0.02 0.03 0.03 0.04 0.04 0.05 0.02 0.04 0.04 
0.04 0.02 0.05 0.02 0.03 0.03 0.02 0.04 0.02 0.05 
0.04 0.03 0.04 0.05 0.05 0.02 0.04 0.04 0.05 0.05 
0.02 0.04 0.05 0.02 0.04 0.05 0.02 0.02 0.05 0.04 
0.05 0.04 0.03 0.04 0.02 0.05 0.02 0.03 0.02 0.05 
0.05 0.05 0.02 0.02 0.05 0.05 0.02 0.04 0.03 0.02 
0.05 0.02 0.03 0.04 0.04 0.04 0.04 0.02 0.02 0.02 
0.02 0.02 0.03 0.04 0.05 0.03 0.03 0.05 0.02 0.05 
0.04 0.04 0.05 0.03 0.02 0.04 0.05 0.02 0.02 0.05 
0.02 0.03 0.04 0.04 0.03 0.03 0.04 0.05 0.04 0.03 
0.02 0.04 0.03 0.03 0.02 0.02 0.03 0.05 0.04 0.04 
0.05 0.02 0.03 0.02 0.03 0.04 0.03 0.04 0.04 0.04 
0.03 0.05 0.02 0.02 0.02 0.05 0.05 0.03 0.04 0.05 
0.02 0.04 0.05 0.04 0.05 0.04 0.03 0.05 0.05 0.03 
0.04 0.03 0.03 0.02 0.05 0.02 0.02 0.05 0.02 0.05 
0.04 0.02 0.05 0.05 0.02 0.05 0.03 0.05 0.04 0.05 
0.04 0.05 0.05 0.05 0.05 0.05 0.04 0.04 0.04 0.04 
0.03 0.03 0.02 0.04 0.04 0.03 0.03 0.03 0.03 0.02 
0.02 0.04 0.02 0.02 0.02 0.02 0.05 0.04 0.02 0.03 
0.05 0.05 0.03 0.02 0.03 0.04 0.02 0.04 0.03 0.04 
0.03 0.03 0.04 0.02 0.04 0.02 0.02 0.05 0.05 0.03 
0.02 0.02 0.05 0.05 0.04 0.02 0.02 0.05 0.03 0.05 
0.03 0.04 0.05 0.02 0.04 0.03 0.05 0.04 0.05 0.05 
0.03 0.02 0.02 0.04 0.02 0.05 0.05 0.02 0.02 0.05 
0.04 0.04 0.04 0.02 0.05 0.03 0.03 0.04 0.04 0.05 
0.05 0.03 0.04 0.03 0.05 0.05 0.03 0.04 0.05 0.02 
0.02 0.05 0.02 0.05 0.04 0.05 0.05 0.04 0.05 0.05 
0.02 0.04 0.02 0.02 0.02 0.04 0.02 0.02 0.05 0.04 
0.05 0.03 0.04 0.05 0.05 0.02 0.02 0.02 0.05 0.02 
0.04 0.05 0.03 0.04 0.05 0.04 0.04 0.03 0.04 0.02 
0.02 0.05 0.03 0.04 0.03 0.04 0.02 0.02 0.03 0.04 
0.04 0.05 0.05 0.03 0.02 0.05 0.03 0.05 0.04 0.05 
0.05 0.05 0.03 0.03 0.02 0.04 0.04 0.04 0.04 0.03 
0.05 0.02 0.05 0.05 0.05 0.03 0.04 0.04 0.03 0.03 
0.03 0.04 0.02 0.04 0.05 0.04 0.03 0.02 0.04 0.04 
0.02 0.05 0.04 0.03 0.03 0.03 0.02 0.04 0.05 0.03 
0.04 0.04 0.04 0.02 0.03 0.03 0.02 0.04 0.04 0.03 
0.03 0.04 0.04 0.02 0.02 0.05 0.02 0.04 0.04 0.02 
0.02 0.03 0.04 0.05 0.05 0.02 0.03 0.05 0.04 0.02 
0.03 0.05 0.05 0.02 0.03 0.02 0.05 0.05 0.02 0.05 
0.03 0.04 0.03 0.05 0.05 0.05 0.03 0.05 0.05 0.05 
0.03 0.04 0.04 0.03 0.03 0.05 0.05 0.04 0.04 0.05 
0.02 0.04 0.05 0.05 0.04 0.03 0.02 0.02 0.04 0.04 
0.02 0.02 0.02 0.02 0.03 0.05 0.04 0.05 0.04 0.05 
0.03 0.05 0.02 0.02 0.02 0.03 0.04 0.02 0.05 0.02 
0.02 0.04 0.02 0.05 0.04 0.02 0.02 0.03 0.04 0.05 
0.02 0.05 0.03 0.04 0.02 0.03 0.04 0.03 0.05 0.02 
0.03 0.05 0.02 0.05 0.02 0.04 0.05 0.02 0.05 0.02 
0.03 0.03 0.02 0.03 0.03 0.03 0.04 0.03 0.02 0.03 
0.05 0.02 0.04 0.03 0.02 0.04 0.04 0.03 0.03 0.02 
0.02 0.03 0.05 0.05 0.02 0.02 0.02 0.04 0.03 0.03 
0.05 0.05 0.02 0.02 0.05 0.05 0.02 0.03 0.03 0.02 
0.04 0.03 0.04 0.02 0.03 0.04 0.04 0.04 0.05 0.05 
0.03 0.04 0.05 0.03 0.05 0.02 0.03 0.03 0.02 0.05 
0.02 0.02 0.03 0.02 0.03 0.04 0.03 0.02 0.05 0.02 
0.02 0.02 0.03 0.04 0.02 0.02 0.05 0.02 0.05 0.05 
0.04 0.05 0.02 0.02 0.05 0.02 0.02 0.04 0.04 0.02 
0.05 0.03 0.05 0.05 0.03 0.03 0.05 0.05 0.04 0.05 
0.02 0.04 0.04 0.02 0.02 0.04 0.05 0.02 0.04 0.04 
0.03 0.03 0.02 0.03 0.03 0.03 0.04 0.04 0.02 0.02 
0.04 0.05 0.03 0.03 0.03 0.02 0.05 0.04 0.03 0.03 
0.03 0.04 0.04 0.04 0.03 0.02 0.04 0.04 0.02 0.03 
0.03 0.03 0.05 0.03 0.05 0.03 0.02 0.03 0.05 0.03 
0.03 0.03 0.05 0.05 0.04 0.03 0.03 0.02 0.02 0.03 
0.03 0.03 0.05 0.03 0.04 0.05 0.02 0.03 0.05 0.04 
0.04 0.05 0.04 0.05 0.02 0.02 0.02 0.05 0.04 0.04 
0.03 0.03 0.02 0.04 0.02 0.04 0.05 0.03 0.03 0.04 
0.02 0.04 0.04 0.02 0.03 0.02 0.03 0.03 0.02 0.02 
0.02 0.03 0.04 0.05 0.03 0.05 0.04 0.02 0.04 0.04 
0.04 0.02 0.03 0.02 0.02 0.03 0.04 0.02 0.05 0.04 
0.05 0.02 0.02 0.03 0.04 0.03 0.03 0.02 0.04 0.05 
0.02 0.04 0.04 0.02 0.03 0.03 0.04 0.02 0.02 0.03 
0.04 0.05 0.05 0.03 0.03 0.02 0.05 0.02 0.05 0.05 
0.04 0.04 0.03 0.04 0.05 0.05 0.04 0.05 0.04 0.02 
0.03 0.03 0.03 0.02 0.02 0.02 0.04 0.05 0.03 0.03 
0.04 0.04 0.03 0.03 0.02 0.04 0.03 0.05 0.02 0.03 
0.05 0.05 0.05 0.05 0.02 0.04 0.03 0.05 0.03 0.02 
0.05 0.05 0.02 0.04 0.02 0.03 0.04 0.05 0.03 0.05 
0.02 0.04 0.02 0.05 0.05 0.03 0.04 0.04 0.05 0.02 
0.05 0.02 0.04 0.05 0.05 0.04 0.05 0.02 0.03 0.05 
0.02 0.04 0.03 0.02 0.02 0.04 0.03 0.03 0.03 0.04 
0.03 0.04 0.05 0.03 0.03 0.04 0.02 0.05 0.05 0.05 
0.04 0.04 0.03 0.02 0.04 0.02 0.02 0.03 0.03 0.05 
0.04 0.05 0.02 0.03 0.02 0.05 0.02 0.05 0.03 0.05 
0.02 0.02 0.04 0.03 0.05 0.03 0.02 0.05 0.02 0.02 
0.03 0.02 0.04 0.05 0.03 0.05 0.02 0.03 0.02 0.05 
0.05 0.05 0.04 0.05 0.04 0.05 0.02 0.02 0.02 0.02 
0.03 0.03 0.03 0.03 0.04 0.05 0.04 0.03 0.03 0.03 
0.02 0.05 0.04 0.02 0.03 0.05 0.05 0.04 0.04 0.05 
0.02 0.04 0.03 0.02 0.04 0.04 0.05 0.03 0.03 0.03 
0.02 0.02 0.03 0.04 0.04 0.05 0.04 0.04 0.03 0.05 
0.03 0.04 0.05 0.05 0.02 0.03 0.05 0.02 0.05 0.03 
0.02 0.04 0.03 0.02 0.03 0.05 0.05 0.02 0.04 0.05 
0.02 0.02 0.05 0.04 0.05 0.04 0.03 0.03 0.02 0.05 
0.02 0.05 0.02 0.04 0.05 0.04 0.03 0.04 0.03 0.04 
0.04 0.02 0.04 0.03 0.02 0.03 0.03 0.02 0.03 0.04 
0.03 0.04 0.02 0.05 0.02 0.05 0.02 0.04 0.03 0.05 
0.05 0.05 0.03 0.03 0.04 0.05 0.03 0.05 0.04 0.04 
0.02 0.04 0.04 0.05 0.05 0.02 0.04 0.04 0.02 0.03 
0.04 0.04 0.02 0.02 0.03 0.05 0.05 0.02 0.05 0.03 
0.02 0.05 0.03 0.03 0.04 0.03 0.02 0.04 0.05 0.04 
0.05 0.04 0.05 0.02 0.05 0.04 0.05 0.05 0.05 0.02 
0.03 0.04 0.04 0.05 0.04 0.05 0.04 0.04 0.03 0.02 
0.02 0.02 0.04 0.04 0.03 0.02 0.04 0.04 0.02 0.05 
0.02 0.02 0.04 0.04 0.05 0.03 0.02 0.03 0.05 0.03 
0.02 0.03 0.04 0.03 0.03 0.03 0.04 0.05 0.05 0.05 
0.04 0.02 0.02 0.03 0.04 0.02 0.05 0.05 0.03 0.05 
0.04 0.03 0.05 0.04 0.04 0.03 0.04 0.04 0.03 0.03 
0.05 0.02 0.05 0.04 0.05 0.04 0.03 0.05 0.04 0.02 
0.03 0.05 0.02 0.04 0.04 0.05 0.03 0.03 0.03 0.05 
0.05 0.05 0.03 0.03 0.03 0.05 0.04 0.05 0.04 0.05 
0.02 0.05 0.02 0.02 0.04 0.04 0.05 0.04 0.03 0.05 
0.02 0.05 0.02 0.02 0.03 0.04 0.03 0.03 0.02 0.05 
0.04 0.03 0.03 0.04 0.04 0.04 0.05 0.03 0.05 0.03 
0.04 0.04 0.02 0.05 0.03 0.05 0.04 0.05 0.03 0.04 
0.04 0.04 0.05 0.02 0.05 0.03 0.02 0.03 0.03 0.04 
0.04 0.02 0.04 0.02 0.03 0.04 0.04 0.05 0.02 0.02 
0.04 0.05 0.05 0.04 0.04 0.04 0.05 0.05 0.03 0.03 
0.03 0.04 0.05 0.05 0.03 0.05 0.03 0.03 0.04 0.04 
0.04 0.04 0.03 0.05 0.05 0.04 0.05 0.03 0.05 0.02 
0.03 0.05 0.02 0.03 0.03 0.04 0.03 0.02 0.04 0.04 
0.03 0.03 0.04 0.03 0.02 0.05 0.02 0.05 0.03 0.03 
0.02 0.05 0.02 0.03 0.04 0.03 0.03 0.03 0.02 0.02 
0.02 0.05 0.02 0.03 0.03 0.04 0.02 0.04 0.02 0.05 
0.02 0.05 0.05 0.03 0.05 0.04 0.02 0.04 0.05 0.03 
0.04 0.02 0.05 0.02 0.03 0.03 0.03 0.04 0.04 0.03 
0.05 0.02 0.03 0.03 0.03 0.05 0.04 0.04 0.04 0.02 
0.03 0.04 0.05 0.02 0.03 0.03 0.04 0.05 0.04 0.04 
0.04 0.04 0.02 0.03 0.02 0.03 0.04 0.04 0.03 0.02 
0.04 0.05 0.05 0.03 0.05 0.04 0.05 0.03 0.05 0.03 
0.04 0.02 0.04 0.05 0.04 0.05 0.03 0.02 0.04 0.05 
0.03 0.03 0.05 0.04 0.02 0.04 0.02 0.05 0.02 0.02 
0.02 0.02 0.03 0.04 0.03 0.03 0.03 0.03 0.04 0.03 
0.02 0.05 0.04 0.02 0.04 0.03 0.05 0.04 0.05 0.05 
0.04 0.02 0.03 0.05 0.02 0.03 0.02 0.05 0.05 0.03 
0.04 0.05 0.02 0.04 0.02 0.04 0.05 0.02 0.04 0.02 
0.05 0.02 0.03 0.02 0.02 0.05 0.03 0.04 0.04 0.04 
0.04 0.05 0.05 0.03 0.03 0.02 0.02 0.03 0.05 0.02 
0.03 0.02 0.04 0.05 0.03 0.04 0.05 0.02 0.05 0.02 
0.02 0.04 0.03 0.05 0.05 0.02 0.05 0.03 0.03 0.03 
0.02 0.05 0.03 0.02 0.02 0.05 0.04 0.03 0.03 0.03 
0.02 0.05 0.04 0.05 0.03 0.04 0.03 0.03 0.02 0.03 
0.04 0.02 0.05 0.02 0.04 0.05 0.02 0.03 0.02 0.03 
0.03 0.03 0.02 0.04 0.04 0.04 0.03 0.03 0.02 0.02 
0.02 0.04 0.02 0.03 0.04 0.03 0.04 0.05 0.04 0.02 
0.05 0.04 0.04 0.02 0.05 0.04 0.05 0.03 0.03 0.04 
0.04 0.05 0.03 0.05 0.03 0.03 0.02 0.04 0.05 0.03 
0.05 0.03 0.02 0.04 0.02 0.05 0.03 0.02 0.04 0.02 
0.02 0.04 0.05 0.04 0.05 0.02 0.03 0.03 0.03 0.03 
0.04 0.04 0.05 0.04 0.05 0.02 0.04 0.05 0.05 0.03 
0.02 0.02 0.05 0.03 0.03 0.05 0.04 0.02 0.02 0.05 
0.04 0.04 0.03 0.03 0.04 0.05 0.04 0.02 0.05 0.03 
0.05 0.05 0.05 0.05 0.03 0.04 0.02 0.04 0.03 0.05 
0.03 0.03 0.02 0.02 0.04 0.03 0.03 0.05 0.03 0.02 
0.05 0.05 0.05 0.05 0.05 0.04 0.05 0.03 0.02 0.05 
0.03 0.05 0.05 0.03 0.04 0.02 0.04 0.05 0.02 0.03 
0.03 0.04 0.03 0.03 0.02 0.05 0.03 0.03 0.03 0.03 
0.04 0.02 0.04 0.05 0.05 0.02 0.03 0.02 0.04 0.05 
0.05 0.05 0.05 0.03 0.04 0.02 0.04 0.02 0.03 0.03 
0.04 0.03 0.02 0.03 0.04 0.03 0.03 0.04 0.03 0.04 
0.05 0.05 0.05 0.05 0.04 0.02 0.02 0.03 0.04 0.02 
0.03 0.05 0.05 0.04 0.03 0.05 0.02 0.03 0.05 0.03 
0.04 0.05 0.02 0.03 0.02 0.03 0.02 0.02 0.04 0.05 
0.05 0.02 0.03 0.02 0.04 0.04 0.05 0.04 0.03 0.03 
0.04 0.03 0.03 0.04 0.05 0.02 0.03 0.03 0.04 0.02 
0.02 0.05 0.03 0.02 0.02 0.04 0.05 0.03 0.05 0.04 
0.02 0.05 0.03 0.03 0.03 0.05 0.05 0.04 0.05 0.03 
0.03 0.02 0.05 0.02 0.03 0.03 0.02 0.02 0.03 0.02 
0.02 0.03 0.05 0.05 0.03 0.02 0.05 0.03 0.05 0.02 
0.04 0.02 0.04 0.05 0.02 0.02 0.03 0.04 0.03 0.05 
0.02 0.05 0.04 0.05 0.02 0.02 0.05 0.03 0.05 0.04 
0.03 0.03 0.05 0.04 0.04 0.04 0.02 0.05 0.02 0.03 
0.05 0.02 0.05 0.05 0.05 0.02 0.04 0.04 0.02 0.03 
0.02 0.03 0.05 0.03 0.03 0.02 0.05 0.05 0.03 0.02 
0.04 0.02 0.02 0.03 0.02 0.05 0.03 0.03 0.03 0.03 
0.02 0.03 0.02 0.03 0.04 0.04 0.04 0.03 0.05 0.05 
0.04 0.03 0.02 0.05 0.03 0.04 0.03 0.04 0.02 0.05 
0.02 0.05 0.04 0.05 0.04 0.04 0.03 0.04 0.02 0.04 
0.05 0.03 0.04 0.04 0.05 0.02 0.04 0.05 0.04 0.03 
0.02 0.05 0.02 0.03 0.03 0.04 0.03 0.04 0.02 0.03 
0.04 0.02 0.03 0.05 0.03 0.03 0.02 0.05 0.04 0.03 
0.03 0.04 0.04 0.03 0.03 0.02 0.05 0.04 0.05 0.02 
0.04 0.02 0.04 0.04 0.05 0.02 0.04 0.02 0.03 0.03 
0.04 0.04 0.05 0.04 0.02 0.05 0.02 0.02 0.04 0.02 
0.04 0.02 0.02 0.04 0.02 0.03 0.02 0.02 0.02 0.02 
0.05 0.02 0.03 0.02 0.02 0.02 0.05 0.02 0.05 0.02 
0.03 0.05 0.02 0.03 0.03 0.04 0.04 0.03 0.04 0.02 
0.04 0.03 0.03 0.05 0.02 0.04 0.02 0.03 0.02 0.05 
0.03 0.03 0.03 0.02 0.04 0.03 0.05 0.03 0.02 0.05 
0.02 0.05 0.02 0.03 0.03 0.02 0.03 0.03 0.03 0.03 
0.03 0.02 0.02 0.03 0.02 0.03 0.03 0.05 0.05 0.03 
0.04 0.03 0.03 0.02 0.02 0.03 0.05 0.05 0.04 0.05 
0.04 0.05 0.02 0.03 0.04 0.05 0.05 0.03 0.05 0.02 
0.04 0.03 0.04 0.05 0.04 0.04 0.04 0.02 0.05 0.05 
0.03 0.02 0.04 0.02 0.02 0.03 0.02 0.02 0.05 0.04 
0.04 0.03 0.03 0.05 0.03 0.02 0.04 0.02 0.05 0.03 
0.05 0.03 0.05 0.05 0.05 0.03 0.05 0.04 0.02 0.02 
0.03 0.02 0.02 0.04 0.03 0.04 0.03 0.02 0.04 0.02 
0.03 0.02 0.02 0.03 0.05 0.04 0.02 0.02 0.05 0.03 
0.05 0.04 0.03 0.03 0.04 0.02 0.04 0.03 0.05 0.02 
0.05 0.03 0.05 0.05 0.04 0.04 0.05 0.04 0.05 0.05 
0.02 0.04 0.03 0.02 0.05 0.04 0.05 0.02 0.02 0.02 
0.04 0.04 0.03 0.03 0.03 0.02 0.04 0.02 0.02 0.04 
0.05 0.04 0.05 0.04 0.05 0.03 0.03 0.05 0.05 0.03 
0.02 0.04 0.05 0.03 0.02 0.03 0.02 0.04 0.03 0.05 
0.02 0.02 0.04 0.03 0.05 0.05 0.03 0.03 0.04 0.04 
0.04 0.05 0.04 0.02 0.03 0.03 0.04 0.04 0.04 0.02 
0.04 0.03 0.04 0.05 0.05 0.04 0.05 0.02 0.04 0.05 
0.03 0.05 0.05 0.05 0.04 0.04 0.04 0.04 0.04 0.05 
0.04 0.04 0.02 0.04 0.04 0.05 0.03 0.04 0.03 0.03 
0.05 0.05 0.04 0.02 0.04 0.05 0.05 0.03 0.04 0.02 
0.03 0.05 0.05 0.05 0.05 0.05 0.02 0.04 0.02 0.04 
0.02 0.05 0.04 0.04 0.02 0.04 0.04 0.05 0.03 0.02 
0.03 0.04 0.04 0.03 0.05 0.02 0.04 0.03 0.04 0.02 
0.04 0.03 0.05 0.03 0.03 0.03 0.02 0.05 0.04 0.05 
0.03 0.02 0.04 0.03 0.03 0.03 0.03 0.04 0.03 0.05 
0.05 0.03 0.03 0.04 0.02 0.04 0.02 0.04 0.03 0.04 
0.02 0.03 0.04 0.05 0.03 0.05 0.02 0.02 0.03 0.03 
0.05 0.03 0.03 0.03 0.02 0.04 0.05 0.03 0.03 0.05 
0.02 0.03 0.05 0.05 0.04 0.02 0.05 0.03 0.05 0.04 
0.02 0.03 0.02 0.03 0.03 0.04 0.04 0.02 0.03 0.03 
0.04 0.04 0.05 0.02 0.04 0.05 0.03 0.02 0.02 0.04 
0.04 0.03 0.03 0.05 0.05 0.04 0.02 0.02 0.03 0.04 
0.04 0.04 0.02 0.03 0.03 0.02 0.02 0.03 0.02 0.02 
0.04 0.05 0.05 0.04 0.05 0.04 0.04 0.05 0.05 0.02 
0.05 0.03 0.04 0.05 0.02 0.04 0.04 0.02 0.05 0.03 
0.05 0.02 0.02 0.04 0.03 0.02 0.04 0.03 0.02 0.04 
0.04 0.02 0.05 0.02 0.04 0.03 0.03 0.05 0.03 0.05 
0.05 0.02 0.02 0.02 0.02 0.04 0.02 0.02 0.04 0.05 
0.02 0.04 0.03 0.03 0.03 0.02 0.03 0.04 0.03 0.02 
0.02 0.03 0.02 0.03 0.03 0.02 0.05 0.05 0.05 0.03 
0.05 0.03 0.02 0.03 0.04 0.04 0.03 0.02 0.05 0.05 
0.04 0.02 0.04 0.03 0.03 0.03 0.05 0.04 0.03 0.05 
0.04 0.02 0.02 0.02 0.02 0.02 0.05 0.05 0.02 0.04 
0.05 0.04 0.03 0.02 0.03 0.03 0.02 0.02 0.02 0.02 
0.02 0.04 0.02 0.03 0.03 0.02 0.02 0.02 0.04 0.03 
0.05 0.05 0.03 0.03 0.04 0.03 0.03 0.05 0.04 0.04 
0.04 0.02 0.04 0.03 0.04 0.02 0.02 0.04 0.05 0.03 
0.03 0.04 0.04 0.02 0.03 0.05 0.03 0.04 0.03 0.05 
0.03 0.02 0.04 0.03 0.05 0.02 0.02 0.04 0.04 0.02 
0.03 0.05 0.04 0.02 0.05 0.05 0.04 0.02 0.02 0.05 
0.03 0.03 0.04 0.02 0.05 0.04 0.04 0.05 0.02 0.04 
0.05 0.04 0.05 0.04 0.05 0.04 0.03 0.05 0.02 0.03 
0.04 0.04 0.03 0.05 0.05 0.02 0.05 0.04 0.03 0.04 
0.04 0.02 0.03 0.02 0.03 0.03 0.03 0.04 0.03 0.03 
0.03 0.05 0.04 0.04 0.04 0.02 0.05 0.05 0.02 0.04 
0.04 0.03 0.05 0.05 0.05 0.04 0.03 0.05 0.04 0.04 
0.02 0.05 0.04 0.04 0.05 0.03 0.02 0.05 0.05 0.02 
0.04 0.03 0.02 0.02 0.05 0.02 0.03 0.02 0.03 0.05 
0.04 0.05 0.03 0.04 0.04 0.04 0.02 0.03 0.04 0.04 
0.03 0.03 0.02 0.02 0.05 0.04 0.04 0.02 0.04 0.04 
0.03 0.02 0.02 0.05 0.03 0.04 0.03 0.04 0.04 0.03 
0.04 0.03 0.03 0.05 0.02 0.02 0.05 0.04 0.05 0.02 
0.02 0.05 0.04 0.05 0.04 0.05 0.04 0.04 0.03 0.05 
0.04 0.02 0.05 0.05 0.04 0.02 0.05 0.05 0.03 0.05 
0.02 0.05 0.04 0.04 0.02 0.02 0.02 0.05 0.02 0.04 
0.03 0.03 0.04 0.05 0.05 0.04 0.02 0.03 0.04 0.02 
0.02 0.03 0.05 0.03 0.04 0.04 0.03 0.03 0.02 0.02 
0.02 0.03 0.04 0.05 0.02 0.04 0.02 0.02 0.05 0.04 
0.02 0.02 0.04 0.05 0.04 0.05 0.02 0.05 0.03 0.04 
0.05 0.05 0.02 0.02 0.03 0.02 0.04 0.02 0.02 0.03 
0.03 0.04 0.02 0.04 0.02 0.02 0.04 0.03 0.03 0.03 
0.04 0.02 0.04 0.05 0.04 0.04 0.04 0.04 0.03 0.05 
0.03 0.03 0.03 0.03 0.04 0.03 0.04 0.05 0.05 0.03 
0.03 0.03 0.03 0.05 0.04 0.03 0.02 0.02 0.05 0.02 
0.04 0.04 0.03 0.02 0.05 0.05 0.03 0.03 0.04 0.04 
0.02 0.02 0.05 0.02 0.05 0.03 0.05 0.04 0.02 0.03 
0.03 0.05 0.04 0.03 0.04 0.03 0.02 0.03 0.02 0.03 
0.04 0.04 0.04 0.02 0.02 0.04 0.04 0.05 0.02 0.02 
0.03 0.04 0.05 0.03 0.03 0.05 0.05 0.05 0.03 0.05 
8.29378e-08 5.52918e-08 5.52918e-08 1.3823e-07 0.128499 0.129503 0.130114 5.52918e-08 8.29378e-08 8.29378e-08 
1.3823e-07 1.3823e-07 5.52918e-08 5.52918e-08 0.131303 0.12784 0.127174 1.3823e-07 5.52918e-08 1.3823e-07 
1.10584e-07 1.3823e-07 8.29378e-08 8.29378e-08 0.136721 0.129354 0.129496 1.3823e-07 1.10584e-07 1.3823e-07 
5.52918e-08 5.52918e-08 8.29378e-08 1.10584e-07 1.3823e-07 5.52918e-08 5.52918e-08 1.3823e-07 5.52918e-08 1.10584e-07 
1.10584e-07 5.52918e-08 1.10584e-07 1.3823e-07 1.10584e-07 1.10584e-07 8.29378e-08 1.10584e-07 5.52918e-08 1.10584e-07 
5.52918e-08 8.29378e-08 5.52918e-08 1.3823e-07 5.52918e-08 5.52918e-08 5.52918e-08 1.10584e-07 8.29378e-08 5.52918e-08 
8.29378e-08 1.3823e-07 1.3823e-07 1.3823e-07 1.10584e-07 8.29378e-08 1.10584e-07 1.10584e-07 1.3823e-07 1.10584e-07 
8.29378e-08 5.52918e-08 1.3823e-07 1.10584e-07 5.52918e-08 5.52918e-08 5.52918e-08 5.52918e-08 8.29378e-08 8.29378e-08 
5.52918e-08 1.10584e-07 5.52918e-08 5.52918e-08 1.3823e-07 1.10584e-07 1.10584e-07 8.29378e-08 8.29378e-08 1.3823e-07 
5.52918e-08 1.10584e-07 5.52918e-08 1.10584e-07 1.10584e-07 1.3823e-07 1.3823e-07 5.52918e-08 5.52918e-08 8.29378e-08 
0.02 0.04 0.03 0.03 0.03 0.02 0.05 0.02 0.02 0.03 
0.04 0.02 0.02 0.02 0.05 0.04 0.04 0.03 0.02 0.05 
0.02 0.03 0.02 0.04 0.03 0.02 0.04 0.05 0.02 0.03 
0.03 0.04 0.04 0.05 0.03 0.03 0.04 0.05 0.03 0.05 
0.03 0.03 0.04 0.02 0.04 0.04 0.04 0.05 0.05 0.03 
0.05 0.03 0.03 0.02 0.03 0.05 0.03 0.04 0.04 0.03 
0.02 0.04 0.05 0.02 0.03 0.03 0.02 0.04 0.03 0.05 
0.05 0.02 0.05 0.05 0.05 0.03 0.04 0.03 0.03 0.05 
0.02 0.05 0.03 0.03 0.05 0.03 0.03 0.05 0.05 0.02 
0.05 0.03 0.03 0.02 0.03 0.02 0.03 0.03 0.05 0.05 
0.05 0.05 0.02 0.05 0.05 0.02 0.02 0.05 0.03 0.02 
0.05 0.04 0.02 0.03 0.05 0.03 0.05 0.02 0.04 0.02 
0.04 0.02 0.02 0.04 0.05 0.04 0.02 0.03 0.05 0.05 
0.02 0.02 0.02 0.05 0.02 0.05 0.02 0.05 0.03 0.03 
0.05 0.04 0.03 0.03 0.04 0.02 0.02 0.05 0.03 0.04 
0.03 0.02 0.05 0.04 0.03 0.04 0.05 0.03 0.03 0.02 
0.05 0.05 0.05 0.02 0.03 0.03 0.03 0.02 0.05 0.03 
0.05 0.03 0.03 0.03 0.04 0.05 0.04 0.02 0.04 0.04 
0.05 0.04 0.05 0.02 0.02 0.05 0.03 0.02 0.02 0.05 
0.05 0.05 0.05 0.03 0.05 0.05 0.04 0.04 0.03 0.03 
0.02 0.02 0.04 0.05 0.03 0.04 0.05 0.03 0.03 0.05 
0.03 0.05 0.02 0.02 0.05 0.03 0.02 0.05 0.04 0.02 
0.04 0.03 0.03 0.02 0.05 0.03 0.02 0.03 0.05 0.02 
0.02 0.02 0.05 0.04 0.05 0.02 0.05 0.04 0.04 0.04 
0.04 0.02 0.05 0.03 0.04 0.03 0.04 0.05 0.02 0.03 
0.05 0.03 0.05 0.04 0.03 0.05 0.02 0.02 0.02 0.04 
0.02 0.04 0.05 0.03 0.02 0.04 0.03 0.03 0.03 0.03 
0.05 0.04 0.05 0.02 0.05 0.03 0.02 0.05 0.02 0.03 
0.03 0.02 0.04 0.04 0.02 0.05 0.03 0.04 0.02 0.05 
0.03 0.05 0.03 0.03 0.04 0.04 0.05 0.02 0.05 0.03 
0.03 0.04 0.05 0.04 0.02 0.05 0.04 0.02 0.04 0.05 
0.02 0.02 0.05 0.03 0.02 0.05 0.05 0.02 0.02 0.04 
0.04 0.04 0.04 0.03 0.02 0.03 0.02 0.03 0.05 0.02 
0.03 0.02 0.04 0.02 0.02 0.02 0.04 0.05 0.02 0.03 
0.02 0.05 0.02 0.05 0.04 0.04 0.04 0.02 0.05 0.02 
0.04 0.02 0.03 0.03 0.03 0.05 0.04 0.02 0.05 0.03 
0.05 0.05 0.02 0.04 0.05 0.05 0.04 0.04 0.03 0.05 
0.05 0.03 0.02 0.03 0.05 0.04 0.05 0.03 0.03 0.04 
0.04 0.03 0.02 0.05 0.05 0.05 0.02 0.05 0.02 0.05 
0.02 0.04 0.05 0.05 0.04 0.03 0.05 0.03 0.03 0.02 
0.05 0.03 0.03 0.02 0.02 0.03 0.04 0.05 0.02 0.04 
0.04 0.04 0.03 0.03 0.02 0.05 0.03 0.05 0.02 0.04 
0.02 0.05 0.02 0.05 0.05 0.03 0.02 0.04 0.03 0.04 
0.02 0.04 0.05 0.03 0.05 0.03 0.04 0.04 0.02 0.05 
0.03 0.05 0.04 0.03 0.03 0.03 0.02 0.05 0.03 0.03 
0.02 0.02 0.04 0.03 0.03 0.03 0.03 0.02 0.05 0.05 
0.03 0.04 0.04 0.02 0.02 0.02 0.02 0.04 0.03 0.05 
0.03 0.05 0.04 0.05 0.02 0.03 0.02 0.03 0.05 0.05 
0.05 0.02 0.05 0.02 0.02 0.05 0.02 0.05 0.02 0.03 
0.04 0.04 0.02 0.03 0.02 0.03 0.04 0.02 0.05 0.05 
2.04555e-08 2.04555e-08 2.04555e-08 3.40924e-08 0.0335237 0.111783 0.0296349 2.04555e-08 1.3637e-08 2.04555e-08 
2.04555e-08 1.3637e-08 3.40924e-08 3.40924e-08 0.110123 0.0364673 0.110413 3.40924e-08 3.40924e-08 3.40924e-08 
3.40924e-08 3.40924e-08 1.3637e-08 0.110278 0.0262742 0.0260387 0.0136585 0.116809 2.72739e-08 1.3637e-08 
2.72739e-08 1.3637e-08 0.111868 1.3637e-08 1.3637e-08 3.40924e-08 2.72739e-08 3.40924e-08 0.11246 2.04555e-08 
1.3637e-08 0.116599 2.04555e-08 2.04555e-08 2.72739e-08 2.72739e-08 1.3637e-08 2.04555e-08 2.72739e-08 0.116776 
0.111426 2.72739e-08 2.04555e-08 3.40924e-08 1.3637e-08 2.72739e-08 2.04555e-08 3.40924e-08 3.40924e-08 2.72739e-08 
2.04555e-08 2.04555e-08 3.40924e-08 1.3637e-08 3.40924e-08 2.04555e-08 2.04555e-08 1.3637e-08 1.3637e-08 1.3637e-08 
3.40924e-08 1.3637e-08 3.40924e-08 2.04555e-08 3.40924e-08 3.40924e-08 1.3637e-08 3.40924e-08 3.40924e-08 3.40924e-08 
1.3637e-08 2.72739e-08 1.3637e-08 2.72739e-08 3.40924e-08 3.40924e-08 2.72739e-08 3.40924e-08 3.40924e-08 1.3637e-08 
3.40924e-08 2.72739e-08 2.72739e-08 3.40924e-08 2.04555e-08 1.3637e-08 2.04555e-08 2.04555e-08 2.04555e-08 2.72739e-08 
0.03 0.03 0.02 0.02 0.03 0.03 0.04 0.03 0.02 0.03 
0.04 0.05 0.04 0.04 0.02 0.05 0.02 0.05 0.04 0.03 
0.04 0.04 0.05 0.05 0.02 0.05 0.04 0.02 0.03 0.03 
0.02 0.02 0.03 0.05 0.05 0.03 0.02 0.04 0.03 0.04 
0.03 0.04 0.02 0.03 0.04 0.02 0.05 0.03 0.04 0.04 
0.04 0.05 0.02 0.04 0.04 0.02 0.04 0.05 0.05 0.05 
0.03 0.03 0.04 0.04 0.02 0.02 0.05 0.02 0.02 0.02 
0.03 0.05 0.04 0.04 0.05 0.03 0.02 0.05 0.05 0.04 
0.04 0.04 0.05 0.04 0.05 0.02 0.03 0.04 0.04 0.05 
0.03 0.04 0.04 0.05 0.05 0.04 0.05 0.02 0.03 0.02 
0.02 0.02 0.04 0.05 0.05 0.02 0.05 0.04 0.05 0.03 
0.05 0.03 0.05 0.05 0.03 0.04 0.02 0.03 0.04 0.04 
0.02 0.04 0.05 0.04 0.03 0.04 0.02 0.05 0.05 0.02 
0.02 0.04 0.02 0.04 0.02 0.02 0.02 0.03 0.04 0.04 
0.04 0.05 0.04 0.03 0.04 0.04 0.05 0.05 0.03 0.03 
0.02 0.04 0.05 0.02 0.05 0.03 0.03 0.03 0.03 0.05 
0.03 0.04 0.02 0.04 0.02 0.04 0.04 0.05 0.02 0.02 
0.04 0.04 0.04 0.04 0.02 0.05 0.05 0.04 0.04 0.05 
0.02 0.03 0.05 0.03 0.03 0.03 0.05 0.02 0.02 0.04 
0.03 0.05 0.04 0.04 0.03 0.05 0.03 0.03 0.02 0.05 
0.04 0.04 0.02 0.04 0.02 0.05 0.05 0.05 0.04 0.04 
0.02 0.05 0.05 0.05 0.03 0.03 0.03 0.02 0.02 0.05 
0.03 0.02 0.05 0.03 0.05 0.03 0.04 0.03 0.04 0.05 
0.05 0.04 0.04 0.03 0.05 0.02 0.02 0.02 0.05 0.03 
0.02 0.04 0.04 0.03 0.05 0.02 0.03 0.03 0.03 0.03 
0.05 0.04 0.04 0.03 0.02 0.05 0.03 0.05 0.05 0.04 
0.05 0.02 0.05 0.02 0.04 0.03 0.03 0.04 0.04 0.02 
0.05 0.04 0.04 0.02 0.02 0.02 0.05 0.05 0.03 0.04 
0.02 0.02 0.05 0.04 0.02 0.03 0.03 0.05 0.03 0.04 
0.03 0.05 0.05 0.03 0.05 0.03 0.05 0.05 0.03 0.04 
0.02 0.02 0.04 0.03 0.04 0.04 0.04 0.05 0.03 0.05 
0.05 0.03 0.03 0.02 0.03 0.05 0.05 0.04 0.05 0.04 
0.05 0.05 0.04 0.02 0.02 0.02 0.05 0.03 0.02 0.05 
0.03 0.03 0.03 0.05 0.04 0.04 0.04 0.04 0.04 0.02 
0.05 0.05 0.05 0.04 0.02 0.02 0.02 0.04 0.03 0.03 
0.02 0.04 0.04 0.03 0.04 0.02 0.04 0.04 0.03 0.03 
0.04 0.04 0.05 0.03 0.03 0.04 0.04 0.03 0.03 0.04 
0.03 0.03 0.02 0.04 0.03 0.04 0.03 0.02 0.05 0.04 
0.04 0.02 0.03 0.03 0.02 0.05 0.02 0.04 0.02 0.03 
0.05 0.04 0.05 0.02 0.05 0.05 0.03 0.02 0.02 0.04 
0.05 0.02 0.05 0.02 0.03 0.03 0.02 0.04 0.03 0.02 
0.05 0.05 0.03 0.05 0.04 0.05 0.04 0.03 0.04 0.05 
0.05 0.03 0.05 0.05 0.05 0.04 0.05 0.05 0.05 0.02 
0.04 0.02 0.03 0.02 0.05 0.02 0.04 0.02 0.03 0.04 
0.02 0.02 0.02 0.04 0.04 0.05 0.03 0.04 0.04 0.05 
0.04 0.02 0.02 0.03 0.02 0.05 0.05 0.02 0.04 0.02 
0.02 0.03 0.05 0.03 0.02 0.02 0.05 0.05 0.03 0.02 
0.04 0.04 0.05 0.02 0.02 0.03 0.03 0.03 0.05 0.05 
0.02 0.05 0.05 0.02 0.02 0.04 0.03 0.04 0.02 0.05 
0.03 0.05 0.03 0.04 0.02 0.03 0.02 0.03 0.03 0.04 
0.04 0.02 0.04 0.05 0.03 0.03 0.03 0.02 0.05 0.03 
0.03 0.03 0.05 0.03 0.04 0.05 0.03 0.05 0.02 0.04 
0.05 0.04 0.02 0.03 0.03 0.03 0.05 0.04 0.05 0.04 
0.03 0.03 0.04 0.04 0.05 0.05 0.02 0.05 0.02 0.02 
0.02 0.04 0.02 0.04 0.04 0.03 0.03 0.03 0.03 0.03 
0.03 0.05 0.02 0.02 0.03 0.04 0.03 0.02 0.05 0.03 
0.04 0.05 0.03 0.02 0.03 0.02 0.03 0.05 0.05 0.02 
0.02 0.05 0.05 0.03 0.05 0.02 0.04 0.02 0.05 0.02 
0.02 0.05 0.03 0.04 0.03 0.02 0.02 0.03 0.05 0.03 
0.03 0.04 0.02 0.03 0.03 0.05 0.05 0.02 0.04 0.02 
0.02 0.03 0.05 0.02 0.02 0.03 0.02 0.03 0.04 0.04 
0.03 0.05 0.02 0.05 0.03 0.03 0.04 0.04 0.04 0.05 
0.05 0.03 0.05 0.02 0.03 0.05 0.04 0.03 0.04 0.04 
0.03 0.03 0.02 0.03 0.03 0.03 0.05 0.05 0.04 0.05 
0.05 0.04 0.05 0.02 0.02 0.04 0.03 0.02 0.04 0.05 
0.05 0.05 0.02 0.05 0.04 0.03 0.02 0.04 0.04 0.02 
0.05 0.02 0.05 0.02 0.03 0.03 0.04 0.02 0.04 0.03 
0.02 0.03 0.03 0.02 0.05 0.03 0.05 0.02 0.03 0.02 
0.05 0.04 0.05 0.03 0.05 0.05 0.04 0.03 0.02 0.04 
0.03 0.02 0.02 0.02 0.03 0.04 0.03 0.02 0.02 0.05 
1.33191e-07 1.33191e-07 5.32766e-08 1.06553e-07 5.32766e-08 1.33191e-07 5.32766e-08 5.32766e-08 7.99149e-08 1.33191e-07 
1.06553e-07 7.99149e-08 7.99149e-08 5.32766e-08 1.06553e-07 7.99149e-08 7.99149e-08 5.32766e-08 1.06553e-07 5.32766e-08 
5.32766e-08 1.33191e-07 7.99149e-08 1.33191e-07 7.99149e-08 7.99149e-08 1.06553e-07 7.99149e-08 5.32766e-08 5.32766e-08 
1.06553e-07 7.99149e-08 1.33191e-07 1.06553e-07 5.32766e-08 5.32766e-08 5.32766e-08 1.33191e-07 7.99149e-08 1.06553e-07 
5.32766e-08 5.32766e-08 1.06553e-07 5.32766e-08 7.99149e-08 5.32766e-08 7.99149e-08 1.33191e-07 1.06553e-07 5.32766e-08 
1.06553e-07 1.06553e-07 1.06553e-07 1.33191e-07 7.99149e-08 7.99149e-08 7.99149e-08 5.32766e-08 7.99149e-08 1.33191e-07 
1.06553e-07 7.99149e-08 1.33191e-07 1.33191e-07 1.06553e-07 5.32766e-08 1.33191e-07 1.06553e-07 1.06553e-07 1.33191e-07 
0.127028 0.126202 0.129043 1.33191e-07 1.33191e-07 1.06553e-07 1.33191e-07 1.33191e-07 5.32766e-08 5.32766e-08 
0.127373 0.132247 0.134561 1.33191e-07 1.33191e-07 5.32766e-08 1.06553e-07 7.99149e-08 1.06553e-07 1.33191e-07 
0.127325 0.1245 0.126401 5.32766e-08 1.06553e-07 7.99149e-08 1.06553e-07 1.06553e-07 1.06553e-07 7.99149e-08 
0.03 0.05 0.05 0.02 0.04 0.02 0.05 0.02 0.04 0.02 
0.03 0.02 0.05 0.03 0.02 0.04 0.02 0.03 0.03 0.03 
0.05 0.03 0.03 0.03 0.04 0.05 0.02 0.02 0.05 0.03 
0.05 0.04 0.05 0.03 0.03 0.03 0.05 0.02 0.02 0.04 
0.05 0.02 0.02 0.03 0.05 0.03 0.02 0.02 0.04 0.05 
0.05 0.03 0.05 0.02 0.03 0.05 0.03 0.03 0.02 0.05 
0.02 0.02 0.02 0.02 0.04 0.05 0.05 0.04 0.05 0.02 
0.04 0.04 0.04 0.02 0.03 0.04 0.03 0.05 0.02 0.03 
0.03 0.03 0.03 0.03 0.04 0.02 0.03 0.04 0.04 0.05 
0.02 0.02 0.03 0.03 0.03 0.04 0.04 0.04 0.03 0.02 
0.03 0.02 0.05 0.03 0.03 0.05 0.03 0.04 0.03 0.02 
0.04 0.02 0.04 0.02 0.03 0.02 0.04 0.03 0.05 0.02 
0.05 0.02 0.02 0.04 0.05 0.02 0.05 0.05 0.04 0.04 
0.04 0.02 0.03 0.04 0.05 0.05 0.05 0.03 0.04 0.04 
0.05 0.04 0.04 0.04 0.05 0.02 0.03 0.05 0.03 0.03 
0.03 0.05 0.05 0.05 0.02 0.04 0.03 0.02 0.02 0.03 
0.05 0.02 0.02 0.03 0.04 0.02 0.03 0.04 0.03 0.03 
0.04 0.05 0.02 0.02 0.03 0.05 0.03 0.05 0.05 0.05 
0.03 0.02 0.05 0.04 0.05 0.03 0.02 0.05 0.03 0.04 
0.02 0.02 0.05 0.04 0.02 0.02 0.02 0.03 0.05 0.02 
0.03 0.02 0.04 0.03 0.04 0.04 0.03 0.02 0.05 0.04 
0.02 0.04 0.02 0.04 0.04 0.02 0.04 0.05 0.04 0.02 
0.02 0.05 0.04 0.03 0.04 0.04 0.05 0.04 0.04 0.04 
0.05 0.02 0.03 0.04 0.04 0.04 0.05 0.03 0.02 0.03 
0.04 0.02 0.02 0.05 0.04 0.03 0.04 0.05 0.03 0.03 
0.02 0.03 0.04 0.03 0.03 0.05 0.02 0.02 0.05 0.05 
0.03 0.03 0.03 0.05 0.04 0.02 0.02 0.02 0.02 0.04 
0.05 0.05 0.03 0.02 0.02 0.04 0.05 0.02 0.05 0.03 
0.02 0.02 0.03 0.04 0.02 0.04 0.04 0.03 0.03 0.05 
0.04 0.03 0.04 0.05 0.03 0.03 0.03 0.02 0.02 0.04 
0.03 0.04 0.02 0.03 0.04 0.05 0.03 0.03 0.05 0.03 
0.04 0.05 0.04 0.02 0.03 0.02 0.03 0.04 0.03 0.05 
0.04 0.03 0.02 0.04 0.03 0.05 0.02 0.03 0.05 0.04 
0.02 0.05 0.05 0.05 0.05 0.05 0.02 0.04 0.02 0.04 
0.05 0.05 0.03 0.04 0.04 0.04 0.04 0.05 0.03 0.05 
0.04 0.05 0.04 0.02 0.02 0.04 0.02 0.04 0.03 0.03 
0.05 0.05 0.03 0.05 0.05 0.02 0.05 0.02 0.04 0.04 
0.04 0.02 0.04 0.04 0.04 0.04 0.05 0.02 0.05 0.04 
0.04 0.05 0.02 0.02 0.04 0.02 0.04 0.02 0.05 0.02 
0.04 0.04 0.02 0.05 0.02 0.04 0.02 0.03 0.03 0.03 
0.03 0.03 0.04 0.04 0.04 0.04 0.05 0.04 0.03 0.05 
0.02 0.05 0.05 0.03 0.05 0.05 0.03 0.03 0.04 0.04 
0.04 0.05 0.05 0.03 0.02 0.05 0.05 0.03 0.05 0.03 
0.05 0.04 0.03 0.04 0.03 0.02 0.02 0.03 0.05 0.04 
0.04 0.03 0.03 0.03 0.04 0.04 0.02 0.02 0.04 0.02 
0.04 0.04 0.05 0.02 0.04 0.04 0.05 0.02 0.02 0.04 
0.02 0.04 0.03 0.04 0.04 0.05 0.04 0.05 0.04 0.04 
0.02 0.05 0.04 0.05 0.02 0.05 0.05 0.05 0.03 0.04 
0.02 0.05 0.04 0.05 0.04 0.03 0.04 0.02 0.04 0.05 
0.04 0.03 0.02 0.05 0.04 0.04 0.03 0.05 0.03 0.04 
0.02 0.05 0.03 0.03 0.02 0.05 0.03 0.03 0.04 0.04 
0.03 0.03 0.02 0.03 0.02 0.05 0.04 0.02 0.04 0.03 
0.04 0.05 0.04 0.04 0.04 0.02 0.05 0.04 0.03 0.03 
0.04 0.02 0.04 0.04 0.02 0.02 0.04 0.02 0.04 0.04 
0.02 0.04 0.03 0.04 0.03 0.03 0.05 0.02 0.05 0.03 
0.02 0.02 0.05 0.03 0.04 0.04 0.05 0.03 0.05 0.03 
0.04 0.03 0.04 0.03 0.02 0.05 0.05 0.04 0.02 0.05 
0.02 0.05 0.03 0.02 0.03 0.05 0.02 0.02 0.03 0.03 
0.03 0.03 0.03 0.03 0.03 0.04 0.03 0.04 0.03 0.05 
0.02 0.03 0.02 0.04 0.04 0.04 0.05 0.04 0.03 0.03 
0.04 0.04 0.04 0.02 0.05 0.05 0.03 0.05 0.04 0.02 
0.05 0.02 0.03 0.04 0.05 0.04 0.03 0.03 0.03 0.02 
0.03 0.04 0.05 0.03 0.02 0.05 0.04 0.02 0.05 0.02 
0.02 0.02 0.04 0.02 0.02 0.02 0.05 0.03 0.03 0.04 
0.03 0.05 0.03 0.02 0.04 0.03 0.05 0.02 0.04 0.02 
0.04 0.02 0.04 0.04 0.04 0.02 0.04 0.02 0.02 0.02 
0.03 0.02 0.04 0.04 0.02 0.04 0.03 0.04 0.04 0.03 
0.04 0.05 0.02 0.03 0.02 0.02 0.02 0.04 0.05 0.02 
0.03 0.02 0.04 0.04 0.03 0.02 0.02 0.05 0.03 0.03 
0.04 0.03 0.03 0.02 0.03 0.03 0.04 0.05 0.03 0.04 
0.02 0.03 0.05 0.03 0.05 0.05 0.02 0.03 0.05 0.03 
0.04 0.03 0.03 0.05 0.03 0.05 0.02 0.05 0.03 0.04 
0.02 0.02 0.03 0.05 0.05 0.05 0.03 0.03 0.02 0.05 
0.03 0.02 0.02 0.03 0.03 0.05 0.02 0.03 0.04 0.04 
0.03 0.03 0.03 0.05 0.04 0.02 0.02 0.02 0.04 0.02 
0.03 0.05 0.02 0.02 0.04 0.04 0.05 0.02 0.05 0.04 
0.03 0.03 0.03 0.05 0.05 0.04 0.02 0.03 0.02 0.04 
0.05 0.02 0.02 0.05 0.02 0.04 0.05 0.03 0.03 0.03 
0.04 0.03 0.05 0.02 0.02 0.04 0.03 0.03 0.04 0.05 
0.05 0.02 0.02 0.02 0.05 0.04 0.04 0.03 0.04 0.02 
0.04 0.05 0.03 0.04 0.02 0.02 0.05 0.02 0.03 0.05 
0.05 0.04 0.03 0.03 0.02 0.03 0.03 0.05 0.02 0.03 
0.02 0.04 0.05 0.05 0.02 0.05 0.05 0.05 0.02 0.03 
0.02 0.03 0.02 0.03 0.04 0.04 0.02 0.02 0.03 0.04 
0.03 0.04 0.05 0.04 0.03 0.04 0.02 0.02 0.05 0.05 
0.05 0.03 0.02 0.02 0.05 0.04 0.03 0.03 0.04 0.04 
0.03 0.04 0.03 0.02 0.05 0.02 0.04 0.02 0.02 0.02 
0.03 0.05 0.03 0.04 0.05 0.03 0.03 0.03 0.05 0.03 
0.04 0.03 0.03 0.04 0.03 0.03 0.03 0.05 0.02 0.02 
0.02 0.05 0.03 0.02 0.02 0.04 0.03 0.05 0.02 0.03 
0.03 0.05 0.03 0.05 0.03 0.04 0.02 0.03 0.03 0.05 
0.05 0.05 0.04 0.04 0.04 0.02 0.03 0.03 0.03 0.02 
0.05 0.02 0.03 0.04 0.04 0.05 0.03 0.02 0.02 0.04 
0.02 0.05 0.04 0.05 0.02 0.03 0.02 0.02 0.03 0.05 
0.03 0.04 0.02 0.03 0.04 0.05 0.05 0.04 0.05 0.02 
0.04 0.03 0.02 0.05 0.03 0.05 0.02 0.03 0.05 0.04 
0.05 0.05 0.02 0.05 0.04 0.05 0.05 0.03 0.03 0.03 
0.02 0.02 0.04 0.02 0.05 0.04 0.02 0.04 0.03 0.05 
0.04 0.05 0.03 0.04 0.05 0.04 0.05 0.03 0.05 0.02 
0.03 0.05 0.03 0.04 0.05 0.02 0.05 0.03 0.04 0.05 
0.05 0.03 0.04 0.03 0.04 0.04 0.05 0.04 0.04 0.03 
0.05 0.03 0.03 0.04 0.02 0.05 0.02 0.03 0.03 0.02 
0.02 0.05 0.05 0.03 0.02 0.03 0.05 0.03 0.04 0.05 
0.04 0.04 0.04 0.04 0.02 0.05 0.04 0.04 0.02 0.05 
0.05 0.04 0.02 0.02 0.05 0.03 0.02 0.05 0.02 0.05 
0.04 0.05 0.05 0.03 0.02 0.05 0.02 0.05 0.03 0.03 
0.03 0.05 0.04 0.03 0.05 0.02 0.02 0.05 0.03 0.03 
0.05 0.04 0.04 0.04 0.04 0.03 0.02 0.03 0.05 0.04 
0.03 0.04 0.02 0.03 0.02 0.03 0.02 0.04 0.02 0.04 
0.05 0.03 0.05 0.05 0.03 0.04 0.03 0.04 0.03 0.04 
0.04 0.02 0.03 0.02 0.04 0.04 0.03 0.02 0.04 0.02 
0.03 0.02 0.03 0.04 0.05 0.02 0.04 0.02 0.02 0.05 
0.05 0.05 0.02 0.04 0.05 0.03 0.05 0.05 0.03 0.02 
0.04 0.05 0.02 0.04 0.02 0.04 0.02 0.03 0.03 0.04 
0.05 0.03 0.04 0.03 0.02 0.02 0.04 0.05 0.04 0.05 
0.04 0.04 0.05 0.05 0.05 0.02 0.05 0.03 0.04 0.05 
0.02 0.04 0.04 0.04 0.02 0.02 0.02 0.03 0.02 0.04 
0.05 0.02 0.03 0.04 0.03 0.04 0.04 0.02 0.02 0.02 
0.03 0.03 0.03 0.04 0.03 0.05 0.04 0.05 0.04 0.05 
0.02 0.04 0.04 0.03 0.03 0.04 0.05 0.04 0.03 0.03 
0.04 0.02 0.04 0.03 0.05 0.04 0.05 0.03 0.02 0.03 
0.05 0.02 0.04 0.02 0.03 0.04 0.04 0.04 0.02 0.05 
0.03 0.02 0.05 0.02 0.05 0.03 0.02 0.04 0.03 0.04 
0.04 0.05 0.04 0.05 0.02 0.04 0.02 0.02 0.03 0.04 
0.02 0.02 0.03 0.04 0.05 0.02 0.02 0.04 0.05 0.02 
0.05 0.05 0.02 0.02 0.05 0.05 0.02 0.03 0.03 0.05 
0.04 0.04 0.04 0.02 0.02 0.02 0.03 0.02 0.05 0.05 
0.04 0.03 0.02 0.04 0.04 0.04 0.02 0.02 0.02 0.02 
0.02 0.04 0.05 0.04 0.03 0.04 0.02 0.02 0.02 0.05 
0.04 0.02 0.05 0.05 0.05 0.02 0.02 0.05 0.02 0.05 
0.02 0.02 0.02 0.04 0.03 0.04 0.04 0.04 0.04 0.02 
0.03 0.04 0.05 0.04 0.05 0.03 0.05 0.03 0.04 0.04 
0.05 0.04 0.04 0.02 0.05 0.05 0.03 0.02 0.04 0.02 
0.02 0.02 0.02 0.04 0.05 0.02 0.03 0.03 0.03 0.03 
0.03 0.05 0.03 0.02 0.03 0.04 0.04 0.04 0.04 0.02 
0.05 0.04 0.03 0.05 0.04 0.02 0.05 0.04 0.03 0.05 
0.05 0.02 0.03 0.02 0.05 0.04 0.03 0.04 0.02 0.05 
0.05 0.03 0.02 0.02 0.03 0.04 0.02 0.02 0.04 0.05 
0.05 0.05 0.02 0.04 0.05 0.03 0.04 0.04 0.03 0.03 
0.03 0.02 0.03 0.03 0.02 0.03 0.03 0.02 0.05 0.02 
0.05 0.04 0.04 0.02 0.03 0.02 0.05 0.03 0.02 0.05 
0.05 0.03 0.03 0.03 0.02 0.04 0.02 0.04 0.04 0.02 
0.03 0.02 0.03 0.04 0.02 0.04 0.04 0.04 0.02 0.02 
0.04 0.04 0.04 0.03 0.04 0.04 0.05 0.05 0.05 0.03 
0.04 0.03 0.03 0.02 0.04 0.03 0.03 0.04 0.05 0.05 
0.05 0.04 0.03 0.04 0.02 0.03 0.05 0.03 0.04 0.03 
0.04 0.05 0.02 0.04 0.05 0.05 0.02 0.05 0.04 0.05 
0.05 0.03 0.02 0.02 0.05 0.02 0.05 0.04 0.02 0.02 
0.03 0.05 0.02 0.03 0.03 0.03 0.04 0.05 0.03 0.04 
0.02 0.04 0.02 0.02 0.05 0.04 0.05 0.03 0.04 0.02 
0.03 0.02 0.04 0.03 0.02 0.04 0.03 0.03 0.02 0.04 
0.02 0.04 0.04 0.04 0.03 0.04 0.02 0.05 0.04 0.03 
0.02 0.02 0.03 0.05 0.03 0.05 0.04 0.02 0.04 0.03 
0.02 0.03 0.05 0.02 0.04 0.05 0.04 0.05 0.03 0.05 
0.03 0.03 0.05 0.03 0.04 0.04 0.02 0.05 0.05 0.02 
0.03 0.04 0.03 0.02 0.04 0.05 0.04 0.05 0.02 0.03 
0.04 0.05 0.03 0.02 0.05 0.04 0.02 0.05 0.02 0.02 
0.02 0.02 0.05 0.05 0.02 0.02 0.02 0.04 0.02 0.04 
0.04 0.02 0.04 0.04 0.03 0.02 0.04 0.05 0.03 0.05 
0.05 0.04 0.04 0.02 0.02 0.05 0.05 0.04 0.04 0.05 
0.03 0.02 0.02 0.03 0.03 0.04 0.03 0.04 0.02 0.03 
0.02 0.03 0.05 0.05 0.02 0.02 0.05 0.02 0.04 0.03 
0.03 0.03 0.02 0.03 0.04 0.04 0.02 0.05 0.02 0.05 
0.02 0.02 0.03 0.02 0.04 0.02 0.03 0.02 0.03 0.05 
0.02 0.05 0.02 0.05 0.05 0.02 0.05 0.02 0.04 0.05 
0.05 0.05 0.04 0.04 0.04 0.02 0.05 0.02 0.04 0.05 
0.02 0.05 0.02 0.05 0.03 0.02 0.05 0.02 0.05 0.03 
0.03 0.04 0.05 0.04 0.04 0.04 0.02 0.02 0.02 0.02 
0.05 0.04 0.03 0.04 0.04 0.05 0.02 0.05 0.04 0.03 
0.04 0.04 0.03 0.05 0.04 0.02 0.03 0.02 0.02 0.04 
0.05 0.02 0.05 0.03 0.05 0.03 0.05 0.03 0.03 0.02 
0.03 0.03 0.03 0.04 0.05 0.03 0.04 0.02 0.04 0.05 
0.03 0.03 0.03 0.02 0.03 0.04 0.02 0.03 0.02 0.04 
0.05 0.02 0.03 0.03 0.05 0.05 0.03 0.05 0.02 0.02 
0.05 0.04 0.02 0.02 0.03 0.05 0.05 0.03 0.04 0.02 
0.04 0.05 0.04 0.04 0.03 0.02 0.03 0.05 0.02 0.05 
0.04 0.04 0.02 0.04 0.02 0.02 0.03 0.03 0.05 0.04 
0.04 0.03 0.05 0.05 0.04 0.03 0.03 0.05 0.03 0.05 
0.03 0.04 0.03 0.04 0.03 0.05 0.05 0.04 0.03 0.04 
0.02 0.02 0.04 0.03 0.02 0.04 0.02 0.05 0.03 0.05 
0.02 0.05 0.04 0.02 0.05 0.05 0.04 0.02 0.04 0.04 
0.05 0.02 0.04 0.05 0.02 0.05 0.05 0.02 0.02 0.03 
0.04 0.02 0.04 0.04 0.02 0.03 0.04 0.03 0.04 0.02 
0.02 0.03 0.05 0.05 0.04 0.05 0.04 0.04 0.04 0.03 
0.02 0.02 0.02 0.04 0.02 0.04 0.02 0.04 0.02 0.04 
0.04 0.04 0.03 0.05 0.05 0.03 0.03 0.02 0.03 0.04 
0.03 0.04 0.02 0.02 0.02 0.05 0.04 0.05 0.05 0.03 
0.05 0.04 0.02 0.02 0.04 0.05 0.05 0.04 0.05 0.02 
0.03 0.04 0.03 0.04 0.03 0.02 0.02 0.05 0.03 0.05 
0.05 0.03 0.03 0.03 0.05 0.04 0.03 0.02 0.05 0.02 
0.03 0.02 0.05 0.03 0.05 0.02 0.02 0.02 0.03 0.03 
0.03 0.03 0.05 0.05 0.02 0.04 0.05 0.05 0.02 0.03 
0.05 0.05 0.03 0.03 0.04 0.02 0.03 0.02 0.02 0.02 
0.03 0.02 0.02 0.04 0.04 0.02 0.03 0.05 0.05 0.03 
0.04 0.05 0.05 0.02 0.04 0.03 0.03 0.05 0.04 0.02 
0.05 0.02 0.03 0.02 0.05 0.05 0.02 0.03 0.05 0.03 
0.03 0.03 0.05 0.02 0.03 0.04 0.03 0.04 0.03 0.04 
0.02 0.02 0.04 0.05 0.03 0.05 0.02 0.05 0.02 0.03 
0.02 0.04 0.05 0.03 0.04 0.04 0.04 0.04 0.04 0.02 
0.05 0.03 0.04 0.02 0.02 0.05 0.02 0.02 0.05 0.05 
0.02 0.04 0.04 0.05 0.05 0.02 0.03 0.04 0.05 0.02 
0.03 0.03 0.02 0.05 0.05 0.02 0.03 0.02 0.04 0.03 
0.02 0.02 0.05 0.03 0.03 0.05 0.03 0.04 0.05 0.04 
0.02 0.02 0.05 0.03 0.05 0.05 0.05 0.04 0.03 0.03 
0.05 0.04 0.02 0.05 0.05 0.03 0.03 0.04 0.04 0.03 
0.02 0.05 0.02 0.05 0.04 0.05 0.05 0.02 0.02 0.02 
0.03 0.03 0.02 0.02 0.05 0.05 0.05 0.05 0.03 0.03 
0.04 0.04 0.05 0.03 0.03 0.05 0.03 0.02 0.04 0.03 
0.05 0.05 0.04 0.03 0.02 0.04 0.05 0.04 0.03 0.03 
0.02 0.04 0.03 0.02 0.05 0.05 0.02 0.02 0.04 0.02 
0.05 0.02 0.05 0.02 0.05 0.02 0.02 0.05 0.04 0.02 
0.03 0.04 0.05 0.02 0.02 0.04 0.02 0.05 0.02 0.05 
0.04 0.02 0.04 0.03 0.02 0.04 0.04 0.02 0.05 0.04 
0.02 0.02 0.05 0.03 0.03 0.02 0.02 0.03 0.04 0.02 
0.04 0.05 0.04 0.02 0.03 0.05 0.03 0.03 0.03 0.02 
0.04 0.04 0.05 0.02 0.03 0.04 0.04 0.02 0.03 0.03 
0.04 0.03 0.05 0.02 0.02 0.05 0.04 0.04 0.02 0.03 
0.02 0.03 0.04 0.05 0.04 0.02 0.05 0.02 0.04 0.05 
0.02 0.05 0.02 0.04 0.03 0.05 0.02 0.04 0.03 0.02 
0.03 0.02 0.03 0.04 0.02 0.05 0.02 0.03 0.04 0.05 
0.05 0.04 0.02 0.02 0.05 0.05 0.05 0.03 0.03 0.04 
0.04 0.03 0.05 0.04 0.04 0.05 0.02 0.04 0.05 0.02 
0.04 0.04 0.04 0.04 0.05 0.04 0.03 0.02 0.04 0.02 
0.05 0.02 0.05 0.04 0.04 0.02 0.05 0.04 0.04 0.05 
0.04 0.03 0.02 0.03 0.02 0.05 0.03 0.02 0.02 0.03 
0.04 0.05 0.04 0.05 0.05 0.04 0.03 0.02 0.04 0.02 
0.04 0.04 0.04 0.02 0.02 0.05 0.04 0.04 0.03 0.04 
0.02 0.02 0.03 0.02 0.02 0.04 0.02 0.05 0.05 0.03 
0.02 0.02 0.02 0.05 0.04 0.03 0.02 0.03 0.03 0.02 
0.05 0.05 0.03 0.02 0.04 0.05 0.03 0.03 0.02 0.03 
0.04 0.05 0.05 0.05 0.02 0.03 0.02 0.05 0.05 0.03 
0.05 0.02 0.04 0.03 0.05 0.05 0.04 0.05 0.03 0.05 
0.04 0.04 0.04 0.02 0.03 0.04 0.05 0.04 0.02 0.02 
0.03 0.02 0.02 0.02 0.05 0.02 0.02 0.02 0.04 0.05 
0.02 0.02 0.02 0.02 0.03 0.04 0.02 0.05 0.02 0.05 
0.04 0.04 0.02 0.03 0.02 0.05 0.03 0.05 0.05 0.05 
0.04 0.04 0.05 0.05 0.02 0.02 0.04 0.05 0.03 0.04 
0.05 0.03 0.03 0.05 0.03 0.03 0.03 0.02 0.03 0.05 
0.04 0.03 0.03 0.02 0.05 0.04 0.03 0.02 0.05 0.03 
0.03 0.02 0.02 0.05 0.04 0.03 0.05 0.02 0.02 0.02 
0.02 0.02 0.03 0.02 0.04 0.02 0.05 0.03 0.03 0.03 
0.03 0.05 0.04 0.05 0.04 0.02 0.03 0.02 0.05 0.03 
0.05 0.04 0.04 0.05 0.03 0.02 0.04 0.05 0.05 0.05 
0.03 0.04 0.05 0.05 0.04 0.03 0.02 0.04 0.03 0.04 
0.02 0.04 0.03 0.03 0.05 0.04 0.02 0.02 0.04 0.03 
0.05 0.02 0.04 0.03 0.02 0.05 0.02 0.04 0.04 0.02 
0.05 0.05 0.05 0.05 0.02 0.03 0.02 0.03 0.02 0.03 
0.05 0.05 0.03 0.03 0.04 0.02 0.04 0.04 0.03 0.05 
0.02 0.02 0.05 0.02 0.04 0.02 0.05 0.04 0.04 0.04 
0.05 0.05 0.02 0.03 0.03 0.05 0.03 0.04 0.04 0.04 
0.03 0.02 0.02 0.05 0.05 0.04 0.05 0.02 0.05 0.02 
0.05 0.02 0.04 0.03 0.05 0.02 0.04 0.04 0.02 0.05 
0.02 0.05 0.03 0.05 0.04 0.05 0.05 0.03 0.02 0.05 
0.04 0.04 0.03 0.05 0.03 0.02 0.05 0.04 0.03 0.02 
0.05 0.05 0.04 0.04 0.05 0.05 0.05 0.04 0.03 0.04 
0.03 0.03 0.02 0.03 0.05 0.03 0.04 0.05 0.03 0.04 
0.03 0.05 0.03 0.03 0.05 0.02 0.05 0.02 0.02 0.05 
0.05 0.04 0.05 0.02 0.02 0.05 0.02 0.04 0.02 0.05 
0.03 0.02 0.05 0.03 0.04 0.05 0.03 0.02 0.04 0.05 
0.02 0.05 0.02 0.03 0.03 0.03 0.03 0.03 0.04 0.02 
0.04 0.05 0.03 0.03 0.04 0.05 0.04 0.04 0.02 0.02 
0.05 0.03 0.05 0.03 0.02 0.05 0.03 0.03 0.02 0.03 
0.03 0.03 0.03 0.03 0.03 0.05 0.04 0.02 0.02 0.05 
0.04 0.03 0.03 0.05 0.03 0.04 0.04 0.05 0.02 0.05 
0.05 0.05 0.05 0.05 0.04 0.04 0.02 0.03 0.03 0.02 
0.04 0.02 0.04 0.05 0.04 0.05 0.02 0.03 0.02 0.03 
0.03 0.02 0.04 0.02 0.03 0.04 0.02 0.03 0.04 0.02 
0.02 0.05 0.03 0.03 0.04 0.05 0.04 0.02 0.02 0.04 
0.02 0.03 0.04 0.03 0.05 0.04 0.03 0.05 0.02 0.04 
0.03 0.05 0.05 0.05 0.04 0.02 0.02 0.02 0.02 0.04 
0.05 0.02 0.02 0.02 0.02 0.04 0.02 0.05 0.05 0.03 
0.02 0.05 0.05 0.05 0.02 0.05 0.05 0.04 0.03 0.03 
0.04 0.05 0.03 0.04 0.02 0.04 0.04 0.04 0.04 0.05 
0.05 0.05 0.02 0.05 0.03 0.03 0.04 0.05 0.04 0.02 
0.02 0.04 0.03 0.05 0.03 0.03 0.03 0.04 0.03 0.02 
0.03 0.02 0.04 0.04 0.02 0.05 0.05 0.04 0.02 0.02 
0.05 0.02 0.04 0.02 0.02 0.04 0.05 0.02 0.04 0.03 
0.03 0.03 0.02 0.04 0.04 0.03 0.05 0.05 0.02 0.04 
0.02 0.02 0.05 0.02 0.05 0.04 0.02 0.02 0.04 0.03 
0.02 0.04 0.03 0.05 0.03 0.02 0.03 0.02 0.02 0.02 
0.05 0.03 0.04 0.04 0.02 0.05 0.02 0.03 0.05 0.03 
0.02 0.03 0.03 0.04 0.03 0.02 0.05 0.04 0.02 0.03 
0.05 0.03 0.03 0.02 0.05 0.03 0.04 0.02 0.05 0.04 
0.05 0.05 0.05 0.03 0.02 0.05 0.02 0.04 0.03 0.02 
0.05 0.04 0.05 0.02 0.03 0.03 0.02 0.05 0.04 0.05 
0.04 0.02 0.02 0.03 0.02 0.05 0.02 0.05 0.02 0.05 
0.02 0.04 0.05 0.03 0.02 0.02 0.02 0.05 0.05 0.05 
0.05 0.03 0.04 0.04 0.05 0.05 0.04 0.04 0.05 0.05 
0.03 0.05 0.02 0.02 0.05 0.05 0.03 0.03 0.04 0.02 
0.03 0.03 0.02 0.04 0.04 0.02 0.02 0.03 0.02 0.02 
0.04 0.02 0.02 0.03 0.04 0.02 0.04 0.02 0.05 0.04 
0.02 0.02 0.05 0.02 0.04 0.02 0.05 0.05 0.04 0.03 
0.02 0.05 0.02 0.03 0.04 0.04 0.02 0.03 0.04 0.03 
0.02 0.04 0.04 0.02 0.04 0.05 0.03 0.04 0.04 0.05 
0.04 0.03 0.04 0.05 0.04 0.02 0.03 0.04 0.02 0.02 
0.03 0.05 0.04 0.04 0.03 0.02 0.02 0.02 0.04 0.03 
0.02 0.02 0.03 0.02 0.04 0.02 0.05 0.03 0.02 0.04 
0.03 0.02 0.04 0.03 0.03 0.02 0.03 0.02 0.03 0.04 
0.05 0.02 0.03 0.04 0.05 0.03 0.05 0.02 0.02 0.03 
0.04 0.05 0.05 0.02 0.05 0.05 0.03 0.02 0.02 0.03 
0.05 0.02 0.03 0.04 0.02 0.03 0.02 0.05 0.02 0.02 
0.05 0.02 0.02 0.05 0.04 0.03 0.03 0.04 0.05 0.03 
0.04 0.05 0.04 0.03 0.03 0.02 0.02 0.05 0.04 0.05 
0.04 0.02 0.05 0.03 0.04 0.03 0.04 0.04 0.05 0.04 
0.02 0.04 0.05 0.05 0.05 0.03 0.05 0.04 0.05 0.03 
0.02 0.04 0.02 0.03 0.03 0.02 0.02 0.04 0.03 0.05 
0.03 0.03 0.03 0.05 0.04 0.04 0.04 0.04 0.02 0.03 
0.03 0.03 0.04 0.03 0.03 0.05 0.05 0.04 0.03 0.04 
0.05 0.05 0.04 0.05 0.04 0.04 0.05 0.04 0.02 0.03 
0.04 0.03 0.04 0.05 0.05 0.03 0.05 0.04 0.04 0.03 
0.02 0.02 0.03 0.04 0.05 0.02 0.05 0.03 0.03 0.03 
0.04 0.03 0.03 0.05 0.03 0.04 0.02 0.05 0.03 0.05 
0.05 0.05 0.04 0.03 0.04 0.02 0.05 0.02 0.04 0.05 
0.04 0.03 0.04 0.04 0.03 0.02 0.05 0.04 0.03 0.04 
0.04 0.04 0.05 0.03 0.03 0.04 0.02 0.05 0.02 0.04 
0.04 0.03 0.02 0.04 0.03 0.05 0.03 0.02 0.02 0.04 
0.02 0.04 0.05 0.03 0.04 0.05 0.05 0.03 0.04 0.02 
0.04 0.02 0.03 0.04 0.03 0.03 0.05 0.04 0.02 0.03 
0.05 0.02 0.03 0.03 0.03 0.05 0.04 0.05 0.02 0.02 
0.03 0.03 0.03 0.05 0.05 0.04 0.04 0.05 0.04 0.02 
0.05 0.03 0.05 0.04 0.05 0.05 0.05 0.04 0.02 0.04 
0.04 0.02 0.03 0.02 0.05 0.02 0.03 0.02 0.03 0.03 
0.05 0.05 0.02 0.05 0.03 0.05 0.05 0.02 0.02 0.05 
0.04 0.05 0.05 0.04 0.03 0.04 0.03 0.02 0.02 0.03 
0.04 0.05 0.02 0.03 0.03 0.02 0.04 0.03 0.03 0.03 
0.04 0.05 0.03 0.03 0.03 0.04 0.03 0.02 0.05 0.04 
0.05 0.02 0.03 0.03 0.03 0.02 0.02 0.05 0.03 0.05 
0.05 0.05 0.05 0.03 0.04 0.05 0.05 0.05 0.03 0.03 
0.02 0.02 0.03 0.03 0.04 0.04 0.05 0.05 0.04 0.05 
0.04 0.05 0.05 0.04 0.05 0.05 0.03 0.03 0.02 0.04 
0.02 0.02 0.05 0.02 0.04 0.05 0.04 0.05 0.05 0.04 
0.05 0.05 0.03 0.03 0.03 0.03 0.05 0.04 0.04 0.03 
0.04 0.04 0.02 0.05 0.05 0.04 0.05 0.03 0.02 0.03 
0.03 0.02 0.02 0.05 0.02 0.05 0.04 0.05 0.02 0.02 
0.04 0.05 0.05 0.05 0.03 0.05 0.03 0.03 0.02 0.04 
0.02 0.05 0.04 0.05 0.05 0.05 0.03 0.04 0.03 0.04 
0.05 0.04 0.04 0.05 0.03 0.04 0.04 0.04 0.03 0.05 
0.02 0.02 0.02 0.03 0.03 0.03 0.04 0.04 0.02 0.05 
0.02 0.05 0.05 0.03 0.05 0.03 0.03 0.05 0.04 0.02 
0.03 0.04 0.02 0.05 0.02 0.05 0.03 0.04 0.04 0.05 
0.03 0.05 0.04 0.05 0.03 0.05 0.03 0.04 0.02 0.05 
0.02 0.02 0.05 0.02 0.04 0.04 0.03 0.04 0.04 0.04 
0.03 0.02 0.04 0.05 0.05 0.05 0.05 0.03 0.03 0.04 
0.04 0.02 0.03 0.03 0.02 0.02 0.02 0.02 0.03 0.02 
0.03 0.03 0.02 0.05 0.05 0.02 0.05 0.04 0.03 0.03 
0.02 0.02 0.04 0.04 0.03 0.03 0.04 0.04 0.03 0.05 
0.05 0.03 0.02 0.02 0.03 0.05 0.04 0.03 0.02 0.04 
0.02 0.02 0.05 0.02 0.05 0.05 0.04 0.04 0.05 0.05 
0.03 0.05 0.03 0.03 0.05 0.05 0.03 0.05 0.05 0.02 
0.02 0.02 0.04 0.04 0.02 0.03 0.05 0.02 0.05 0.04 
0.03 0.04 0.03 0.02 0.04 0.03 0.04 0.02 0.03 0.04 
0.05 0.05 0.03 0.04 0.05 0.05 0.04 0.04 0.05 0.05 
0.03 0.05 0.05 0.02 0.04 0.04 0.05 0.03 0.05 0.03 
0.03 0.03 0.02 0.03 0.04 0.05 0.03 0.03 0.02 0.02 
0.02 0.02 0.03 0.04 0.05 0.04 0.05 0.03 0.05 0.03 
0.02 0.03 0.02 0.03 0.05 0.03 0.03 0.02 0.05 0.02 
0.02 0.04 0.05 0.05 0.05 0.02 0.04 0.04 0.05 0.04 
0.05 0.04 0.03 0.03 0.04 0.05 0.04 0.05 0.04 0.05 
0.03 0.02 0.05 0.02 0.02 0.02 0.04 0.05 0.02 0.05 
0.03 0.02 0.05 0.03 0.03 0.03 0.04 0.03 0.03 0.02 
0.03 0.05 0.03 0.03 0.04 0.04 0.05 0.02 0.03 0.02 
0.02 0.02 0.03 0.04 0.03 0.02 0.03 0.04 0.02 0.05 
0.02 0.03 0.04 0.03 0.03 0.04 0.04 0.05 0.03 0.05 
0.05 0.02 0.04 0.03 0.03 0.02 0.02 0.05 0.04 0.04 
0.04 0.03 0.02 0.03 0.04 0.02 0.02 0.03 0.02 0.02 
0.03 0.02 0.04 0.02 0.03 0.03 0.02 0.05 0.02 0.02 
0.03 0.05 0.02 0.02 0.03 0.03 0.03 0.02 0.03 0.04 
0.03 0.05 0.03 0.03 0.05 0.02 0.04 0.04 0.03 0.02 
0.03 0.02 0.02 0.04 0.02 0.05 0.04 0.04 0.05 0.02 
0.03 0.05 0.02 0.03 0.04 0.03 0.02 0.02 0.05 0.02 
0.05 0.03 0.02 0.02 0.02 0.05 0.04 0.03 0.05 0.05 
0.05 0.03 0.02 0.04 0.03 0.03 0.05 0.05 0.05 0.04 
0.04 0.04 0.04 0.02 0.05 0.05 0.04 0.03 0.03 0.04 
0.04 0.03 0.02 0.04 0.03 0.02 0.05 0.04 0.05 0.04 
0.05 0.03 0.03 0.05 0.03 0.03 0.04 0.04 0.02 0.04 
0.05 0.03 0.02 0.02 0.05 0.03 0.02 0.04 0.04 0.05 
0.03 0.03 0.04 0.04 0.03 0.04 0.05 0.02 0.04 0.05 
0.04 0.05 0.02 0.04 0.05 0.05 0.05 0.02 0.04 0.05 
0.04 0.05 0.05 0.02 0.03 0.05 0.03 0.05 0.02 0.04 
0.04 0.03 0.05 0.05 0.03 0.04 0.03 0.05 0.02 0.02 
0.03 0.05 0.03 0.03 0.03 0.03 0.04 0.03 0.02 0.05 
0.03 0.03 0.04 0.03 0.02 0.05 0.04 0.03 0.02 0.04 
0.03 0.05 0.02 0.05 0.03 0.03 0.02 0.05 0.02 0.02 
0.04 0.03 0.03 0.04 0.05 0.04 0.04 0.04 0.04 0.04 
0.03 0.04 0.04 0.03 0.04 0.04 0.05 0.03 0.04 0.03 
0.03 0.02 0.03 0.04 0.03 0.05 0.02 0.03 0.05 0.05 
0.03 0.02 0.02 0.04 0.05 0.04 0.04 0.05 0.02 0.02 
0.04 0.04 0.03 0.02 0.05 0.03 0.03 0.02 0.02 0.03 
0.05 0.03 0.05 0.02 0.02 0.04 0.05 0.02 0.05 0.04 
0.02 0.02 0.05 0.03 0.02 0.02 0.02 0.04 0.05 0.02 
0.05 0.05 0.04 0.05 0.05 0.05 0.04 0.03 0.05 0.02 
0.05 0.05 0.04 0.02 0.03 0.03 0.05 0.04 0.02 0.02 
0.03 0.05 0.03 0.03 0.04 0.04 0.03 0.04 0.03 0.02 
0.05 0.03 0.05 0.04 0.05 0.04 0.03 0.02 0.05 0.02 
0.02 0.05 0.05 0.05 0.02 0.05 0.02 0.04 0.05 0.05 
0.02 0.03 0.04 0.03 0.02 0.02 0.04 0.02 0.04 0.04 
0.04 0.03 0.04 0.02 0.02 0.04 0.05 0.03 0.03 0.04 
0.04 0.04 0.04 0.05 0.04 0.03 0.05 0.05 0.02 0.03 
0.05 0.03 0.04 0.02 0.03 0.02 0.02 0.03 0.05 0.02 
0.03 0.05 0.03 0.03 0.04 0.05 0.03 0.02 0.05 0.04 
0.03 0.02 0.04 0.05 0.04 0.03 0.04 0.05 0.02 0.04 
0.05 0.02 0.04 0.03 0.02 0.03 0.02 0.03 0.02 0.05 
0.04 0.05 0.05 0.05 0.03 0.04 0.05 0.03 0.03 0.02 
0.04 0.02 0.04 0.03 0.03 0.03 0.02 0.04 0.02 0.04 
0.02 0.05 0.03 0.03 0.05 0.02 0.04 0.02 0.05 0.04 
0.03 0.04 0.03 0.05 0.03 0.02 0.02 0.05 0.03 0.03 
0.02 0.03 0.05 0.03 0.05 0.03 0.05 0.03 0.05 0.02 
0.04 0.05 0.04 0.04 0.05 0.04 0.05 0.04 0.05 0.04 
0.02 0.05 0.02 0.04 0.02 0.04 0.02 0.02 0.05 0.04 
0.05 0.03 0.02 0.03 0.03 0.04 0.02 0.02 0.04 0.02 
0.02 0.02 0.05 0.04 0.05 0.05 0.04 0.05 0.04 0.02 
0.02 0.04 0.05 0.05 0.02 0.04 0.05 0.05 0.04 0.04 
0.03 0.04 0.02 0.03 0.03 0.04 0.02 0.02 0.04 0.05 
0.02 0.05 0.05 0.02 0.05 0.04 0.02 0.02 0.04 0.03 
0.02 0.02 0.04 0.03 0.03 0.02 0.02 0.03 0.04 0.02 
0.02 0.05 0.02 0.05 0.03 0.05 0.02 0.02 0.02 0.02 
0.04 0.05 0.05 0.02 0.04 0.04 0.05 0.05 0.03 0.03 
0.04 0.02 0.02 0.04 0.03 0.04 0.03 0.03 0.05 0.05 
0.02 0.05 0.05 0.04 0.02 0.05 0.02 0.04 0.05 0.02 
0.05 0.03 0.04 0.02 0.04 0.04 0.03 0.02 0.02 0.05 
0.03 0.05 0.02 0.05 0.03 0.03 0.05 0.03 0.03 0.02 
0.03 0.05 0.05 0.04 0.02 0.04 0.03 0.04 0.02 0.05 
0.02 0.04 0.03 0.05 0.03 0.05 0.02 0.03 0.04 0.02 
0.04 0.02 0.05 0.02 0.05 0.03 0.03 0.03 0.03 0.04 
0.05 0.02 0.03 0.02 0.02 0.05 0.04 0.03 0.03 0.05 
0.04 0.02 0.03 0.02 0.05 0.02 0.03 0.04 0.02 0.04 
0.04 0.05 0.02 0.05 0.02 0.04 0.05 0.04 0.03 0.03 
0.04 0.04 0.05 0.03 0.05 0.05 0.03 0.02 0.02 0.03 
0.03 0.05 0.05 0.04 0.05 0.05 0.04 0.02 0.03 0.02 
0.03 0.03 0.05 0.05 0.05 0.04 0.02 0.04 0.03 0.05 
0.05 0.03 0.02 0.02 0.03 0.05 0.03 0.02 0.03 0.05 
0.04 0.02 0.02 0.03 0.03 0.02 0.04 0.05 0.02 0.04 
0.05 0.05 0.04 0.05 0.02 0.05 0.05 0.02 0.04 0.04 
0.03 0.05 0.02 0.02 0.03 0.05 0.02 0.04 0.03 0.02 
0.03 0.05 0.05 0.05 0.05 0.03 0.04 0.04 0.05 0.04 
0.02 0.03 0.03 0.02 0.02 0.02 0.03 0.03 0.04 0.03 
0.05 0.05 0.03 0.03 0.05 0.04 0.02 0.03 0.05 0.05 
0.02 0.02 0.05 0.02 0.03 0.02 0.05 0.04 0.05 0.05 
0.02 0.03 0.02 0.02 0.03 0.02 0.03 0.02 0.02 0.04 
0.04 0.03 0.02 0.03 0.02 0.04 0.02 0.05 0.04 0.05 
0.02 0.02 0.05 0.02 0.03 0.03 0.02 0.03 0.03 0.03 
0.03 0.02 0.04 0.03 0.05 0.05 0.04 0.02 0.02 0.03 
0.02 0.02 0.04 0.03 0.03 0.04 0.03 0.02 0.02 0.05 
0.02 0.05 0.05 0.04 0.04 0.04 0.04 0.03 0.02 0.04 
0.04 0.05 0.02 0.03 0.04 0.04 0.04 0.05 0.02 0.03 
0.05 0.04 0.03 0.05 0.05 0.05 0.02 0.04 0.03 0.02 
0.04 0.05 0.02 0.02 0.03 0.03 0.02 0.03 0.03 0.02 
0.03 0.04 0.02 0.04 0.04 0.02 0.03 0.03 0.03 0.04 
0.05 0.05 0.02 0.02 0.02 0.03 0.04 0.03 0.02 0.03 
0.03 0.03 0.05 0.03 0.04 0.05 0.05 0.02 0.02 0.05 
0.0193054 0.0289582 0.0386109 0.0193054 0.0386109 0.0386109 0.0482636 0.0386109 0.0386109 0.0482636 
0.0193054 0.0193054 0.0193054 0.0482636 0.0193054 0.0193054 0.0289582 0.0193054 0.0482636 0.0482636 
0.0289582 0.0482636 0.0482636 0.0289582 0.0289582 0.0289582 0.0386109 0.0482636 0.0386109 0.0289582 
0.0193054 0.0386109 0.0386109 0.0386109 0.0289582 0.0482636 0.0193054 0.0289582 0.0193054 0.0482636 
0.0289582 0.0289582 0.0482636 0.0193054 0.0482636 0.0193054 0.0482636 0.0193054 0.0289582 0.0386109 
0.0289582 0.0386109 0.0386109 0.0386109 0.0482636 0.0289582 0.0289582 0.0482636 0.0386109 0.0482636 
0.0193054 0.0482636 0.0193054 0.0289582 0.0482636 0.0289582 0.0193054 0.0289582 0.0482636 0.0193054 
0.0515415 0.0646446 0.025789 0.0289582 0.0386109 0.0482636 0.0289582 0.0386109 0.0193054 0.0386109 
0.050868 0.0610181 0.0651661 0.0482636 0.0193054 0.0289582 0.0193054 0.0482636 0.0386109 0.0386109 
0.0430058 0.0647735 0.0267526 0.0482636 0.0482636 0.0193054 0.0482636 0.0482636 0.0482636 0.0482636 
0.02 0.03 0.04 0.03 0.03 0.03 0.04 0.03 0.03 0.03 
0.04 0.04 0.04 0.05 0.04 0.04 0.04 0.04 0.04 0.05 
0.05 0.02 0.02 0.04 0.04 0.05 0.03 0.02 0.02 0.05 
0.03 0.02 0.05 0.02 0.05 0.05 0.04 0.04 0.04 0.05 
0.04 0.03 0.04 0.02 0.03 0.05 0.04 0.03 0.04 0.04 
0.03 0.05 0.05 0.02 0.04 0.05 0.05 0.02 0.04 0.04 
0.03 0.04 0.04 0.03 0.04 0.02 0.02 0.02 0.05 0.05 
0.02 0.03 0.04 0.02 0.03 0.02 0.02 0.02 0.02 0.03 
0.05 0.03 0.04 0.04 0.04 0.02 0.05 0.05 0.03 0.03 
0.03 0.05 0.04 0.03 0.02 0.03 0.05 0.04 0.02 0.04 
