0.05 0.04 0.03 0.05 0.04 0.04 0.05 0.03 0.02 0.03 
0.04 0.03 0.04 0.04 0.02 0.02 0.05 0.03 0.02 0.04 
0.04 0.04 0.04 0.04 0.04 0.05 0.02 0.03 0.02 0.03 
0.05 0.03 0.02 0.03 0.04 0.03 0.04 0.05 0.04 0.03 
0.03 0.04 0.05 0.02 0.02 0.04 0.05 0.03 0.05 0.04 
0.02 0.05 0.03 0.05 0.03 0.03 0.05 0.05 0.05 0.05 
0.05 0.04 0.04 0.03 0.02 0.04 0.03 0.02 0.04 0.03 
0.04 0.04 0.02 0.02 0.02 0.02 0.04 0.04 0.04 0.03 
0.04 0.04 0.03 0.03 0.04 0.04 0.02 0.04 0.02 0.04 
0.04 0.05 0.02 0.02 0.03 0.02 0.02 0.02 0.03 0.02 
0.02 0.05 0.03 0.03 0.03 0.03 0.05 0.04 0.02 0.05 
0.02 0.03 0.03 0.03 0.03 0.05 0.03 0.02 0.02 0.03 
0.04 0.05 0.02 0.02 0.03 0.04 0.02 0.05 0.02 0.04 
0.05 0.02 0.05 0.05 0.05 0.03 0.04 0.03 0.02 0.02 
0.05 0.02 0.05 0.05 0.03 0.02 0.02 0.04 0.03 0.05 
0.04 0.05 0.03 0.03 0.03 0.03 0.04 0.04 0.04 0.05 
0.04 0.04 0.03 0.02 0.05 0.02 0.03 0.03 0.04 0.04 
0.04 0.02 0.03 0.05 0.03 0.02 0.02 0.04 0.03 0.03 
0.03 0.02 0.02 0.03 0.04 0.03 0.02 0.02 0.03 0.05 
0.02 0.04 0.05 0.04 0.02 0.05 0.04 0.02 0.04 0.03 
0.04 0.03 0.02 0.02 0.03 0.02 0.02 0.02 0.03 0.05 
0.05 0.03 0.04 0.02 0.04 0.04 0.04 0.03 0.04 0.04 
0.02 0.04 0.02 0.04 0.02 0.04 0.02 0.05 0.04 0.04 
0.05 0.03 0.04 0.04 0.05 0.04 0.04 0.02 0.02 0.02 
0.02 0.05 0.03 0.04 0.05 0.03 0.03 0.05 0.02 0.04 
0.03 0.02 0.03 0.02 0.05 0.03 0.02 0.02 0.02 0.02 
0.02 0.05 0.03 0.04 0.04 0.04 0.05 0.04 0.02 0.04 
0.03 0.02 0.05 0.04 0.02 0.05 0.02 0.05 0.05 0.05 
0.03 0.02 0.05 0.05 0.03 0.05 0.02 0.05 0.05 0.04 
0.02 0.02 0.02 0.02 0.05 0.05 0.05 0.03 0.04 0.02 
0.03 0.05 0.03 0.04 0.05 0.03 0.02 0.03 0.02 0.04 
0.05 0.04 0.05 0.03 0.05 0.02 0.03 0.02 0.05 0.05 
0.02 0.03 0.03 0.02 0.05 0.03 0.02 0.04 0.02 0.03 
0.05 0.04 0.02 0.03 0.02 0.05 0.04 0.02 0.03 0.03 
0.05 0.02 0.04 0.05 0.02 0.02 0.02 0.04 0.05 0.02 
0.02 0.04 0.04 0.02 0.04 0.02 0.05 0.05 0.02 0.04 
0.03 0.05 0.05 0.02 0.02 0.02 0.05 0.03 0.02 0.04 
0.02 0.05 0.02 0.04 0.05 0.03 0.03 0.04 0.03 0.03 
0.02 0.05 0.05 0.02 0.05 0.03 0.05 0.02 0.04 0.02 
0.05 0.04 0.03 0.05 0.03 0.03 0.05 0.02 0.03 0.05 
0.000454475 0.000568094 0.000568094 0.000227238 0.000340857 0.000227238 0.000568094 0.000568094 0.000454475 0.000454475 
0.000227238 0.000454475 0.000454475 0.000340857 0.000227238 0.000454475 0.000454475 0.000340857 0.000227238 0.000227238 
0.000568094 0.000568094 0.000227238 0.000227238 0.000568094 0.000568094 0.000568094 0.000227238 0.000568094 0.000340857 
0.000340857 0.000227238 0.000568094 0.000454475 0.000227238 0.000227238 0.000340857 0.000340857 0.000454475 0.000340857 
0.000227238 0.000568094 0.000340857 0.132028 0.000227238 0.000568094 0.000340857 0.131121 0.000568094 0.000340857 
0.000568094 0.000568094 0.000227238 0.000340857 0.136928 0.000568094 0.132794 0.000340857 0.000454475 0.000568094 
0.000568094 0.000568094 0.000454475 0.000340857 0.000568094 0.134745 0.000340857 0.000227238 0.000340857 0.000568094 
0.000568094 0.000454475 0.000568094 0.000568094 0.135883 0.000454475 0.137976 0.000568094 0.000454475 0.000568094 
0.000568094 0.000568094 0.000568094 0.136218 0.000568094 0.000454475 0.000454475 0.135883 0.000568094 0.000227238 
0.000340857 0.000454475 0.000454475 0.000568094 0.000227238 0.000454475 0.000340857 0.000227238 0.000454475 0.000568094 
0.03 0.02 0.02 0.05 0.04 0.02 0.02 0.02 0.03 0.03 
0.05 0.04 0.02 0.05 0.04 0.04 0.02 0.04 0.03 0.05 
0.02 0.02 0.02 0.02 0.03 0.04 0.05 0.04 0.04 0.04 
0.04 0.03 0.04 0.03 0.02 0.05 0.04 0.03 0.03 0.05 
0.02 0.03 0.02 0.02 0.05 0.04 0.03 0.02 0.03 0.05 
0.03 0.04 0.05 0.05 0.02 0.04 0.04 0.05 0.02 0.03 
0.04 0.03 0.04 0.03 0.04 0.04 0.04 0.02 0.04 0.04 
0.04 0.02 0.02 0.03 0.02 0.03 0.02 0.04 0.05 0.03 
0.03 0.03 0.04 0.05 0.05 0.02 0.02 0.02 0.03 0.05 
0.02 0.04 0.02 0.03 0.03 0.05 0.04 0.03 0.05 0.04 
0.05 0.04 0.05 0.04 0.05 0.02 0.05 0.02 0.03 0.05 
0.03 0.03 0.02 0.02 0.03 0.04 0.03 0.03 0.04 0.04 
0.02 0.02 0.05 0.04 0.03 0.03 0.05 0.05 0.02 0.05 
0.05 0.03 0.03 0.03 0.04 0.03 0.04 0.02 0.05 0.05 
0.04 0.04 0.02 0.05 0.03 0.02 0.02 0.02 0.05 0.02 
0.03 0.02 0.03 0.04 0.03 0.05 0.03 0.03 0.02 0.03 
0.03 0.03 0.03 0.05 0.03 0.02 0.04 0.05 0.04 0.05 
0.05 0.05 0.02 0.02 0.05 0.03 0.05 0.05 0.02 0.02 
0.03 0.05 0.02 0.02 0.04 0.05 0.02 0.02 0.05 0.03 
0.05 0.03 0.03 0.02 0.03 0.05 0.04 0.03 0.05 0.05 
0.000409423 0.000245654 0.000327538 0.000409423 0.000163769 0.000163769 0.000163769 0.000409423 0.000245654 0.000327538 
0.000245654 0.000245654 0.000327538 0.000163769 0.000245654 0.000245654 0.000245654 0.000409423 0.000163769 0.000245654 
0.000327538 0.000245654 0.000327538 0.000327538 0.000409423 0.000245654 0.000327538 0.000409423 0.000245654 0.000245654 
0.000245654 0.000245654 0.000163769 0.000327538 0.000163769 0.133733 0.000245654 0.000245654 0.000409423 0.000163769 
0.000163769 0.000163769 0.000245654 0.000409423 0.000245654 0.137567 0.000409423 0.000163769 0.000327538 0.000245654 
0.000409423 0.000245654 0.000327538 0.000245654 0.000327538 0.136053 0.000245654 0.000327538 0.000245654 0.000327538 
0.000327538 0.000327538 0.000163769 0.000163769 0.000327538 0.137373 0.000245654 0.000409423 0.000245654 0.000163769 
0.000245654 0.000245654 0.000245654 0.000163769 0.000245654 0.142578 0.000163769 0.000163769 0.000327538 0.000163769 
0.000327538 0.000245654 0.000163769 0.000163769 0.000409423 0.122209 0.000245654 0.000163769 0.000163769 0.000163769 
0.000327538 0.000409423 0.000327538 0.000409423 0.000163769 0.140856 0.137373 0.135718 0.000327538 0.000409423 
0.05 0.02 0.03 0.02 0.04 0.04 0.03 0.02 0.04 0.05 
0.02 0.05 0.02 0.03 0.04 0.02 0.03 0.05 0.04 0.04 
0.03 0.05 0.04 0.04 0.02 0.02 0.05 0.02 0.03 0.03 
0.03 0.04 0.02 0.02 0.05 0.03 0.05 0.03 0.02 0.02 
0.04 0.03 0.05 0.03 0.02 0.04 0.05 0.02 0.04 0.04 
0.04 0.03 0.05 0.04 0.03 0.05 0.03 0.05 0.04 0.05 
0.04 0.03 0.03 0.02 0.03 0.04 0.02 0.02 0.05 0.04 
0.05 0.05 0.05 0.04 0.03 0.05 0.02 0.02 0.03 0.04 
0.02 0.03 0.05 0.04 0.05 0.05 0.02 0.05 0.02 0.03 
0.05 0.03 0.05 0.03 0.04 0.02 0.03 0.04 0.04 0.03 
0.05 0.05 0.02 0.05 0.04 0.02 0.04 0.05 0.03 0.05 
0.04 0.02 0.02 0.05 0.05 0.03 0.03 0.05 0.02 0.04 
0.02 0.02 0.04 0.05 0.02 0.05 0.04 0.05 0.04 0.02 
0.04 0.05 0.05 0.04 0.03 0.04 0.04 0.05 0.03 0.02 
0.04 0.03 0.05 0.03 0.05 0.05 0.05 0.05 0.03 0.03 
0.05 0.03 0.04 0.04 0.04 0.04 0.04 0.05 0.05 0.04 
0.05 0.05 0.02 0.02 0.04 0.05 0.04 0.04 0.04 0.05 
0.04 0.04 0.05 0.05 0.02 0.04 0.04 0.05 0.04 0.03 
0.02 0.02 0.02 0.05 0.02 0.03 0.05 0.03 0.05 0.05 
0.04 0.03 0.02 0.02 0.04 0.02 0.05 0.04 0.02 0.03 
0.05 0.05 0.04 0.02 0.03 0.04 0.02 0.03 0.05 0.04 
0.04 0.02 0.05 0.05 0.04 0.04 0.02 0.02 0.03 0.03 
0.02 0.04 0.02 0.05 0.02 0.04 0.03 0.04 0.03 0.03 
0.02 0.02 0.03 0.02 0.02 0.02 0.05 0.05 0.04 0.02 
0.05 0.05 0.02 0.04 0.02 0.05 0.03 0.02 0.02 0.05 
0.05 0.02 0.04 0.05 0.03 0.04 0.02 0.04 0.05 0.04 
0.05 0.05 0.02 0.04 0.04 0.02 0.05 0.05 0.04 0.04 
0.04 0.03 0.02 0.04 0.04 0.03 0.05 0.05 0.04 0.02 
0.02 0.04 0.04 0.04 0.03 0.03 0.05 0.03 0.05 0.02 
0.03 0.02 0.03 0.05 0.05 0.05 0.05 0.05 0.04 0.02 
0.03 0.02 0.03 0.03 0.04 0.04 0.05 0.02 0.04 0.04 
0.04 0.02 0.05 0.02 0.03 0.03 0.02 0.04 0.02 0.05 
0.04 0.03 0.04 0.05 0.05 0.02 0.04 0.04 0.05 0.05 
0.02 0.04 0.05 0.02 0.04 0.05 0.02 0.02 0.05 0.04 
0.05 0.04 0.03 0.04 0.02 0.05 0.02 0.03 0.02 0.05 
0.05 0.05 0.02 0.02 0.05 0.05 0.02 0.04 0.03 0.02 
0.05 0.02 0.03 0.04 0.04 0.04 0.04 0.02 0.02 0.02 
0.02 0.02 0.03 0.04 0.05 0.03 0.03 0.05 0.02 0.05 
0.04 0.04 0.05 0.03 0.02 0.04 0.05 0.02 0.02 0.05 
0.02 0.03 0.04 0.04 0.03 0.03 0.04 0.05 0.04 0.03 
0.02 0.04 0.03 0.03 0.02 0.02 0.03 0.05 0.04 0.04 
0.05 0.02 0.03 0.02 0.03 0.04 0.03 0.04 0.04 0.04 
0.03 0.05 0.02 0.02 0.02 0.05 0.05 0.03 0.04 0.05 
0.02 0.04 0.05 0.04 0.05 0.04 0.03 0.05 0.05 0.03 
0.04 0.03 0.03 0.02 0.05 0.02 0.02 0.05 0.02 0.05 
0.04 0.02 0.05 0.05 0.02 0.05 0.03 0.05 0.04 0.05 
0.04 0.05 0.05 0.05 0.05 0.05 0.04 0.04 0.04 0.04 
0.03 0.03 0.02 0.04 0.04 0.03 0.03 0.03 0.03 0.02 
0.02 0.04 0.02 0.02 0.02 0.02 0.05 0.04 0.02 0.03 
0.05 0.05 0.03 0.02 0.03 0.04 0.02 0.04 0.03 0.04 
0.03 0.03 0.04 0.02 0.04 0.02 0.02 0.05 0.05 0.03 
0.02 0.02 0.05 0.05 0.04 0.02 0.02 0.05 0.03 0.05 
0.03 0.04 0.05 0.02 0.04 0.03 0.05 0.04 0.05 0.05 
0.03 0.02 0.02 0.04 0.02 0.05 0.05 0.02 0.02 0.05 
0.04 0.04 0.04 0.02 0.05 0.03 0.03 0.04 0.04 0.05 
0.05 0.03 0.04 0.03 0.05 0.05 0.03 0.04 0.05 0.02 
0.02 0.05 0.02 0.05 0.04 0.05 0.05 0.04 0.05 0.05 
0.02 0.04 0.02 0.02 0.02 0.04 0.02 0.02 0.05 0.04 
0.05 0.03 0.04 0.05 0.05 0.02 0.02 0.02 0.05 0.02 
0.04 0.05 0.03 0.04 0.05 0.04 0.04 0.03 0.04 0.02 
0.02 0.05 0.03 0.04 0.03 0.04 0.02 0.02 0.03 0.04 
0.04 0.05 0.05 0.03 0.02 0.05 0.03 0.05 0.04 0.05 
0.05 0.05 0.03 0.03 0.02 0.04 0.04 0.04 0.04 0.03 
0.05 0.02 0.05 0.05 0.05 0.03 0.04 0.04 0.03 0.03 
0.03 0.04 0.02 0.04 0.05 0.04 0.03 0.02 0.04 0.04 
0.02 0.05 0.04 0.03 0.03 0.03 0.02 0.04 0.05 0.03 
0.04 0.04 0.04 0.02 0.03 0.03 0.02 0.04 0.04 0.03 
0.03 0.04 0.04 0.02 0.02 0.05 0.02 0.04 0.04 0.02 
0.02 0.03 0.04 0.05 0.05 0.02 0.03 0.05 0.04 0.02 
0.03 0.05 0.05 0.02 0.03 0.02 0.05 0.05 0.02 0.05 
0.03 0.04 0.03 0.05 0.05 0.05 0.03 0.05 0.05 0.05 
0.03 0.04 0.04 0.03 0.03 0.05 0.05 0.04 0.04 0.05 
0.02 0.04 0.05 0.05 0.04 0.03 0.02 0.02 0.04 0.04 
0.02 0.02 0.02 0.02 0.03 0.05 0.04 0.05 0.04 0.05 
0.03 0.05 0.02 0.02 0.02 0.03 0.04 0.02 0.05 0.02 
0.02 0.04 0.02 0.05 0.04 0.02 0.02 0.03 0.04 0.05 
0.02 0.05 0.03 0.04 0.02 0.03 0.04 0.03 0.05 0.02 
0.03 0.05 0.02 0.05 0.02 0.04 0.05 0.02 0.05 0.02 
0.03 0.03 0.02 0.03 0.03 0.03 0.04 0.03 0.02 0.03 
0.05 0.02 0.04 0.03 0.02 0.04 0.04 0.03 0.03 0.02 
0.02 0.03 0.05 0.05 0.02 0.02 0.02 0.04 0.03 0.03 
0.05 0.05 0.02 0.02 0.05 0.05 0.02 0.03 0.03 0.02 
0.04 0.03 0.04 0.02 0.03 0.04 0.04 0.04 0.05 0.05 
0.03 0.04 0.05 0.03 0.05 0.02 0.03 0.03 0.02 0.05 
0.02 0.02 0.03 0.02 0.03 0.04 0.03 0.02 0.05 0.02 
0.02 0.02 0.03 0.04 0.02 0.02 0.05 0.02 0.05 0.05 
0.04 0.05 0.02 0.02 0.05 0.02 0.02 0.04 0.04 0.02 
0.05 0.03 0.05 0.05 0.03 0.03 0.05 0.05 0.04 0.05 
0.02 0.04 0.04 0.02 0.02 0.04 0.05 0.02 0.04 0.04 
0.03 0.03 0.02 0.03 0.03 0.03 0.04 0.04 0.02 0.02 
0.04 0.05 0.03 0.03 0.03 0.02 0.05 0.04 0.03 0.03 
0.03 0.04 0.04 0.04 0.03 0.02 0.04 0.04 0.02 0.03 
0.03 0.03 0.05 0.03 0.05 0.03 0.02 0.03 0.05 0.03 
0.03 0.03 0.05 0.05 0.04 0.03 0.03 0.02 0.02 0.03 
0.03 0.03 0.05 0.03 0.04 0.05 0.02 0.03 0.05 0.04 
0.04 0.05 0.04 0.05 0.02 0.02 0.02 0.05 0.04 0.04 
0.03 0.03 0.02 0.04 0.02 0.04 0.05 0.03 0.03 0.04 
0.02 0.04 0.04 0.02 0.03 0.02 0.03 0.03 0.02 0.02 
0.02 0.03 0.04 0.05 0.03 0.05 0.04 0.02 0.04 0.04 
0.04 0.02 0.03 0.02 0.02 0.03 0.04 0.02 0.05 0.04 
0.05 0.02 0.02 0.03 0.04 0.03 0.03 0.02 0.04 0.05 
0.02 0.04 0.04 0.02 0.03 0.03 0.04 0.02 0.02 0.03 
0.04 0.05 0.05 0.03 0.03 0.02 0.05 0.02 0.05 0.05 
0.04 0.04 0.03 0.04 0.05 0.05 0.04 0.05 0.04 0.02 
0.03 0.03 0.03 0.02 0.02 0.02 0.04 0.05 0.03 0.03 
0.04 0.04 0.03 0.03 0.02 0.04 0.03 0.05 0.02 0.03 
0.05 0.05 0.05 0.05 0.02 0.04 0.03 0.05 0.03 0.02 
0.05 0.05 0.02 0.04 0.02 0.03 0.04 0.05 0.03 0.05 
0.02 0.04 0.02 0.05 0.05 0.03 0.04 0.04 0.05 0.02 
0.05 0.02 0.04 0.05 0.05 0.04 0.05 0.02 0.03 0.05 
0.02 0.04 0.03 0.02 0.02 0.04 0.03 0.03 0.03 0.04 
0.03 0.04 0.05 0.03 0.03 0.04 0.02 0.05 0.05 0.05 
0.04 0.04 0.03 0.02 0.04 0.02 0.02 0.03 0.03 0.05 
0.04 0.05 0.02 0.03 0.02 0.05 0.02 0.05 0.03 0.05 
0.02 0.02 0.04 0.03 0.05 0.03 0.02 0.05 0.02 0.02 
0.03 0.02 0.04 0.05 0.03 0.05 0.02 0.03 0.02 0.05 
0.05 0.05 0.04 0.05 0.04 0.05 0.02 0.02 0.02 0.02 
0.03 0.03 0.03 0.03 0.04 0.05 0.04 0.03 0.03 0.03 
0.02 0.05 0.04 0.02 0.03 0.05 0.05 0.04 0.04 0.05 
0.02 0.04 0.03 0.02 0.04 0.04 0.05 0.03 0.03 0.03 
0.02 0.02 0.03 0.04 0.04 0.05 0.04 0.04 0.03 0.05 
0.03 0.04 0.05 0.05 0.02 0.03 0.05 0.02 0.05 0.03 
0.02 0.04 0.03 0.02 0.03 0.05 0.05 0.02 0.04 0.05 
0.02 0.02 0.05 0.04 0.05 0.04 0.03 0.03 0.02 0.05 
0.02 0.05 0.02 0.04 0.05 0.04 0.03 0.04 0.03 0.04 
0.04 0.02 0.04 0.03 0.02 0.03 0.03 0.02 0.03 0.04 
0.03 0.04 0.02 0.05 0.02 0.05 0.02 0.04 0.03 0.05 
0.05 0.05 0.03 0.03 0.04 0.05 0.03 0.05 0.04 0.04 
0.02 0.04 0.04 0.05 0.05 0.02 0.04 0.04 0.02 0.03 
0.04 0.04 0.02 0.02 0.03 0.05 0.05 0.02 0.05 0.03 
0.02 0.05 0.03 0.03 0.04 0.03 0.02 0.04 0.05 0.04 
0.05 0.04 0.05 0.02 0.05 0.04 0.05 0.05 0.05 0.02 
0.03 0.04 0.04 0.05 0.04 0.05 0.04 0.04 0.03 0.02 
0.02 0.02 0.04 0.04 0.03 0.02 0.04 0.04 0.02 0.05 
0.02 0.02 0.04 0.04 0.05 0.03 0.02 0.03 0.05 0.03 
0.02 0.03 0.04 0.03 0.03 0.03 0.04 0.05 0.05 0.05 
0.04 0.02 0.02 0.03 0.04 0.02 0.05 0.05 0.03 0.05 
0.04 0.03 0.05 0.04 0.04 0.03 0.04 0.04 0.03 0.03 
0.05 0.02 0.05 0.04 0.05 0.04 0.03 0.05 0.04 0.02 
0.03 0.05 0.02 0.04 0.04 0.05 0.03 0.03 0.03 0.05 
0.05 0.05 0.03 0.03 0.03 0.05 0.04 0.05 0.04 0.05 
0.02 0.05 0.02 0.02 0.04 0.04 0.05 0.04 0.03 0.05 
0.02 0.05 0.02 0.02 0.03 0.04 0.03 0.03 0.02 0.05 
0.04 0.03 0.03 0.04 0.04 0.04 0.05 0.03 0.05 0.03 
0.04 0.04 0.02 0.05 0.03 0.05 0.04 0.05 0.03 0.04 
0.04 0.04 0.05 0.02 0.05 0.03 0.02 0.03 0.03 0.04 
0.04 0.02 0.04 0.02 0.03 0.04 0.04 0.05 0.02 0.02 
0.04 0.05 0.05 0.04 0.04 0.04 0.05 0.05 0.03 0.03 
0.03 0.04 0.05 0.05 0.03 0.05 0.03 0.03 0.04 0.04 
0.04 0.04 0.03 0.05 0.05 0.04 0.05 0.03 0.05 0.02 
0.03 0.05 0.02 0.03 0.03 0.04 0.03 0.02 0.04 0.04 
0.03 0.03 0.04 0.03 0.02 0.05 0.02 0.05 0.03 0.03 
0.02 0.05 0.02 0.03 0.04 0.03 0.03 0.03 0.02 0.02 
0.02 0.05 0.02 0.03 0.03 0.04 0.02 0.04 0.02 0.05 
0.02 0.05 0.05 0.03 0.05 0.04 0.02 0.04 0.05 0.03 
0.04 0.02 0.05 0.02 0.03 0.03 0.03 0.04 0.04 0.03 
0.05 0.02 0.03 0.03 0.03 0.05 0.04 0.04 0.04 0.02 
0.03 0.04 0.05 0.02 0.03 0.03 0.04 0.05 0.04 0.04 
0.04 0.04 0.02 0.03 0.02 0.03 0.04 0.04 0.03 0.02 
0.04 0.05 0.05 0.03 0.05 0.04 0.05 0.03 0.05 0.03 
0.04 0.02 0.04 0.05 0.04 0.05 0.03 0.02 0.04 0.05 
0.03 0.03 0.05 0.04 0.02 0.04 0.02 0.05 0.02 0.02 
0.02 0.02 0.03 0.04 0.03 0.03 0.03 0.03 0.04 0.03 
0.02 0.05 0.04 0.02 0.04 0.03 0.05 0.04 0.05 0.05 
0.04 0.02 0.03 0.05 0.02 0.03 0.02 0.05 0.05 0.03 
0.04 0.05 0.02 0.04 0.02 0.04 0.05 0.02 0.04 0.02 
0.05 0.02 0.03 0.02 0.02 0.05 0.03 0.04 0.04 0.04 
0.04 0.05 0.05 0.03 0.03 0.02 0.02 0.03 0.05 0.02 
0.03 0.02 0.04 0.05 0.03 0.04 0.05 0.02 0.05 0.02 
0.02 0.04 0.03 0.05 0.05 0.02 0.05 0.03 0.03 0.03 
0.02 0.05 0.03 0.02 0.02 0.05 0.04 0.03 0.03 0.03 
0.02 0.05 0.04 0.05 0.03 0.04 0.03 0.03 0.02 0.03 
0.04 0.02 0.05 0.02 0.04 0.05 0.02 0.03 0.02 0.03 
0.03 0.03 0.02 0.04 0.04 0.04 0.03 0.03 0.02 0.02 
0.02 0.04 0.02 0.03 0.04 0.03 0.04 0.05 0.04 0.02 
0.05 0.04 0.04 0.02 0.05 0.04 0.05 0.03 0.03 0.04 
0.04 0.05 0.03 0.05 0.03 0.03 0.02 0.04 0.05 0.03 
0.05 0.03 0.02 0.04 0.02 0.05 0.03 0.02 0.04 0.02 
0.02 0.04 0.05 0.04 0.05 0.02 0.03 0.03 0.03 0.03 
0.04 0.04 0.05 0.04 0.05 0.02 0.04 0.05 0.05 0.03 
0.02 0.02 0.05 0.03 0.03 0.05 0.04 0.02 0.02 0.05 
0.04 0.04 0.03 0.03 0.04 0.05 0.04 0.02 0.05 0.03 
0.05 0.05 0.05 0.05 0.03 0.04 0.02 0.04 0.03 0.05 
0.03 0.03 0.02 0.02 0.04 0.03 0.03 0.05 0.03 0.02 
0.05 0.05 0.05 0.05 0.05 0.04 0.05 0.03 0.02 0.05 
0.03 0.05 0.05 0.03 0.04 0.02 0.04 0.05 0.02 0.03 
0.03 0.04 0.03 0.03 0.02 0.05 0.03 0.03 0.03 0.03 
0.04 0.02 0.04 0.05 0.05 0.02 0.03 0.02 0.04 0.05 
0.05 0.05 0.05 0.03 0.04 0.02 0.04 0.02 0.03 0.03 
0.04 0.03 0.02 0.03 0.04 0.03 0.03 0.04 0.03 0.04 
0.05 0.05 0.05 0.05 0.04 0.02 0.02 0.03 0.04 0.02 
0.03 0.05 0.05 0.04 0.03 0.05 0.02 0.03 0.05 0.03 
0.04 0.05 0.02 0.03 0.02 0.03 0.02 0.02 0.04 0.05 
0.05 0.02 0.03 0.02 0.04 0.04 0.05 0.04 0.03 0.03 
0.04 0.03 0.03 0.04 0.05 0.02 0.03 0.03 0.04 0.02 
0.02 0.05 0.03 0.02 0.02 0.04 0.05 0.03 0.05 0.04 
0.02 0.05 0.03 0.03 0.03 0.05 0.05 0.04 0.05 0.03 
0.03 0.02 0.05 0.02 0.03 0.03 0.02 0.02 0.03 0.02 
0.02 0.03 0.05 0.05 0.03 0.02 0.05 0.03 0.05 0.02 
0.04 0.02 0.04 0.05 0.02 0.02 0.03 0.04 0.03 0.05 
0.02 0.05 0.04 0.05 0.02 0.02 0.05 0.03 0.05 0.04 
0.03 0.03 0.05 0.04 0.04 0.04 0.02 0.05 0.02 0.03 
0.05 0.02 0.05 0.05 0.05 0.02 0.04 0.04 0.02 0.03 
0.02 0.03 0.05 0.03 0.03 0.02 0.05 0.05 0.03 0.02 
0.04 0.02 0.02 0.03 0.02 0.05 0.03 0.03 0.03 0.03 
0.02 0.03 0.02 0.03 0.04 0.04 0.04 0.03 0.05 0.05 
0.04 0.03 0.02 0.05 0.03 0.04 0.03 0.04 0.02 0.05 
0.02 0.05 0.04 0.05 0.04 0.04 0.03 0.04 0.02 0.04 
0.05 0.03 0.04 0.04 0.05 0.02 0.04 0.05 0.04 0.03 
0.02 0.05 0.02 0.03 0.03 0.04 0.03 0.04 0.02 0.03 
0.04 0.02 0.03 0.05 0.03 0.03 0.02 0.05 0.04 0.03 
0.03 0.04 0.04 0.03 0.03 0.02 0.05 0.04 0.05 0.02 
0.04 0.02 0.04 0.04 0.05 0.02 0.04 0.02 0.03 0.03 
0.04 0.04 0.05 0.04 0.02 0.05 0.02 0.02 0.04 0.02 
0.04 0.02 0.02 0.04 0.02 0.03 0.02 0.02 0.02 0.02 
0.05 0.02 0.03 0.02 0.02 0.02 0.05 0.02 0.05 0.02 
0.03 0.05 0.02 0.03 0.03 0.04 0.04 0.03 0.04 0.02 
0.04 0.03 0.03 0.05 0.02 0.04 0.02 0.03 0.02 0.05 
0.03 0.03 0.03 0.02 0.04 0.03 0.05 0.03 0.02 0.05 
0.02 0.05 0.02 0.03 0.03 0.02 0.03 0.03 0.03 0.03 
0.03 0.02 0.02 0.03 0.02 0.03 0.03 0.05 0.05 0.03 
0.04 0.03 0.03 0.02 0.02 0.03 0.05 0.05 0.04 0.05 
0.04 0.05 0.02 0.03 0.04 0.05 0.05 0.03 0.05 0.02 
0.04 0.03 0.04 0.05 0.04 0.04 0.04 0.02 0.05 0.05 
0.03 0.02 0.04 0.02 0.02 0.03 0.02 0.02 0.05 0.04 
0.04 0.03 0.03 0.05 0.03 0.02 0.04 0.02 0.05 0.03 
0.05 0.03 0.05 0.05 0.05 0.03 0.05 0.04 0.02 0.02 
0.03 0.02 0.02 0.04 0.03 0.04 0.03 0.02 0.04 0.02 
0.03 0.02 0.02 0.03 0.05 0.04 0.02 0.02 0.05 0.03 
0.05 0.04 0.03 0.03 0.04 0.02 0.04 0.03 0.05 0.02 
0.05 0.03 0.05 0.05 0.04 0.04 0.05 0.04 0.05 0.05 
0.02 0.04 0.03 0.02 0.05 0.04 0.05 0.02 0.02 0.02 
0.04 0.04 0.03 0.03 0.03 0.02 0.04 0.02 0.02 0.04 
0.05 0.04 0.05 0.04 0.05 0.03 0.03 0.05 0.05 0.03 
0.02 0.04 0.05 0.03 0.02 0.03 0.02 0.04 0.03 0.05 
0.02 0.02 0.04 0.03 0.05 0.05 0.03 0.03 0.04 0.04 
0.04 0.05 0.04 0.02 0.03 0.03 0.04 0.04 0.04 0.02 
0.04 0.03 0.04 0.05 0.05 0.04 0.05 0.02 0.04 0.05 
0.03 0.05 0.05 0.05 0.04 0.04 0.04 0.04 0.04 0.05 
0.04 0.04 0.02 0.04 0.04 0.05 0.03 0.04 0.03 0.03 
0.05 0.05 0.04 0.02 0.04 0.05 0.05 0.03 0.04 0.02 
0.03 0.05 0.05 0.05 0.05 0.05 0.02 0.04 0.02 0.04 
0.02 0.05 0.04 0.04 0.02 0.04 0.04 0.05 0.03 0.02 
0.03 0.04 0.04 0.03 0.05 0.02 0.04 0.03 0.04 0.02 
0.04 0.03 0.05 0.03 0.03 0.03 0.02 0.05 0.04 0.05 
0.03 0.02 0.04 0.03 0.03 0.03 0.03 0.04 0.03 0.05 
0.05 0.03 0.03 0.04 0.02 0.04 0.02 0.04 0.03 0.04 
0.02 0.03 0.04 0.05 0.03 0.05 0.02 0.02 0.03 0.03 
0.05 0.03 0.03 0.03 0.02 0.04 0.05 0.03 0.03 0.05 
0.02 0.03 0.05 0.05 0.04 0.02 0.05 0.03 0.05 0.04 
0.02 0.03 0.02 0.03 0.03 0.04 0.04 0.02 0.03 0.03 
0.04 0.04 0.05 0.02 0.04 0.05 0.03 0.02 0.02 0.04 
0.04 0.03 0.03 0.05 0.05 0.04 0.02 0.02 0.03 0.04 
0.04 0.04 0.02 0.03 0.03 0.02 0.02 0.03 0.02 0.02 
0.04 0.05 0.05 0.04 0.05 0.04 0.04 0.05 0.05 0.02 
0.05 0.03 0.04 0.05 0.02 0.04 0.04 0.02 0.05 0.03 
0.05 0.02 0.02 0.04 0.03 0.02 0.04 0.03 0.02 0.04 
0.04 0.02 0.05 0.02 0.04 0.03 0.03 0.05 0.03 0.05 
0.05 0.02 0.02 0.02 0.02 0.04 0.02 0.02 0.04 0.05 
0.02 0.04 0.03 0.03 0.03 0.02 0.03 0.04 0.03 0.02 
0.02 0.03 0.02 0.03 0.03 0.02 0.05 0.05 0.05 0.03 
0.05 0.03 0.02 0.03 0.04 0.04 0.03 0.02 0.05 0.05 
0.04 0.02 0.04 0.03 0.03 0.03 0.05 0.04 0.03 0.05 
0.04 0.02 0.02 0.02 0.02 0.02 0.05 0.05 0.02 0.04 
0.05 0.04 0.03 0.02 0.03 0.03 0.02 0.02 0.02 0.02 
0.02 0.04 0.02 0.03 0.03 0.02 0.02 0.02 0.04 0.03 
0.05 0.05 0.03 0.03 0.04 0.03 0.03 0.05 0.04 0.04 
0.04 0.02 0.04 0.03 0.04 0.02 0.02 0.04 0.05 0.03 
0.03 0.04 0.04 0.02 0.03 0.05 0.03 0.04 0.03 0.05 
0.03 0.02 0.04 0.03 0.05 0.02 0.02 0.04 0.04 0.02 
0.03 0.05 0.04 0.02 0.05 0.05 0.04 0.02 0.02 0.05 
0.03 0.03 0.04 0.02 0.05 0.04 0.04 0.05 0.02 0.04 
0.05 0.04 0.05 0.04 0.05 0.04 0.03 0.05 0.02 0.03 
0.04 0.04 0.03 0.05 0.05 0.02 0.05 0.04 0.03 0.04 
0.04 0.02 0.03 0.02 0.03 0.03 0.03 0.04 0.03 0.03 
0.03 0.05 0.04 0.04 0.04 0.02 0.05 0.05 0.02 0.04 
0.04 0.03 0.05 0.05 0.05 0.04 0.03 0.05 0.04 0.04 
0.02 0.05 0.04 0.04 0.05 0.03 0.02 0.05 0.05 0.02 
0.04 0.03 0.02 0.02 0.05 0.02 0.03 0.02 0.03 0.05 
0.04 0.05 0.03 0.04 0.04 0.04 0.02 0.03 0.04 0.04 
0.03 0.03 0.02 0.02 0.05 0.04 0.04 0.02 0.04 0.04 
0.03 0.02 0.02 0.05 0.03 0.04 0.03 0.04 0.04 0.03 
0.04 0.03 0.03 0.05 0.02 0.02 0.05 0.04 0.05 0.02 
0.02 0.05 0.04 0.05 0.04 0.05 0.04 0.04 0.03 0.05 
0.04 0.02 0.05 0.05 0.04 0.02 0.05 0.05 0.03 0.05 
0.02 0.05 0.04 0.04 0.02 0.02 0.02 0.05 0.02 0.04 
0.03 0.03 0.04 0.05 0.05 0.04 0.02 0.03 0.04 0.02 
0.02 0.03 0.05 0.03 0.04 0.04 0.03 0.03 0.02 0.02 
0.02 0.03 0.04 0.05 0.02 0.04 0.02 0.02 0.05 0.04 
0.02 0.02 0.04 0.05 0.04 0.05 0.02 0.05 0.03 0.04 
0.05 0.05 0.02 0.02 0.03 0.02 0.04 0.02 0.02 0.03 
0.03 0.04 0.02 0.04 0.02 0.02 0.04 0.03 0.03 0.03 
0.04 0.02 0.04 0.05 0.04 0.04 0.04 0.04 0.03 0.05 
0.03 0.03 0.03 0.03 0.04 0.03 0.04 0.05 0.05 0.03 
0.03 0.03 0.03 0.05 0.04 0.03 0.02 0.02 0.05 0.02 
0.04 0.04 0.03 0.02 0.05 0.05 0.03 0.03 0.04 0.04 
0.02 0.02 0.05 0.02 0.05 0.03 0.05 0.04 0.02 0.03 
0.03 0.05 0.04 0.03 0.04 0.03 0.02 0.03 0.02 0.03 
0.04 0.04 0.04 0.02 0.02 0.04 0.04 0.05 0.02 0.02 
0.03 0.04 0.05 0.03 0.03 0.05 0.05 0.05 0.03 0.05 
0.03 0.02 0.02 0.05 0.02 0.02 0.05 0.02 0.03 0.03 
0.05 0.05 0.02 0.02 0.03 0.05 0.02 0.05 0.02 0.05 
0.04 0.05 0.03 0.03 0.05 0.05 0.05 0.05 0.04 0.05 
0.02 0.02 0.03 0.04 0.05 0.02 0.02 0.05 0.02 0.04 
0.04 0.02 0.04 0.05 0.04 0.04 0.03 0.04 0.02 0.04 
0.02 0.03 0.02 0.05 0.02 0.02 0.02 0.04 0.03 0.02 
0.03 0.05 0.05 0.05 0.04 0.03 0.04 0.04 0.05 0.04 
0.03 0.02 0.05 0.04 0.02 0.02 0.02 0.02 0.03 0.03 
0.02 0.04 0.02 0.02 0.05 0.04 0.04 0.03 0.03 0.05 
0.02 0.04 0.02 0.04 0.04 0.05 0.05 0.02 0.02 0.03 
0.02 0.04 0.03 0.03 0.03 0.02 0.05 0.02 0.02 0.03 
0.04 0.02 0.02 0.02 0.05 0.04 0.04 0.03 0.02 0.05 
0.02 0.03 0.02 0.04 0.03 0.02 0.04 0.05 0.02 0.03 
0.03 0.04 0.04 0.05 0.03 0.03 0.04 0.05 0.03 0.05 
0.03 0.03 0.04 0.02 0.04 0.04 0.04 0.05 0.05 0.03 
0.05 0.03 0.03 0.02 0.03 0.05 0.03 0.04 0.04 0.03 
0.02 0.04 0.05 0.02 0.03 0.03 0.02 0.04 0.03 0.05 
0.05 0.02 0.05 0.05 0.05 0.03 0.04 0.03 0.03 0.05 
0.02 0.05 0.03 0.03 0.05 0.03 0.03 0.05 0.05 0.02 
0.05 0.03 0.03 0.02 0.03 0.02 0.03 0.03 0.05 0.05 
0.05 0.05 0.02 0.05 0.05 0.02 0.02 0.05 0.03 0.02 
0.05 0.04 0.02 0.03 0.05 0.03 0.05 0.02 0.04 0.02 
0.04 0.02 0.02 0.04 0.05 0.04 0.02 0.03 0.05 0.05 
0.02 0.02 0.02 0.05 0.02 0.05 0.02 0.05 0.03 0.03 
0.05 0.04 0.03 0.03 0.04 0.02 0.02 0.05 0.03 0.04 
0.03 0.02 0.05 0.04 0.03 0.04 0.05 0.03 0.03 0.02 
0.05 0.05 0.05 0.02 0.03 0.03 0.03 0.02 0.05 0.03 
0.05 0.03 0.03 0.03 0.04 0.05 0.04 0.02 0.04 0.04 
0.05 0.04 0.05 0.02 0.02 0.05 0.03 0.02 0.02 0.05 
0.05 0.05 0.05 0.03 0.05 0.05 0.04 0.04 0.03 0.03 
0.02 0.02 0.04 0.05 0.03 0.04 0.05 0.03 0.03 0.05 
0.03 0.05 0.02 0.02 0.05 0.03 0.02 0.05 0.04 0.02 
0.04 0.03 0.03 0.02 0.05 0.03 0.02 0.03 0.05 0.02 
0.02 0.02 0.05 0.04 0.05 0.02 0.05 0.04 0.04 0.04 
0.04 0.02 0.05 0.03 0.04 0.03 0.04 0.05 0.02 0.03 
0.05 0.03 0.05 0.04 0.03 0.05 0.02 0.02 0.02 0.04 
0.02 0.04 0.05 0.03 0.02 0.04 0.03 0.03 0.03 0.03 
0.05 0.04 0.05 0.02 0.05 0.03 0.02 0.05 0.02 0.03 
0.03 0.02 0.04 0.04 0.02 0.05 0.03 0.04 0.02 0.05 
0.03 0.05 0.03 0.03 0.04 0.04 0.05 0.02 0.05 0.03 
0.03 0.04 0.05 0.04 0.02 0.05 0.04 0.02 0.04 0.05 
0.02 0.02 0.05 0.03 0.02 0.05 0.05 0.02 0.02 0.04 
0.04 0.04 0.04 0.03 0.02 0.03 0.02 0.03 0.05 0.02 
0.03 0.02 0.04 0.02 0.02 0.02 0.04 0.05 0.02 0.03 
0.02 0.05 0.02 0.05 0.04 0.04 0.04 0.02 0.05 0.02 
0.04 0.02 0.03 0.03 0.03 0.05 0.04 0.02 0.05 0.03 
0.05 0.05 0.02 0.04 0.05 0.05 0.04 0.04 0.03 0.05 
0.05 0.03 0.02 0.03 0.05 0.04 0.05 0.03 0.03 0.04 
0.04 0.03 0.02 0.05 0.05 0.05 0.02 0.05 0.02 0.05 
0.02 0.04 0.05 0.05 0.04 0.03 0.05 0.03 0.03 0.02 
0.05 0.03 0.03 0.02 0.02 0.03 0.04 0.05 0.02 0.04 
0.04 0.04 0.03 0.03 0.02 0.05 0.03 0.05 0.02 0.04 
0.02 0.05 0.02 0.05 0.05 0.03 0.02 0.04 0.03 0.04 
0.02 0.04 0.05 0.03 0.05 0.03 0.04 0.04 0.02 0.05 
0.03 0.05 0.04 0.03 0.03 0.03 0.02 0.05 0.03 0.03 
0.02 0.02 0.04 0.03 0.03 0.03 0.03 0.02 0.05 0.05 
0.03 0.04 0.04 0.02 0.02 0.02 0.02 0.04 0.03 0.05 
0.03 0.05 0.04 0.05 0.02 0.03 0.02 0.03 0.05 0.05 
0.05 0.02 0.05 0.02 0.02 0.05 0.02 0.05 0.02 0.03 
0.04 0.04 0.02 0.03 0.02 0.03 0.04 0.02 0.05 0.05 
0.03 0.03 0.03 0.05 0.02 0.05 0.05 0.03 0.02 0.03 
0.03 0.02 0.05 0.05 0.04 0.03 0.03 0.05 0.05 0.05 
0.05 0.05 0.02 0.02 0.03 0.04 0.02 0.05 0.04 0.02 
0.04 0.02 0.05 0.02 0.02 0.05 0.04 0.05 0.04 0.03 
0.02 0.04 0.03 0.03 0.04 0.04 0.02 0.03 0.04 0.02 
0.05 0.04 0.03 0.05 0.02 0.04 0.03 0.05 0.05 0.04 
0.03 0.03 0.05 0.02 0.05 0.03 0.03 0.02 0.02 0.02 
0.05 0.02 0.05 0.03 0.05 0.05 0.02 0.05 0.05 0.05 
0.02 0.04 0.02 0.04 0.05 0.05 0.04 0.05 0.05 0.02 
0.05 0.04 0.04 0.05 0.03 0.02 0.03 0.03 0.03 0.04 
0.03 0.03 0.02 0.02 0.03 0.03 0.04 0.03 0.02 0.03 
0.04 0.05 0.04 0.04 0.02 0.05 0.02 0.05 0.04 0.03 
0.04 0.04 0.05 0.05 0.02 0.05 0.04 0.02 0.03 0.03 
0.02 0.02 0.03 0.05 0.05 0.03 0.02 0.04 0.03 0.04 
0.03 0.04 0.02 0.03 0.04 0.02 0.05 0.03 0.04 0.04 
0.04 0.05 0.02 0.04 0.04 0.02 0.04 0.05 0.05 0.05 
0.03 0.03 0.04 0.04 0.02 0.02 0.05 0.02 0.02 0.02 
0.03 0.05 0.04 0.04 0.05 0.03 0.02 0.05 0.05 0.04 
0.04 0.04 0.05 0.04 0.05 0.02 0.03 0.04 0.04 0.05 
0.03 0.04 0.04 0.05 0.05 0.04 0.05 0.02 0.03 0.02 
0.02 0.02 0.04 0.05 0.05 0.02 0.05 0.04 0.05 0.03 
0.05 0.03 0.05 0.05 0.03 0.04 0.02 0.03 0.04 0.04 
0.02 0.04 0.05 0.04 0.03 0.04 0.02 0.05 0.05 0.02 
0.02 0.04 0.02 0.04 0.02 0.02 0.02 0.03 0.04 0.04 
0.04 0.05 0.04 0.03 0.04 0.04 0.05 0.05 0.03 0.03 
0.02 0.04 0.05 0.02 0.05 0.03 0.03 0.03 0.03 0.05 
0.03 0.04 0.02 0.04 0.02 0.04 0.04 0.05 0.02 0.02 
0.04 0.04 0.04 0.04 0.02 0.05 0.05 0.04 0.04 0.05 
0.02 0.03 0.05 0.03 0.03 0.03 0.05 0.02 0.02 0.04 
0.03 0.05 0.04 0.04 0.03 0.05 0.03 0.03 0.02 0.05 
0.04 0.04 0.02 0.04 0.02 0.05 0.05 0.05 0.04 0.04 
0.02 0.05 0.05 0.05 0.03 0.03 0.03 0.02 0.02 0.05 
0.03 0.02 0.05 0.03 0.05 0.03 0.04 0.03 0.04 0.05 
0.05 0.04 0.04 0.03 0.05 0.02 0.02 0.02 0.05 0.03 
0.02 0.04 0.04 0.03 0.05 0.02 0.03 0.03 0.03 0.03 
0.05 0.04 0.04 0.03 0.02 0.05 0.03 0.05 0.05 0.04 
0.05 0.02 0.05 0.02 0.04 0.03 0.03 0.04 0.04 0.02 
0.05 0.04 0.04 0.02 0.02 0.02 0.05 0.05 0.03 0.04 
0.02 0.02 0.05 0.04 0.02 0.03 0.03 0.05 0.03 0.04 
0.03 0.05 0.05 0.03 0.05 0.03 0.05 0.05 0.03 0.04 
0.02 0.02 0.04 0.03 0.04 0.04 0.04 0.05 0.03 0.05 
0.05 0.03 0.03 0.02 0.03 0.05 0.05 0.04 0.05 0.04 
0.05 0.05 0.04 0.02 0.02 0.02 0.05 0.03 0.02 0.05 
0.03 0.03 0.03 0.05 0.04 0.04 0.04 0.04 0.04 0.02 
0.05 0.05 0.05 0.04 0.02 0.02 0.02 0.04 0.03 0.03 
0.02 0.04 0.04 0.03 0.04 0.02 0.04 0.04 0.03 0.03 
0.04 0.04 0.05 0.03 0.03 0.04 0.04 0.03 0.03 0.04 
0.03 0.03 0.02 0.04 0.03 0.04 0.03 0.02 0.05 0.04 
0.04 0.02 0.03 0.03 0.02 0.05 0.02 0.04 0.02 0.03 
0.05 0.04 0.05 0.02 0.05 0.05 0.03 0.02 0.02 0.04 
0.05 0.02 0.05 0.02 0.03 0.03 0.02 0.04 0.03 0.02 
0.05 0.05 0.03 0.05 0.04 0.05 0.04 0.03 0.04 0.05 
0.05 0.03 0.05 0.05 0.05 0.04 0.05 0.05 0.05 0.02 
0.04 0.02 0.03 0.02 0.05 0.02 0.04 0.02 0.03 0.04 
0.02 0.02 0.02 0.04 0.04 0.05 0.03 0.04 0.04 0.05 
0.04 0.02 0.02 0.03 0.02 0.05 0.05 0.02 0.04 0.02 
0.02 0.03 0.05 0.03 0.02 0.02 0.05 0.05 0.03 0.02 
0.04 0.04 0.05 0.02 0.02 0.03 0.03 0.03 0.05 0.05 
0.02 0.05 0.05 0.02 0.02 0.04 0.03 0.04 0.02 0.05 
0.03 0.05 0.03 0.04 0.02 0.03 0.02 0.03 0.03 0.04 
0.04 0.02 0.04 0.05 0.03 0.03 0.03 0.02 0.05 0.03 
0.03 0.03 0.05 0.03 0.04 0.05 0.03 0.05 0.02 0.04 
0.05 0.04 0.02 0.03 0.03 0.03 0.05 0.04 0.05 0.04 
0.03 0.03 0.04 0.04 0.05 0.05 0.02 0.05 0.02 0.02 
0.02 0.04 0.02 0.04 0.04 0.03 0.03 0.03 0.03 0.03 
0.03 0.05 0.02 0.02 0.03 0.04 0.03 0.02 0.05 0.03 
0.04 0.05 0.03 0.02 0.03 0.02 0.03 0.05 0.05 0.02 
0.02 0.05 0.05 0.03 0.05 0.02 0.04 0.02 0.05 0.02 
0.02 0.05 0.03 0.04 0.03 0.02 0.02 0.03 0.05 0.03 
0.03 0.04 0.02 0.03 0.03 0.05 0.05 0.02 0.04 0.02 
0.02 0.03 0.05 0.02 0.02 0.03 0.02 0.03 0.04 0.04 
0.03 0.05 0.02 0.05 0.03 0.03 0.04 0.04 0.04 0.05 
0.05 0.03 0.05 0.02 0.03 0.05 0.04 0.03 0.04 0.04 
0.03 0.03 0.02 0.03 0.03 0.03 0.05 0.05 0.04 0.05 
0.05 0.04 0.05 0.02 0.02 0.04 0.03 0.02 0.04 0.05 
0.05 0.05 0.02 0.05 0.04 0.03 0.02 0.04 0.04 0.02 
0.05 0.02 0.05 0.02 0.03 0.03 0.04 0.02 0.04 0.03 
0.02 0.03 0.03 0.02 0.05 0.03 0.05 0.02 0.03 0.02 
0.05 0.04 0.05 0.03 0.05 0.05 0.04 0.03 0.02 0.04 
0.03 0.02 0.02 0.02 0.03 0.04 0.03 0.02 0.02 0.05 
0.05 0.05 0.02 0.04 0.02 0.05 0.02 0.02 0.03 0.05 
0.04 0.03 0.03 0.02 0.04 0.03 0.03 0.02 0.04 0.02 
0.02 0.05 0.03 0.05 0.03 0.03 0.04 0.03 0.02 0.02 
0.04 0.03 0.05 0.04 0.02 0.02 0.02 0.05 0.03 0.04 
0.02 0.02 0.04 0.02 0.03 0.02 0.03 0.05 0.04 0.02 
0.04 0.04 0.04 0.05 0.03 0.03 0.03 0.02 0.03 0.05 
0.04 0.03 0.05 0.05 0.04 0.02 0.05 0.04 0.04 0.05 
0.02 0.05 0.04 0.05 0.05 0.04 0.05 0.05 0.02 0.02 
0.05 0.05 0.05 0.05 0.05 0.02 0.04 0.03 0.04 0.05 
0.04 0.04 0.03 0.02 0.04 0.03 0.04 0.04 0.04 0.03 
0.03 0.05 0.05 0.02 0.04 0.02 0.05 0.02 0.04 0.02 
0.03 0.02 0.05 0.03 0.02 0.04 0.02 0.03 0.03 0.03 
0.05 0.03 0.03 0.03 0.04 0.05 0.02 0.02 0.05 0.03 
0.05 0.04 0.05 0.03 0.03 0.03 0.05 0.02 0.02 0.04 
0.05 0.02 0.02 0.03 0.05 0.03 0.02 0.02 0.04 0.05 
0.05 0.03 0.05 0.02 0.03 0.05 0.03 0.03 0.02 0.05 
0.02 0.02 0.02 0.02 0.04 0.05 0.05 0.04 0.05 0.02 
0.04 0.04 0.04 0.02 0.03 0.04 0.03 0.05 0.02 0.03 
0.03 0.03 0.03 0.03 0.04 0.02 0.03 0.04 0.04 0.05 
0.02 0.02 0.03 0.03 0.03 0.04 0.04 0.04 0.03 0.02 
0.03 0.02 0.05 0.03 0.03 0.05 0.03 0.04 0.03 0.02 
0.04 0.02 0.04 0.02 0.03 0.02 0.04 0.03 0.05 0.02 
0.05 0.02 0.02 0.04 0.05 0.02 0.05 0.05 0.04 0.04 
0.04 0.02 0.03 0.04 0.05 0.05 0.05 0.03 0.04 0.04 
0.05 0.04 0.04 0.04 0.05 0.02 0.03 0.05 0.03 0.03 
0.03 0.05 0.05 0.05 0.02 0.04 0.03 0.02 0.02 0.03 
0.05 0.02 0.02 0.03 0.04 0.02 0.03 0.04 0.03 0.03 
0.04 0.05 0.02 0.02 0.03 0.05 0.03 0.05 0.05 0.05 
0.03 0.02 0.05 0.04 0.05 0.03 0.02 0.05 0.03 0.04 
0.02 0.02 0.05 0.04 0.02 0.02 0.02 0.03 0.05 0.02 
0.03 0.02 0.04 0.03 0.04 0.04 0.03 0.02 0.05 0.04 
0.02 0.04 0.02 0.04 0.04 0.02 0.04 0.05 0.04 0.02 
0.02 0.05 0.04 0.03 0.04 0.04 0.05 0.04 0.04 0.04 
0.05 0.02 0.03 0.04 0.04 0.04 0.05 0.03 0.02 0.03 
0.04 0.02 0.02 0.05 0.04 0.03 0.04 0.05 0.03 0.03 
0.02 0.03 0.04 0.03 0.03 0.05 0.02 0.02 0.05 0.05 
0.03 0.03 0.03 0.05 0.04 0.02 0.02 0.02 0.02 0.04 
0.05 0.05 0.03 0.02 0.02 0.04 0.05 0.02 0.05 0.03 
0.02 0.02 0.03 0.04 0.02 0.04 0.04 0.03 0.03 0.05 
0.04 0.03 0.04 0.05 0.03 0.03 0.03 0.02 0.02 0.04 
0.03 0.04 0.02 0.03 0.04 0.05 0.03 0.03 0.05 0.03 
0.04 0.05 0.04 0.02 0.03 0.02 0.03 0.04 0.03 0.05 
0.04 0.03 0.02 0.04 0.03 0.05 0.02 0.03 0.05 0.04 
0.02 0.05 0.05 0.05 0.05 0.05 0.02 0.04 0.02 0.04 
0.05 0.05 0.03 0.04 0.04 0.04 0.04 0.05 0.03 0.05 
0.04 0.05 0.04 0.02 0.02 0.04 0.02 0.04 0.03 0.03 
0.05 0.05 0.03 0.05 0.05 0.02 0.05 0.02 0.04 0.04 
0.04 0.02 0.04 0.04 0.04 0.04 0.05 0.02 0.05 0.04 
0.04 0.05 0.02 0.02 0.04 0.02 0.04 0.02 0.05 0.02 
0.04 0.04 0.02 0.05 0.02 0.04 0.02 0.03 0.03 0.03 
0.03 0.03 0.04 0.04 0.04 0.04 0.05 0.04 0.03 0.05 
0.02 0.05 0.05 0.03 0.05 0.05 0.03 0.03 0.04 0.04 
0.04 0.05 0.05 0.03 0.02 0.05 0.05 0.03 0.05 0.03 
0.05 0.04 0.03 0.04 0.03 0.02 0.02 0.03 0.05 0.04 
0.04 0.03 0.03 0.03 0.04 0.04 0.02 0.02 0.04 0.02 
0.04 0.04 0.05 0.02 0.04 0.04 0.05 0.02 0.02 0.04 
0.02 0.04 0.03 0.04 0.04 0.05 0.04 0.05 0.04 0.04 
0.02 0.05 0.04 0.05 0.02 0.05 0.05 0.05 0.03 0.04 
0.02 0.05 0.04 0.05 0.04 0.03 0.04 0.02 0.04 0.05 
0.04 0.03 0.02 0.05 0.04 0.04 0.03 0.05 0.03 0.04 
0.02 0.05 0.03 0.03 0.02 0.05 0.03 0.03 0.04 0.04 
0.03 0.03 0.02 0.03 0.02 0.05 0.04 0.02 0.04 0.03 
0.04 0.05 0.04 0.04 0.04 0.02 0.05 0.04 0.03 0.03 
0.04 0.02 0.04 0.04 0.02 0.02 0.04 0.02 0.04 0.04 
0.02 0.04 0.03 0.04 0.03 0.03 0.05 0.02 0.05 0.03 
0.02 0.02 0.05 0.03 0.04 0.04 0.05 0.03 0.05 0.03 
0.04 0.03 0.04 0.03 0.02 0.05 0.05 0.04 0.02 0.05 
0.02 0.05 0.03 0.02 0.03 0.05 0.02 0.02 0.03 0.03 
0.03 0.03 0.03 0.03 0.03 0.04 0.03 0.04 0.03 0.05 
0.02 0.03 0.02 0.04 0.04 0.04 0.05 0.04 0.03 0.03 
0.04 0.04 0.04 0.02 0.05 0.05 0.03 0.05 0.04 0.02 
0.05 0.02 0.03 0.04 0.05 0.04 0.03 0.03 0.03 0.02 
0.03 0.04 0.05 0.03 0.02 0.05 0.04 0.02 0.05 0.02 
0.02 0.02 0.04 0.02 0.02 0.02 0.05 0.03 0.03 0.04 
0.03 0.05 0.03 0.02 0.04 0.03 0.05 0.02 0.04 0.02 
0.04 0.02 0.04 0.04 0.04 0.02 0.04 0.02 0.02 0.02 
0.03 0.02 0.04 0.04 0.02 0.04 0.03 0.04 0.04 0.03 
0.04 0.05 0.02 0.03 0.02 0.02 0.02 0.04 0.05 0.02 
0.03 0.02 0.04 0.04 0.03 0.02 0.02 0.05 0.03 0.03 
0.04 0.03 0.03 0.02 0.03 0.03 0.04 0.05 0.03 0.04 
0.02 0.03 0.05 0.03 0.05 0.05 0.02 0.03 0.05 0.03 
0.04 0.03 0.03 0.05 0.03 0.05 0.02 0.05 0.03 0.04 
0.02 0.02 0.03 0.05 0.05 0.05 0.03 0.03 0.02 0.05 
0.03 0.02 0.02 0.03 0.03 0.05 0.02 0.03 0.04 0.04 
0.03 0.03 0.03 0.05 0.04 0.02 0.02 0.02 0.04 0.02 
0.03 0.05 0.02 0.02 0.04 0.04 0.05 0.02 0.05 0.04 
0.03 0.03 0.03 0.05 0.05 0.04 0.02 0.03 0.02 0.04 
0.05 0.02 0.02 0.05 0.02 0.04 0.05 0.03 0.03 0.03 
0.04 0.03 0.05 0.02 0.02 0.04 0.03 0.03 0.04 0.05 
0.05 0.02 0.02 0.02 0.05 0.04 0.04 0.03 0.04 0.02 
0.04 0.05 0.03 0.04 0.02 0.02 0.05 0.02 0.03 0.05 
0.05 0.04 0.03 0.03 0.02 0.03 0.03 0.05 0.02 0.03 
0.02 0.04 0.05 0.05 0.02 0.05 0.05 0.05 0.02 0.03 
0.02 0.03 0.02 0.03 0.04 0.04 0.02 0.02 0.03 0.04 
0.03 0.04 0.05 0.04 0.03 0.04 0.02 0.02 0.05 0.05 
0.05 0.03 0.02 0.02 0.05 0.04 0.03 0.03 0.04 0.04 
0.03 0.04 0.03 0.02 0.05 0.02 0.04 0.02 0.02 0.02 
0.03 0.05 0.03 0.04 0.05 0.03 0.03 0.03 0.05 0.03 
0.04 0.03 0.03 0.04 0.03 0.03 0.03 0.05 0.02 0.02 
0.02 0.05 0.03 0.02 0.02 0.04 0.03 0.05 0.02 0.03 
0.03 0.05 0.03 0.05 0.03 0.04 0.02 0.03 0.03 0.05 
0.05 0.05 0.04 0.04 0.04 0.02 0.03 0.03 0.03 0.02 
0.05 0.02 0.03 0.04 0.04 0.05 0.03 0.02 0.02 0.04 
0.02 0.05 0.04 0.05 0.02 0.03 0.02 0.02 0.03 0.05 
0.03 0.04 0.02 0.03 0.04 0.05 0.05 0.04 0.05 0.02 
0.04 0.03 0.02 0.05 0.03 0.05 0.02 0.03 0.05 0.04 
0.05 0.05 0.02 0.05 0.04 0.05 0.05 0.03 0.03 0.03 
0.02 0.02 0.04 0.02 0.05 0.04 0.02 0.04 0.03 0.05 
0.04 0.05 0.03 0.04 0.05 0.04 0.05 0.03 0.05 0.02 
0.03 0.05 0.03 0.04 0.05 0.02 0.05 0.03 0.04 0.05 
0.05 0.03 0.04 0.03 0.04 0.04 0.05 0.04 0.04 0.03 
0.05 0.03 0.03 0.04 0.02 0.05 0.02 0.03 0.03 0.02 
0.02 0.05 0.05 0.03 0.02 0.03 0.05 0.03 0.04 0.05 
0.04 0.04 0.04 0.04 0.02 0.05 0.04 0.04 0.02 0.05 
0.05 0.04 0.02 0.02 0.05 0.03 0.02 0.05 0.02 0.05 
0.04 0.05 0.05 0.03 0.02 0.05 0.02 0.05 0.03 0.03 
0.03 0.05 0.04 0.03 0.05 0.02 0.02 0.05 0.03 0.03 
0.05 0.04 0.04 0.04 0.04 0.03 0.02 0.03 0.05 0.04 
0.03 0.04 0.02 0.03 0.02 0.03 0.02 0.04 0.02 0.04 
0.05 0.03 0.05 0.05 0.03 0.04 0.03 0.04 0.03 0.04 
0.04 0.02 0.03 0.02 0.04 0.04 0.03 0.02 0.04 0.02 
0.03 0.02 0.03 0.04 0.05 0.02 0.04 0.02 0.02 0.05 
0.05 0.05 0.02 0.04 0.05 0.03 0.05 0.05 0.03 0.02 
0.04 0.05 0.02 0.04 0.02 0.04 0.02 0.03 0.03 0.04 
0.05 0.03 0.04 0.03 0.02 0.02 0.04 0.05 0.04 0.05 
0.04 0.04 0.05 0.05 0.05 0.02 0.05 0.03 0.04 0.05 
0.02 0.04 0.04 0.04 0.02 0.02 0.02 0.03 0.02 0.04 
0.05 0.02 0.03 0.04 0.03 0.04 0.04 0.02 0.02 0.02 
0.03 0.03 0.03 0.04 0.03 0.05 0.04 0.05 0.04 0.05 
0.02 0.04 0.04 0.03 0.03 0.04 0.05 0.04 0.03 0.03 
0.04 0.02 0.04 0.03 0.05 0.04 0.05 0.03 0.02 0.03 
0.05 0.02 0.04 0.02 0.03 0.04 0.04 0.04 0.02 0.05 
0.03 0.02 0.05 0.02 0.05 0.03 0.02 0.04 0.03 0.04 
0.04 0.05 0.04 0.05 0.02 0.04 0.02 0.02 0.03 0.04 
0.02 0.02 0.03 0.04 0.05 0.02 0.02 0.04 0.05 0.02 
0.05 0.05 0.02 0.02 0.05 0.05 0.02 0.03 0.03 0.05 
0.04 0.04 0.04 0.02 0.02 0.02 0.03 0.02 0.05 0.05 
0.04 0.03 0.02 0.04 0.04 0.04 0.02 0.02 0.02 0.02 
0.02 0.04 0.05 0.04 0.03 0.04 0.02 0.02 0.02 0.05 
0.04 0.02 0.05 0.05 0.05 0.02 0.02 0.05 0.02 0.05 
0.02 0.02 0.02 0.04 0.03 0.04 0.04 0.04 0.04 0.02 
0.03 0.04 0.05 0.04 0.05 0.03 0.05 0.03 0.04 0.04 
0.05 0.04 0.04 0.02 0.05 0.05 0.03 0.02 0.04 0.02 
0.02 0.02 0.02 0.04 0.05 0.02 0.03 0.03 0.03 0.03 
0.03 0.05 0.03 0.02 0.03 0.04 0.04 0.04 0.04 0.02 
0.05 0.04 0.03 0.05 0.04 0.02 0.05 0.04 0.03 0.05 
0.05 0.02 0.03 0.02 0.05 0.04 0.03 0.04 0.02 0.05 
0.05 0.03 0.02 0.02 0.03 0.04 0.02 0.02 0.04 0.05 
0.05 0.05 0.02 0.04 0.05 0.03 0.04 0.04 0.03 0.03 
0.03 0.02 0.03 0.03 0.02 0.03 0.03 0.02 0.05 0.02 
0.05 0.04 0.04 0.02 0.03 0.02 0.05 0.03 0.02 0.05 
0.05 0.03 0.03 0.03 0.02 0.04 0.02 0.04 0.04 0.02 
0.03 0.02 0.03 0.04 0.02 0.04 0.04 0.04 0.02 0.02 
0.04 0.04 0.04 0.03 0.04 0.04 0.05 0.05 0.05 0.03 
0.04 0.03 0.03 0.02 0.04 0.03 0.03 0.04 0.05 0.05 
0.05 0.04 0.03 0.04 0.02 0.03 0.05 0.03 0.04 0.03 
0.04 0.05 0.02 0.04 0.05 0.05 0.02 0.05 0.04 0.05 
0.05 0.03 0.02 0.02 0.05 0.02 0.05 0.04 0.02 0.02 
0.03 0.05 0.02 0.03 0.03 0.03 0.04 0.05 0.03 0.04 
0.02 0.04 0.02 0.02 0.05 0.04 0.05 0.03 0.04 0.02 
0.03 0.02 0.04 0.03 0.02 0.04 0.03 0.03 0.02 0.04 
0.02 0.04 0.04 0.04 0.03 0.04 0.02 0.05 0.04 0.03 
0.02 0.02 0.03 0.05 0.03 0.05 0.04 0.02 0.04 0.03 
0.02 0.03 0.05 0.02 0.04 0.05 0.04 0.05 0.03 0.05 
0.03 0.03 0.05 0.03 0.04 0.04 0.02 0.05 0.05 0.02 
0.03 0.04 0.03 0.02 0.04 0.05 0.04 0.05 0.02 0.03 
0.04 0.05 0.03 0.02 0.05 0.04 0.02 0.05 0.02 0.02 
0.02 0.02 0.05 0.05 0.02 0.02 0.02 0.04 0.02 0.04 
0.04 0.02 0.04 0.04 0.03 0.02 0.04 0.05 0.03 0.05 
0.05 0.04 0.04 0.02 0.02 0.05 0.05 0.04 0.04 0.05 
0.03 0.02 0.02 0.03 0.03 0.04 0.03 0.04 0.02 0.03 
0.02 0.03 0.05 0.05 0.02 0.02 0.05 0.02 0.04 0.03 
0.03 0.03 0.02 0.03 0.04 0.04 0.02 0.05 0.02 0.05 
0.02 0.02 0.03 0.02 0.04 0.02 0.03 0.02 0.03 0.05 
0.02 0.05 0.02 0.05 0.05 0.02 0.05 0.02 0.04 0.05 
0.05 0.05 0.04 0.04 0.04 0.02 0.05 0.02 0.04 0.05 
0.02 0.05 0.02 0.05 0.03 0.02 0.05 0.02 0.05 0.03 
0.03 0.04 0.05 0.04 0.04 0.04 0.02 0.02 0.02 0.02 
0.05 0.04 0.03 0.04 0.04 0.05 0.02 0.05 0.04 0.03 
0.04 0.04 0.03 0.05 0.04 0.02 0.03 0.02 0.02 0.04 
0.05 0.02 0.05 0.03 0.05 0.03 0.05 0.03 0.03 0.02 
0.03 0.03 0.03 0.04 0.05 0.03 0.04 0.02 0.04 0.05 
0.03 0.03 0.03 0.02 0.03 0.04 0.02 0.03 0.02 0.04 
0.05 0.02 0.03 0.03 0.05 0.05 0.03 0.05 0.02 0.02 
0.05 0.04 0.02 0.02 0.03 0.05 0.05 0.03 0.04 0.02 
0.04 0.05 0.04 0.04 0.03 0.02 0.03 0.05 0.02 0.05 
0.04 0.04 0.02 0.04 0.02 0.02 0.03 0.03 0.05 0.04 
0.04 0.03 0.05 0.05 0.04 0.03 0.03 0.05 0.03 0.05 
0.03 0.04 0.03 0.04 0.03 0.05 0.05 0.04 0.03 0.04 
0.02 0.02 0.04 0.03 0.02 0.04 0.02 0.05 0.03 0.05 
0.02 0.05 0.04 0.02 0.05 0.05 0.04 0.02 0.04 0.04 
0.05 0.02 0.04 0.05 0.02 0.05 0.05 0.02 0.02 0.03 
0.04 0.02 0.04 0.04 0.02 0.03 0.04 0.03 0.04 0.02 
0.02 0.03 0.05 0.05 0.04 0.05 0.04 0.04 0.04 0.03 
0.02 0.02 0.02 0.04 0.02 0.04 0.02 0.04 0.02 0.04 
0.04 0.04 0.03 0.05 0.05 0.03 0.03 0.02 0.03 0.04 
0.03 0.04 0.02 0.02 0.02 0.05 0.04 0.05 0.05 0.03 
0.05 0.04 0.02 0.02 0.04 0.05 0.05 0.04 0.05 0.02 
0.03 0.04 0.03 0.04 0.03 0.02 0.02 0.05 0.03 0.05 
0.05 0.03 0.03 0.03 0.05 0.04 0.03 0.02 0.05 0.02 
0.03 0.02 0.05 0.03 0.05 0.02 0.02 0.02 0.03 0.03 
0.03 0.03 0.05 0.05 0.02 0.04 0.05 0.05 0.02 0.03 
0.05 0.05 0.03 0.03 0.04 0.02 0.03 0.02 0.02 0.02 
0.03 0.02 0.02 0.04 0.04 0.02 0.03 0.05 0.05 0.03 
0.04 0.05 0.05 0.02 0.04 0.03 0.03 0.05 0.04 0.02 
0.05 0.02 0.03 0.02 0.05 0.05 0.02 0.03 0.05 0.03 
0.03 0.03 0.05 0.02 0.03 0.04 0.03 0.04 0.03 0.04 
0.02 0.02 0.04 0.05 0.03 0.05 0.02 0.05 0.02 0.03 
0.02 0.04 0.05 0.03 0.04 0.04 0.04 0.04 0.04 0.02 
0.05 0.03 0.04 0.02 0.02 0.05 0.02 0.02 0.05 0.05 
0.02 0.04 0.04 0.05 0.05 0.02 0.03 0.04 0.05 0.02 
0.03 0.03 0.02 0.05 0.05 0.02 0.03 0.02 0.04 0.03 
0.02 0.02 0.05 0.03 0.03 0.05 0.03 0.04 0.05 0.04 
0.02 0.02 0.05 0.03 0.05 0.05 0.05 0.04 0.03 0.03 
0.05 0.04 0.02 0.05 0.05 0.03 0.03 0.04 0.04 0.03 
0.02 0.05 0.02 0.05 0.04 0.05 0.05 0.02 0.02 0.02 
0.03 0.03 0.02 0.02 0.05 0.05 0.05 0.05 0.03 0.03 
0.04 0.04 0.05 0.03 0.03 0.05 0.03 0.02 0.04 0.03 
0.05 0.05 0.04 0.03 0.02 0.04 0.05 0.04 0.03 0.03 
0.02 0.04 0.03 0.02 0.05 0.05 0.02 0.02 0.04 0.02 
0.05 0.02 0.05 0.02 0.05 0.02 0.02 0.05 0.04 0.02 
0.03 0.04 0.05 0.02 0.02 0.04 0.02 0.05 0.02 0.05 
0.04 0.02 0.04 0.03 0.02 0.04 0.04 0.02 0.05 0.04 
0.02 0.02 0.05 0.03 0.03 0.02 0.02 0.03 0.04 0.02 
0.04 0.05 0.04 0.02 0.03 0.05 0.03 0.03 0.03 0.02 
0.04 0.04 0.05 0.02 0.03 0.04 0.04 0.02 0.03 0.03 
0.04 0.03 0.05 0.02 0.02 0.05 0.04 0.04 0.02 0.03 
0.02 0.03 0.04 0.05 0.04 0.02 0.05 0.02 0.04 0.05 
0.02 0.05 0.02 0.04 0.03 0.05 0.02 0.04 0.03 0.02 
0.03 0.02 0.03 0.04 0.02 0.05 0.02 0.03 0.04 0.05 
0.05 0.04 0.02 0.02 0.05 0.05 0.05 0.03 0.03 0.04 
0.04 0.03 0.05 0.04 0.04 0.05 0.02 0.04 0.05 0.02 
0.04 0.04 0.04 0.04 0.05 0.04 0.03 0.02 0.04 0.02 
0.05 0.02 0.05 0.04 0.04 0.02 0.05 0.04 0.04 0.05 
0.04 0.03 0.02 0.03 0.02 0.05 0.03 0.02 0.02 0.03 
0.04 0.05 0.04 0.05 0.05 0.04 0.03 0.02 0.04 0.02 
0.04 0.04 0.04 0.02 0.02 0.05 0.04 0.04 0.03 0.04 
0.02 0.02 0.03 0.02 0.02 0.04 0.02 0.05 0.05 0.03 
0.02 0.02 0.02 0.05 0.04 0.03 0.02 0.03 0.03 0.02 
0.05 0.05 0.03 0.02 0.04 0.05 0.03 0.03 0.02 0.03 
0.04 0.05 0.05 0.05 0.02 0.03 0.02 0.05 0.05 0.03 
0.05 0.02 0.04 0.03 0.05 0.05 0.04 0.05 0.03 0.05 
0.04 0.04 0.04 0.02 0.03 0.04 0.05 0.04 0.02 0.02 
0.03 0.02 0.02 0.02 0.05 0.02 0.02 0.02 0.04 0.05 
0.02 0.02 0.02 0.02 0.03 0.04 0.02 0.05 0.02 0.05 
0.04 0.04 0.02 0.03 0.02 0.05 0.03 0.05 0.05 0.05 
0.04 0.04 0.05 0.05 0.02 0.02 0.04 0.05 0.03 0.04 
0.05 0.03 0.03 0.05 0.03 0.03 0.03 0.02 0.03 0.05 
0.04 0.03 0.03 0.02 0.05 0.04 0.03 0.02 0.05 0.03 
0.03 0.02 0.02 0.05 0.04 0.03 0.05 0.02 0.02 0.02 
0.02 0.02 0.03 0.02 0.04 0.02 0.05 0.03 0.03 0.03 
0.03 0.05 0.04 0.05 0.04 0.02 0.03 0.02 0.05 0.03 
0.05 0.04 0.04 0.05 0.03 0.02 0.04 0.05 0.05 0.05 
0.03 0.04 0.05 0.05 0.04 0.03 0.02 0.04 0.03 0.04 
0.02 0.04 0.03 0.03 0.05 0.04 0.02 0.02 0.04 0.03 
0.05 0.02 0.04 0.03 0.02 0.05 0.02 0.04 0.04 0.02 
0.05 0.05 0.05 0.05 0.02 0.03 0.02 0.03 0.02 0.03 
0.05 0.05 0.03 0.03 0.04 0.02 0.04 0.04 0.03 0.05 
0.02 0.02 0.05 0.02 0.04 0.02 0.05 0.04 0.04 0.04 
0.05 0.05 0.02 0.03 0.03 0.05 0.03 0.04 0.04 0.04 
0.03 0.02 0.02 0.05 0.05 0.04 0.05 0.02 0.05 0.02 
0.05 0.02 0.04 0.03 0.05 0.02 0.04 0.04 0.02 0.05 
0.02 0.05 0.03 0.05 0.04 0.05 0.05 0.03 0.02 0.05 
0.04 0.04 0.03 0.05 0.03 0.02 0.05 0.04 0.03 0.02 
0.05 0.05 0.04 0.04 0.05 0.05 0.05 0.04 0.03 0.04 
0.03 0.03 0.02 0.03 0.05 0.03 0.04 0.05 0.03 0.04 
0.03 0.05 0.03 0.03 0.05 0.02 0.05 0.02 0.02 0.05 
0.05 0.04 0.05 0.02 0.02 0.05 0.02 0.04 0.02 0.05 
0.03 0.02 0.05 0.03 0.04 0.05 0.03 0.02 0.04 0.05 
0.02 0.05 0.02 0.03 0.03 0.03 0.03 0.03 0.04 0.02 
0.04 0.05 0.03 0.03 0.04 0.05 0.04 0.04 0.02 0.02 
0.05 0.03 0.05 0.03 0.02 0.05 0.03 0.03 0.02 0.03 
0.03 0.03 0.03 0.03 0.03 0.05 0.04 0.02 0.02 0.05 
0.04 0.03 0.03 0.05 0.03 0.04 0.04 0.05 0.02 0.05 
0.05 0.05 0.05 0.05 0.04 0.04 0.02 0.03 0.03 0.02 
0.04 0.02 0.04 0.05 0.04 0.05 0.02 0.03 0.02 0.03 
0.03 0.02 0.04 0.02 0.03 0.04 0.02 0.03 0.04 0.02 
0.02 0.05 0.03 0.03 0.04 0.05 0.04 0.02 0.02 0.04 
0.02 0.03 0.04 0.03 0.05 0.04 0.03 0.05 0.02 0.04 
0.03 0.05 0.05 0.05 0.04 0.02 0.02 0.02 0.02 0.04 
0.05 0.02 0.02 0.02 0.02 0.04 0.02 0.05 0.05 0.03 
0.02 0.05 0.05 0.05 0.02 0.05 0.05 0.04 0.03 0.03 
0.04 0.05 0.03 0.04 0.02 0.04 0.04 0.04 0.04 0.05 
0.05 0.05 0.02 0.05 0.03 0.03 0.04 0.05 0.04 0.02 
0.02 0.04 0.03 0.05 0.03 0.03 0.03 0.04 0.03 0.02 
0.03 0.02 0.04 0.04 0.02 0.05 0.05 0.04 0.02 0.02 
0.05 0.02 0.04 0.02 0.02 0.04 0.05 0.02 0.04 0.03 
0.03 0.03 0.02 0.04 0.04 0.03 0.05 0.05 0.02 0.04 
0.02 0.02 0.05 0.02 0.05 0.04 0.02 0.02 0.04 0.03 
0.02 0.04 0.03 0.05 0.03 0.02 0.03 0.02 0.02 0.02 
0.05 0.03 0.04 0.04 0.02 0.05 0.02 0.03 0.05 0.03 
0.02 0.03 0.03 0.04 0.03 0.02 0.05 0.04 0.02 0.03 
0.05 0.03 0.03 0.02 0.05 0.03 0.04 0.02 0.05 0.04 
0.05 0.05 0.05 0.03 0.02 0.05 0.02 0.04 0.03 0.02 
0.05 0.04 0.05 0.02 0.03 0.03 0.02 0.05 0.04 0.05 
0.04 0.02 0.02 0.03 0.02 0.05 0.02 0.05 0.02 0.05 
0.02 0.04 0.05 0.03 0.02 0.02 0.02 0.05 0.05 0.05 
0.05 0.03 0.04 0.04 0.05 0.05 0.04 0.04 0.05 0.05 
0.03 0.05 0.02 0.02 0.05 0.05 0.03 0.03 0.04 0.02 
0.03 0.03 0.02 0.04 0.04 0.02 0.02 0.03 0.02 0.02 
0.04 0.02 0.02 0.03 0.04 0.02 0.04 0.02 0.05 0.04 
0.02 0.02 0.05 0.02 0.04 0.02 0.05 0.05 0.04 0.03 
0.02 0.05 0.02 0.03 0.04 0.04 0.02 0.03 0.04 0.03 
0.02 0.04 0.04 0.02 0.04 0.05 0.03 0.04 0.04 0.05 
0.04 0.03 0.04 0.05 0.04 0.02 0.03 0.04 0.02 0.02 
0.03 0.05 0.04 0.04 0.03 0.02 0.02 0.02 0.04 0.03 
0.02 0.02 0.03 0.02 0.04 0.02 0.05 0.03 0.02 0.04 
0.03 0.02 0.04 0.03 0.03 0.02 0.03 0.02 0.03 0.04 
0.05 0.02 0.03 0.04 0.05 0.03 0.05 0.02 0.02 0.03 
0.04 0.05 0.05 0.02 0.05 0.05 0.03 0.02 0.02 0.03 
0.05 0.02 0.03 0.04 0.02 0.03 0.02 0.05 0.02 0.02 
0.05 0.02 0.02 0.05 0.04 0.03 0.03 0.04 0.05 0.03 
0.04 0.05 0.04 0.03 0.03 0.02 0.02 0.05 0.04 0.05 
0.04 0.02 0.05 0.03 0.04 0.03 0.04 0.04 0.05 0.04 
0.02 0.04 0.05 0.05 0.05 0.03 0.05 0.04 0.05 0.03 
0.02 0.04 0.02 0.03 0.03 0.02 0.02 0.04 0.03 0.05 
0.03 0.03 0.03 0.05 0.04 0.04 0.04 0.04 0.02 0.03 
0.03 0.03 0.04 0.03 0.03 0.05 0.05 0.04 0.03 0.04 
0.05 0.05 0.04 0.05 0.04 0.04 0.05 0.04 0.02 0.03 
0.04 0.03 0.04 0.05 0.05 0.03 0.05 0.04 0.04 0.03 
0.02 0.02 0.03 0.04 0.05 0.02 0.05 0.03 0.03 0.03 
0.04 0.03 0.03 0.05 0.03 0.04 0.02 0.05 0.03 0.05 
0.05 0.05 0.04 0.03 0.04 0.02 0.05 0.02 0.04 0.05 
0.04 0.03 0.04 0.04 0.03 0.02 0.05 0.04 0.03 0.04 
0.04 0.04 0.05 0.03 0.03 0.04 0.02 0.05 0.02 0.04 
0.04 0.03 0.02 0.04 0.03 0.05 0.03 0.02 0.02 0.04 
0.02 0.04 0.05 0.03 0.04 0.05 0.05 0.03 0.04 0.02 
0.04 0.02 0.03 0.04 0.03 0.03 0.05 0.04 0.02 0.03 
0.05 0.02 0.03 0.03 0.03 0.05 0.04 0.05 0.02 0.02 
0.03 0.03 0.03 0.05 0.05 0.04 0.04 0.05 0.04 0.02 
0.05 0.03 0.05 0.04 0.05 0.05 0.05 0.04 0.02 0.04 
0.04 0.02 0.03 0.02 0.05 0.02 0.03 0.02 0.03 0.03 
0.05 0.05 0.02 0.05 0.03 0.05 0.05 0.02 0.02 0.05 
0.04 0.05 0.05 0.04 0.03 0.04 0.03 0.02 0.02 0.03 
0.04 0.05 0.02 0.03 0.03 0.02 0.04 0.03 0.03 0.03 
0.04 0.05 0.03 0.03 0.03 0.04 0.03 0.02 0.05 0.04 
0.05 0.02 0.03 0.03 0.03 0.02 0.02 0.05 0.03 0.05 
0.05 0.05 0.05 0.03 0.04 0.05 0.05 0.05 0.03 0.03 
0.02 0.02 0.03 0.03 0.04 0.04 0.05 0.05 0.04 0.05 
0.04 0.05 0.05 0.04 0.05 0.05 0.03 0.03 0.02 0.04 
0.02 0.02 0.05 0.02 0.04 0.05 0.04 0.05 0.05 0.04 
0.05 0.05 0.03 0.03 0.03 0.03 0.05 0.04 0.04 0.03 
0.04 0.04 0.02 0.05 0.05 0.04 0.05 0.03 0.02 0.03 
0.03 0.02 0.02 0.05 0.02 0.05 0.04 0.05 0.02 0.02 
0.04 0.05 0.05 0.05 0.03 0.05 0.03 0.03 0.02 0.04 
0.02 0.05 0.04 0.05 0.05 0.05 0.03 0.04 0.03 0.04 
0.05 0.04 0.04 0.05 0.03 0.04 0.04 0.04 0.03 0.05 
0.02 0.02 0.02 0.03 0.03 0.03 0.04 0.04 0.02 0.05 
0.02 0.05 0.05 0.03 0.05 0.03 0.03 0.05 0.04 0.02 
0.03 0.04 0.02 0.05 0.02 0.05 0.03 0.04 0.04 0.05 
0.03 0.05 0.04 0.05 0.03 0.05 0.03 0.04 0.02 0.05 
0.02 0.02 0.05 0.02 0.04 0.04 0.03 0.04 0.04 0.04 
0.03 0.02 0.04 0.05 0.05 0.05 0.05 0.03 0.03 0.04 
0.04 0.02 0.03 0.03 0.02 0.02 0.02 0.02 0.03 0.02 
0.03 0.03 0.02 0.05 0.05 0.02 0.05 0.04 0.03 0.03 
0.02 0.02 0.04 0.04 0.03 0.03 0.04 0.04 0.03 0.05 
0.05 0.03 0.02 0.02 0.03 0.05 0.04 0.03 0.02 0.04 
0.02 0.02 0.05 0.02 0.05 0.05 0.04 0.04 0.05 0.05 
0.03 0.05 0.03 0.03 0.05 0.05 0.03 0.05 0.05 0.02 
0.02 0.02 0.04 0.04 0.02 0.03 0.05 0.02 0.05 0.04 
0.03 0.04 0.03 0.02 0.04 0.03 0.04 0.02 0.03 0.04 
0.05 0.05 0.03 0.04 0.05 0.05 0.04 0.04 0.05 0.05 
0.03 0.05 0.05 0.02 0.04 0.04 0.05 0.03 0.05 0.03 
0.03 0.03 0.02 0.03 0.04 0.05 0.03 0.03 0.02 0.02 
0.02 0.02 0.03 0.04 0.05 0.04 0.05 0.03 0.05 0.03 
0.02 0.03 0.02 0.03 0.05 0.03 0.03 0.02 0.05 0.02 
0.02 0.04 0.05 0.05 0.05 0.02 0.04 0.04 0.05 0.04 
0.05 0.04 0.03 0.03 0.04 0.05 0.04 0.05 0.04 0.05 
0.03 0.02 0.05 0.02 0.02 0.02 0.04 0.05 0.02 0.05 
0.03 0.02 0.05 0.03 0.03 0.03 0.04 0.03 0.03 0.02 
0.03 0.05 0.03 0.03 0.04 0.04 0.05 0.02 0.03 0.02 
0.02 0.02 0.03 0.04 0.03 0.02 0.03 0.04 0.02 0.05 
0.02 0.03 0.04 0.03 0.03 0.04 0.04 0.05 0.03 0.05 
0.05 0.02 0.04 0.03 0.03 0.02 0.02 0.05 0.04 0.04 
0.04 0.03 0.02 0.03 0.04 0.02 0.02 0.03 0.02 0.02 
0.03 0.02 0.04 0.02 0.03 0.03 0.02 0.05 0.02 0.02 
0.03 0.05 0.02 0.02 0.03 0.03 0.03 0.02 0.03 0.04 
0.03 0.05 0.03 0.03 0.05 0.02 0.04 0.04 0.03 0.02 
0.03 0.02 0.02 0.04 0.02 0.05 0.04 0.04 0.05 0.02 
0.03 0.05 0.02 0.03 0.04 0.03 0.02 0.02 0.05 0.02 
0.05 0.03 0.02 0.02 0.02 0.05 0.04 0.03 0.05 0.05 
0.05 0.03 0.02 0.04 0.03 0.03 0.05 0.05 0.05 0.04 
0.04 0.04 0.04 0.02 0.05 0.05 0.04 0.03 0.03 0.04 
0.04 0.03 0.02 0.04 0.03 0.02 0.05 0.04 0.05 0.04 
0.05 0.03 0.03 0.05 0.03 0.03 0.04 0.04 0.02 0.04 
0.05 0.03 0.02 0.02 0.05 0.03 0.02 0.04 0.04 0.05 
0.03 0.03 0.04 0.04 0.03 0.04 0.05 0.02 0.04 0.05 
0.04 0.05 0.02 0.04 0.05 0.05 0.05 0.02 0.04 0.05 
0.04 0.05 0.05 0.02 0.03 0.05 0.03 0.05 0.02 0.04 
0.04 0.03 0.05 0.05 0.03 0.04 0.03 0.05 0.02 0.02 
0.03 0.05 0.03 0.03 0.03 0.03 0.04 0.03 0.02 0.05 
0.03 0.03 0.04 0.03 0.02 0.05 0.04 0.03 0.02 0.04 
0.03 0.05 0.02 0.05 0.03 0.03 0.02 0.05 0.02 0.02 
0.04 0.03 0.03 0.04 0.05 0.04 0.04 0.04 0.04 0.04 
0.03 0.04 0.04 0.03 0.04 0.04 0.05 0.03 0.04 0.03 
0.03 0.02 0.03 0.04 0.03 0.05 0.02 0.03 0.05 0.05 
0.03 0.02 0.02 0.04 0.05 0.04 0.04 0.05 0.02 0.02 
0.04 0.04 0.03 0.02 0.05 0.03 0.03 0.02 0.02 0.03 
0.05 0.03 0.05 0.02 0.02 0.04 0.05 0.02 0.05 0.04 
0.02 0.02 0.05 0.03 0.02 0.02 0.02 0.04 0.05 0.02 
0.05 0.05 0.04 0.05 0.05 0.05 0.04 0.03 0.05 0.02 
0.05 0.05 0.04 0.02 0.03 0.03 0.05 0.04 0.02 0.02 
0.03 0.05 0.03 0.03 0.04 0.04 0.03 0.04 0.03 0.02 
0.05 0.03 0.05 0.04 0.05 0.04 0.03 0.02 0.05 0.02 
0.02 0.05 0.05 0.05 0.02 0.05 0.02 0.04 0.05 0.05 
0.02 0.03 0.04 0.03 0.02 0.02 0.04 0.02 0.04 0.04 
0.04 0.03 0.04 0.02 0.02 0.04 0.05 0.03 0.03 0.04 
0.04 0.04 0.04 0.05 0.04 0.03 0.05 0.05 0.02 0.03 
0.05 0.03 0.04 0.02 0.03 0.02 0.02 0.03 0.05 0.02 
0.03 0.05 0.03 0.03 0.04 0.05 0.03 0.02 0.05 0.04 
0.03 0.02 0.04 0.05 0.04 0.03 0.04 0.05 0.02 0.04 
0.05 0.02 0.04 0.03 0.02 0.03 0.02 0.03 0.02 0.05 
0.04 0.05 0.05 0.05 0.03 0.04 0.05 0.03 0.03 0.02 
0.04 0.02 0.04 0.03 0.03 0.03 0.02 0.04 0.02 0.04 
0.02 0.05 0.03 0.03 0.05 0.02 0.04 0.02 0.05 0.04 
0.03 0.04 0.03 0.05 0.03 0.02 0.02 0.05 0.03 0.03 
0.02 0.03 0.05 0.03 0.05 0.03 0.05 0.03 0.05 0.02 
0.04 0.05 0.04 0.04 0.05 0.04 0.05 0.04 0.05 0.04 
0.02 0.05 0.02 0.04 0.02 0.04 0.02 0.02 0.05 0.04 
0.05 0.03 0.02 0.03 0.03 0.04 0.02 0.02 0.04 0.02 
0.02 0.02 0.05 0.04 0.05 0.05 0.04 0.05 0.04 0.02 
0.02 0.04 0.05 0.05 0.02 0.04 0.05 0.05 0.04 0.04 
0.03 0.04 0.02 0.03 0.03 0.04 0.02 0.02 0.04 0.05 
0.02 0.05 0.05 0.02 0.05 0.04 0.02 0.02 0.04 0.03 
0.02 0.02 0.04 0.03 0.03 0.02 0.02 0.03 0.04 0.02 
0.02 0.05 0.02 0.05 0.03 0.05 0.02 0.02 0.02 0.02 
0.04 0.05 0.05 0.02 0.04 0.04 0.05 0.05 0.03 0.03 
0.04 0.02 0.02 0.04 0.03 0.04 0.03 0.03 0.05 0.05 
0.02 0.05 0.05 0.04 0.02 0.05 0.02 0.04 0.05 0.02 
0.05 0.03 0.04 0.02 0.04 0.04 0.03 0.02 0.02 0.05 
0.000375611 0.000626019 0.000250408 0.000626019 0.000375611 0.000375611 0.000626019 0.000375611 0.000375611 0.000250408 
0.000375611 0.000626019 0.000626019 0.000500815 0.000250408 0.000500815 0.000375611 0.000500815 0.000250408 0.000626019 
0.000250408 0.000500815 0.000375611 0.000626019 0.000375611 0.000626019 0.000250408 0.000375611 0.000500815 0.000250408 
0.000500815 0.000250408 0.000626019 0.000250408 0.000626019 0.132703 0.123951 0.000375611 0.000375611 0.000500815 
0.000626019 0.000250408 0.000375611 0.0181669 0.000250408 0.000626019 0.000500815 0.00941699 0.000375611 0.000626019 
0.000500815 0.000250408 0.000375611 0.000250408 0.120947 0.000250408 0.0211826 0.000500815 0.000250408 0.000500815 
0.000500815 0.000626019 0.000250408 0.123277 0.000250408 0.0176223 0.000626019 0.000500815 0.000375611 0.000375611 
0.000500815 0.000500815 0.000626019 0.000375611 0.117287 0.000626019 0.0161598 0.000250408 0.000250408 0.000375611 
0.000375611 0.000626019 0.000626019 0.0192088 0.000626019 0.126783 0.12552 0.029103 0.000375611 0.000250408 
0.000375611 0.000375611 0.000626019 0.000626019 0.000626019 0.000500815 0.000250408 0.000500815 0.000375611 0.000626019 
0.05 0.03 0.02 0.02 0.03 0.05 0.03 0.02 0.03 0.05 
0.04 0.02 0.02 0.03 0.03 0.02 0.04 0.05 0.02 0.04 
0.05 0.05 0.04 0.05 0.02 0.05 0.05 0.02 0.04 0.04 
0.03 0.05 0.02 0.02 0.03 0.05 0.02 0.04 0.03 0.02 
0.03 0.05 0.05 0.05 0.05 0.03 0.04 0.04 0.05 0.04 
0.02 0.03 0.03 0.02 0.02 0.02 0.03 0.03 0.04 0.03 
0.05 0.05 0.03 0.03 0.05 0.04 0.02 0.03 0.05 0.05 
0.02 0.02 0.05 0.02 0.03 0.02 0.05 0.04 0.05 0.05 
0.02 0.03 0.02 0.02 0.03 0.02 0.03 0.02 0.02 0.04 
0.04 0.03 0.02 0.03 0.02 0.04 0.02 0.05 0.04 0.05 
0.02 0.02 0.05 0.02 0.03 0.03 0.02 0.03 0.03 0.03 
0.03 0.02 0.04 0.03 0.05 0.05 0.04 0.02 0.02 0.03 
0.02 0.02 0.04 0.03 0.03 0.04 0.03 0.02 0.02 0.05 
0.02 0.05 0.05 0.04 0.04 0.04 0.04 0.03 0.02 0.04 
0.04 0.05 0.02 0.03 0.04 0.04 0.04 0.05 0.02 0.03 
0.05 0.04 0.03 0.05 0.05 0.05 0.02 0.04 0.03 0.02 
0.04 0.05 0.02 0.02 0.03 0.03 0.02 0.03 0.03 0.02 
0.03 0.04 0.02 0.04 0.04 0.02 0.03 0.03 0.03 0.04 
0.05 0.05 0.02 0.02 0.02 0.03 0.04 0.03 0.02 0.03 
0.03 0.03 0.05 0.03 0.04 0.05 0.05 0.02 0.02 0.05 
0.02 0.03 0.04 0.02 0.04 0.04 0.05 0.04 0.04 0.05 
0.02 0.02 0.02 0.05 0.02 0.02 0.03 0.02 0.05 0.05 
0.03 0.05 0.05 0.03 0.03 0.03 0.04 0.05 0.04 0.03 
0.02 0.04 0.04 0.04 0.03 0.05 0.02 0.03 0.02 0.05 
0.03 0.03 0.05 0.02 0.05 0.02 0.05 0.02 0.03 0.04 
0.03 0.04 0.04 0.04 0.05 0.03 0.03 0.05 0.04 0.05 
0.02 0.05 0.02 0.03 0.05 0.03 0.02 0.03 0.05 0.02 
0.03 0.05 0.02 0.03 0.04 0.05 0.03 0.04 0.02 0.04 
0.04 0.04 0.05 0.05 0.02 0.03 0.02 0.05 0.04 0.04 
0.04 0.05 0.02 0.05 0.05 0.02 0.05 0.05 0.05 0.05 
0.02 0.03 0.04 0.03 0.03 0.03 0.04 0.03 0.03 0.03 
0.04 0.04 0.04 0.05 0.04 0.04 0.04 0.04 0.04 0.05 
0.05 0.02 0.02 0.04 0.04 0.05 0.03 0.02 0.02 0.05 
0.03 0.02 0.05 0.02 0.05 0.05 0.04 0.04 0.04 0.05 
0.04 0.03 0.04 0.02 0.03 0.05 0.04 0.03 0.04 0.04 
0.03 0.05 0.05 0.02 0.04 0.05 0.05 0.02 0.04 0.04 
0.03 0.04 0.04 0.03 0.04 0.02 0.02 0.02 0.05 0.05 
0.02 0.03 0.04 0.02 0.03 0.02 0.02 0.02 0.02 0.03 
0.05 0.03 0.04 0.04 0.04 0.02 0.05 0.05 0.03 0.03 
0.03 0.05 0.04 0.03 0.02 0.03 0.05 0.04 0.02 0.04 
