0.05 0.04 0.03 0.05 0.04 0.04 0.05 0.03 0.02 0.03 
0.04 0.03 0.04 0.04 0.02 0.02 0.05 0.03 0.02 0.04 
0.04 0.04 0.04 0.04 0.04 0.05 0.02 0.03 0.02 0.03 
0.05 0.03 0.02 0.03 0.04 0.03 0.04 0.05 0.04 0.03 
0.03 0.04 0.05 0.02 0.02 0.04 0.05 0.03 0.05 0.04 
0.02 0.05 0.03 0.05 0.03 0.03 0.05 0.05 0.05 0.05 
0.05 0.04 0.04 0.03 0.02 0.04 0.03 0.02 0.04 0.03 
0.04 0.04 0.02 0.02 0.02 0.02 0.04 0.04 0.04 0.03 
0.04 0.04 0.03 0.03 0.04 0.04 0.02 0.04 0.02 0.04 
0.04 0.05 0.02 0.02 0.03 0.02 0.02 0.02 0.03 0.02 
0.02 0.05 0.03 0.03 0.03 0.03 0.05 0.04 0.02 0.05 
0.02 0.03 0.03 0.03 0.03 0.05 0.03 0.02 0.02 0.03 
0.04 0.05 0.02 0.02 0.03 0.04 0.02 0.05 0.02 0.04 
0.05 0.02 0.05 0.05 0.05 0.03 0.04 0.03 0.02 0.02 
0.05 0.02 0.05 0.05 0.03 0.02 0.02 0.04 0.03 0.05 
0.04 0.05 0.03 0.03 0.03 0.03 0.04 0.04 0.04 0.05 
0.04 0.04 0.03 0.02 0.05 0.02 0.03 0.03 0.04 0.04 
0.04 0.02 0.03 0.05 0.03 0.02 0.02 0.04 0.03 0.03 
0.03 0.02 0.02 0.03 0.04 0.03 0.02 0.02 0.03 0.05 
0.02 0.04 0.05 0.04 0.02 0.05 0.04 0.02 0.04 0.03 
0.04 0.03 0.02 0.02 0.03 0.02 0.02 0.02 0.03 0.05 
0.05 0.03 0.04 0.02 0.04 0.04 0.04 0.03 0.04 0.04 
0.02 0.04 0.02 0.04 0.02 0.04 0.02 0.05 0.04 0.04 
0.05 0.03 0.04 0.04 0.05 0.04 0.04 0.02 0.02 0.02 
0.02 0.05 0.03 0.04 0.05 0.03 0.03 0.05 0.02 0.04 
0.03 0.02 0.03 0.02 0.05 0.03 0.02 0.02 0.02 0.02 
0.02 0.05 0.03 0.04 0.04 0.04 0.05 0.04 0.02 0.04 
0.03 0.02 0.05 0.04 0.02 0.05 0.02 0.05 0.05 0.05 
0.03 0.02 0.05 0.05 0.03 0.05 0.02 0.05 0.05 0.04 
0.02 0.02 0.02 0.02 0.05 0.05 0.05 0.03 0.04 0.02 
0.03 0.05 0.03 0.04 0.05 0.03 0.02 0.03 0.02 0.04 
0.05 0.04 0.05 0.03 0.05 0.02 0.03 0.02 0.05 0.05 
0.02 0.03 0.03 0.02 0.05 0.03 0.02 0.04 0.02 0.03 
0.05 0.04 0.02 0.03 0.02 0.05 0.04 0.02 0.03 0.03 
0.05 0.02 0.04 0.05 0.02 0.02 0.02 0.04 0.05 0.02 
0.02 0.04 0.04 0.02 0.04 0.02 0.05 0.05 0.02 0.04 
0.03 0.05 0.05 0.02 0.02 0.02 0.05 0.03 0.02 0.04 
0.02 0.05 0.02 0.04 0.05 0.03 0.03 0.04 0.03 0.03 
0.02 0.05 0.05 0.02 0.05 0.03 0.05 0.02 0.04 0.02 
0.05 0.04 0.03 0.05 0.03 0.03 0.05 0.02 0.03 0.05 
0.0385198 0.0481497 0.0481497 0.0192599 0.0288898 0.0192599 0.0481497 0.0481497 0.0385198 0.0385198 
0.0192599 0.0385198 0.0385198 0.0288898 0.0192599 0.0385198 0.0385198 0.0288898 0.0192599 0.0192599 
0.0481497 0.0481497 0.0192599 0.0192599 0.0481497 0.0481497 0.0481497 0.0192599 0.0481497 0.0288898 
0.0288898 0.0192599 0.0481497 0.0385198 0.0192599 0.0192599 0.0288898 0.0288898 0.0385198 0.0288898 
0.0192599 0.0481497 0.0288898 0.0603779 0.0192599 0.0481497 0.0288898 0.0663863 0.0481497 0.0288898 
0.0481497 0.0481497 0.0192599 0.0288898 0.0285313 0.0481497 0.0510699 0.0288898 0.0385198 0.0481497 
0.0481497 0.0481497 0.0385198 0.0288898 0.0481497 0.0621213 0.0288898 0.0192599 0.0288898 0.0481497 
0.0481497 0.0385198 0.0481497 0.0481497 0.0515496 0.0385198 0.0693119 0.0481497 0.0385198 0.0481497 
0.0481497 0.0481497 0.0481497 0.0568807 0.0481497 0.0385198 0.0385198 0.0703298 0.0481497 0.0192599 
0.0288898 0.0385198 0.0385198 0.0481497 0.0192599 0.0385198 0.0288898 0.0192599 0.0385198 0.0481497 
0.03 0.02 0.02 0.05 0.04 0.02 0.02 0.02 0.03 0.03 
0.05 0.04 0.02 0.05 0.04 0.04 0.02 0.04 0.03 0.05 
0.02 0.02 0.02 0.02 0.03 0.04 0.05 0.04 0.04 0.04 
0.04 0.03 0.04 0.03 0.02 0.05 0.04 0.03 0.03 0.05 
0.02 0.03 0.02 0.02 0.05 0.04 0.03 0.02 0.03 0.05 
0.03 0.04 0.05 0.05 0.02 0.04 0.04 0.05 0.02 0.03 
0.04 0.03 0.04 0.03 0.04 0.04 0.04 0.02 0.04 0.04 
0.04 0.02 0.02 0.03 0.02 0.03 0.02 0.04 0.05 0.03 
0.03 0.03 0.04 0.05 0.05 0.02 0.02 0.02 0.03 0.05 
0.02 0.04 0.02 0.03 0.03 0.05 0.04 0.03 0.05 0.04 
0.05 0.04 0.05 0.04 0.05 0.02 0.05 0.02 0.03 0.05 
0.03 0.03 0.02 0.02 0.03 0.04 0.03 0.03 0.04 0.04 
0.02 0.02 0.05 0.04 0.03 0.03 0.05 0.05 0.02 0.05 
0.05 0.03 0.03 0.03 0.04 0.03 0.04 0.02 0.05 0.05 
0.04 0.04 0.02 0.05 0.03 0.02 0.02 0.02 0.05 0.02 
0.03 0.02 0.03 0.04 0.03 0.05 0.03 0.03 0.02 0.03 
0.03 0.03 0.03 0.05 0.03 0.02 0.04 0.05 0.04 0.05 
0.05 0.05 0.02 0.02 0.05 0.03 0.05 0.05 0.02 0.02 
0.03 0.05 0.02 0.02 0.04 0.05 0.02 0.02 0.05 0.03 
0.05 0.03 0.03 0.02 0.03 0.05 0.04 0.03 0.05 0.05 
0.05 0.03 0.04 0.05 0.02 0.02 0.02 0.05 0.03 0.04 
0.03 0.03 0.04 0.02 0.03 0.03 0.03 0.05 0.02 0.03 
0.04 0.03 0.04 0.04 0.05 0.03 0.04 0.05 0.03 0.03 
0.03 0.03 0.02 0.04 0.02 0.05 0.03 0.03 0.05 0.02 
0.02 0.02 0.03 0.05 0.03 0.03 0.05 0.02 0.04 0.03 
0.05 0.03 0.04 0.03 0.04 0.02 0.03 0.04 0.03 0.04 
0.04 0.04 0.02 0.02 0.04 0.05 0.03 0.05 0.03 0.02 
0.03 0.03 0.03 0.02 0.03 0.05 0.02 0.02 0.04 0.02 
0.04 0.03 0.02 0.02 0.05 0.03 0.03 0.02 0.02 0.02 
0.04 0.05 0.04 0.05 0.02 0.03 0.05 0.05 0.04 0.05 
0.05 0.02 0.03 0.02 0.04 0.04 0.03 0.02 0.04 0.05 
0.02 0.05 0.02 0.03 0.04 0.02 0.03 0.05 0.04 0.04 
0.03 0.05 0.04 0.04 0.02 0.02 0.05 0.02 0.03 0.03 
0.03 0.04 0.02 0.02 0.05 0.03 0.05 0.03 0.02 0.02 
0.04 0.03 0.05 0.03 0.02 0.04 0.05 0.02 0.04 0.04 
0.04 0.03 0.05 0.04 0.03 0.05 0.03 0.05 0.04 0.05 
0.04 0.03 0.03 0.02 0.03 0.04 0.02 0.02 0.05 0.04 
0.05 0.05 0.05 0.04 0.03 0.05 0.02 0.02 0.03 0.04 
0.02 0.03 0.05 0.04 0.05 0.05 0.02 0.05 0.02 0.03 
0.05 0.03 0.05 0.03 0.04 0.02 0.03 0.04 0.04 0.03 
0.05 0.05 0.02 0.05 0.04 0.02 0.04 0.05 0.03 0.05 
0.04 0.02 0.02 0.05 0.05 0.03 0.03 0.05 0.02 0.04 
0.02 0.02 0.04 0.05 0.02 0.05 0.04 0.05 0.04 0.02 
0.04 0.05 0.05 0.04 0.03 0.04 0.04 0.05 0.03 0.02 
0.04 0.03 0.05 0.03 0.05 0.05 0.05 0.05 0.03 0.03 
0.05 0.03 0.04 0.04 0.04 0.04 0.04 0.05 0.05 0.04 
0.05 0.05 0.02 0.02 0.04 0.05 0.04 0.04 0.04 0.05 
0.04 0.04 0.05 0.05 0.02 0.04 0.04 0.05 0.04 0.03 
0.02 0.02 0.02 0.05 0.02 0.03 0.05 0.03 0.05 0.05 
0.04 0.03 0.02 0.02 0.04 0.02 0.05 0.04 0.02 0.03 
0.05 0.05 0.04 0.02 0.03 0.04 0.02 0.03 0.05 0.04 
0.04 0.02 0.05 0.05 0.04 0.04 0.02 0.02 0.03 0.03 
0.02 0.04 0.02 0.05 0.02 0.04 0.03 0.04 0.03 0.03 
0.02 0.02 0.03 0.02 0.02 0.02 0.05 0.05 0.04 0.02 
0.05 0.05 0.02 0.04 0.02 0.05 0.03 0.02 0.02 0.05 
0.05 0.02 0.04 0.05 0.03 0.04 0.02 0.04 0.05 0.04 
0.05 0.05 0.02 0.04 0.04 0.02 0.05 0.05 0.04 0.04 
0.04 0.03 0.02 0.04 0.04 0.03 0.05 0.05 0.04 0.02 
0.02 0.04 0.04 0.04 0.03 0.03 0.05 0.03 0.05 0.02 
0.03 0.02 0.03 0.05 0.05 0.05 0.05 0.05 0.04 0.02 
0.03 0.02 0.03 0.03 0.04 0.04 0.05 0.02 0.04 0.04 
0.04 0.02 0.05 0.02 0.03 0.03 0.02 0.04 0.02 0.05 
0.04 0.03 0.04 0.05 0.05 0.02 0.04 0.04 0.05 0.05 
0.02 0.04 0.05 0.02 0.04 0.05 0.02 0.02 0.05 0.04 
0.05 0.04 0.03 0.04 0.02 0.05 0.02 0.03 0.02 0.05 
0.05 0.05 0.02 0.02 0.05 0.05 0.02 0.04 0.03 0.02 
0.05 0.02 0.03 0.04 0.04 0.04 0.04 0.02 0.02 0.02 
0.02 0.02 0.03 0.04 0.05 0.03 0.03 0.05 0.02 0.05 
0.04 0.04 0.05 0.03 0.02 0.04 0.05 0.02 0.02 0.05 
0.02 0.03 0.04 0.04 0.03 0.03 0.04 0.05 0.04 0.03 
0.02 0.04 0.03 0.03 0.02 0.02 0.03 0.05 0.04 0.04 
0.05 0.02 0.03 0.02 0.03 0.04 0.03 0.04 0.04 0.04 
0.03 0.05 0.02 0.02 0.02 0.05 0.05 0.03 0.04 0.05 
0.02 0.04 0.05 0.04 0.05 0.04 0.03 0.05 0.05 0.03 
0.04 0.03 0.03 0.02 0.05 0.02 0.02 0.05 0.02 0.05 
0.04 0.02 0.05 0.05 0.02 0.05 0.03 0.05 0.04 0.05 
0.04 0.05 0.05 0.05 0.05 0.05 0.04 0.04 0.04 0.04 
0.03 0.03 0.02 0.04 0.04 0.03 0.03 0.03 0.03 0.02 
0.02 0.04 0.02 0.02 0.02 0.02 0.05 0.04 0.02 0.03 
0.05 0.05 0.03 0.02 0.03 0.04 0.02 0.04 0.03 0.04 
0.03 0.03 0.04 0.02 0.04 0.02 0.02 0.05 0.05 0.03 
0.02 0.02 0.05 0.05 0.04 0.02 0.02 0.05 0.03 0.05 
0.03 0.04 0.05 0.02 0.04 0.03 0.05 0.04 0.05 0.05 
0.03 0.02 0.02 0.04 0.02 0.05 0.05 0.02 0.02 0.05 
0.04 0.04 0.04 0.02 0.05 0.03 0.03 0.04 0.04 0.05 
0.05 0.03 0.04 0.03 0.05 0.05 0.03 0.04 0.05 0.02 
0.02 0.05 0.02 0.05 0.04 0.05 0.05 0.04 0.05 0.05 
0.02 0.04 0.02 0.02 0.02 0.04 0.02 0.02 0.05 0.04 
0.05 0.03 0.04 0.05 0.05 0.02 0.02 0.02 0.05 0.02 
0.04 0.05 0.03 0.04 0.05 0.04 0.04 0.03 0.04 0.02 
0.02 0.05 0.03 0.04 0.03 0.04 0.02 0.02 0.03 0.04 
0.04 0.05 0.05 0.03 0.02 0.05 0.03 0.05 0.04 0.05 
0.05 0.05 0.03 0.03 0.02 0.04 0.04 0.04 0.04 0.03 
0.05 0.02 0.05 0.05 0.05 0.03 0.04 0.04 0.03 0.03 
0.03 0.04 0.02 0.04 0.05 0.04 0.03 0.02 0.04 0.04 
0.02 0.05 0.04 0.03 0.03 0.03 0.02 0.04 0.05 0.03 
0.04 0.04 0.04 0.02 0.03 0.03 0.02 0.04 0.04 0.03 
0.03 0.04 0.04 0.02 0.02 0.05 0.02 0.04 0.04 0.02 
0.02 0.03 0.04 0.05 0.05 0.02 0.03 0.05 0.04 0.02 
0.03 0.05 0.05 0.02 0.03 0.02 0.05 0.05 0.02 0.05 
0.03 0.04 0.03 0.05 0.05 0.05 0.03 0.05 0.05 0.05 
0.03 0.04 0.04 0.03 0.03 0.05 0.05 0.04 0.04 0.05 
0.02 0.04 0.05 0.05 0.04 0.03 0.02 0.02 0.04 0.04 
0.02 0.02 0.02 0.02 0.03 0.05 0.04 0.05 0.04 0.05 
0.03 0.05 0.02 0.02 0.02 0.03 0.04 0.02 0.05 0.02 
0.02 0.04 0.02 0.05 0.04 0.02 0.02 0.03 0.04 0.05 
0.02 0.05 0.03 0.04 0.02 0.03 0.04 0.03 0.05 0.02 
0.03 0.05 0.02 0.05 0.02 0.04 0.05 0.02 0.05 0.02 
0.03 0.03 0.02 0.03 0.03 0.03 0.04 0.03 0.02 0.03 
0.05 0.02 0.04 0.03 0.02 0.04 0.04 0.03 0.03 0.02 
0.02 0.03 0.05 0.05 0.02 0.02 0.02 0.04 0.03 0.03 
0.05 0.05 0.02 0.02 0.05 0.05 0.02 0.03 0.03 0.02 
0.04 0.03 0.04 0.02 0.03 0.04 0.04 0.04 0.05 0.05 
0.03 0.04 0.05 0.03 0.05 0.02 0.03 0.03 0.02 0.05 
0.02 0.02 0.03 0.02 0.03 0.04 0.03 0.02 0.05 0.02 
0.02 0.02 0.03 0.04 0.02 0.02 0.05 0.02 0.05 0.05 
0.04 0.05 0.02 0.02 0.05 0.02 0.02 0.04 0.04 0.02 
0.05 0.03 0.05 0.05 0.03 0.03 0.05 0.05 0.04 0.05 
0.02 0.04 0.04 0.02 0.02 0.04 0.05 0.02 0.04 0.04 
0.03 0.03 0.02 0.03 0.03 0.03 0.04 0.04 0.02 0.02 
0.04 0.05 0.03 0.03 0.03 0.02 0.05 0.04 0.03 0.03 
0.03 0.04 0.04 0.04 0.03 0.02 0.04 0.04 0.02 0.03 
0.03 0.03 0.05 0.03 0.05 0.03 0.02 0.03 0.05 0.03 
0.03 0.03 0.05 0.05 0.04 0.03 0.03 0.02 0.02 0.03 
0.03 0.03 0.05 0.03 0.04 0.05 0.02 0.03 0.05 0.04 
0.04 0.05 0.04 0.05 0.02 0.02 0.02 0.05 0.04 0.04 
0.03 0.03 0.02 0.04 0.02 0.04 0.05 0.03 0.03 0.04 
0.02 0.04 0.04 0.02 0.03 0.02 0.03 0.03 0.02 0.02 
0.02 0.03 0.04 0.05 0.03 0.05 0.04 0.02 0.04 0.04 
0.04 0.02 0.03 0.02 0.02 0.03 0.04 0.02 0.05 0.04 
0.05 0.02 0.02 0.03 0.04 0.03 0.03 0.02 0.04 0.05 
0.02 0.04 0.04 0.02 0.03 0.03 0.04 0.02 0.02 0.03 
0.04 0.05 0.05 0.03 0.03 0.02 0.05 0.02 0.05 0.05 
0.04 0.04 0.03 0.04 0.05 0.05 0.04 0.05 0.04 0.02 
0.03 0.03 0.03 0.02 0.02 0.02 0.04 0.05 0.03 0.03 
0.04 0.04 0.03 0.03 0.02 0.04 0.03 0.05 0.02 0.03 
0.05 0.05 0.05 0.05 0.02 0.04 0.03 0.05 0.03 0.02 
0.05 0.05 0.02 0.04 0.02 0.03 0.04 0.05 0.03 0.05 
0.02 0.04 0.02 0.05 0.05 0.03 0.04 0.04 0.05 0.02 
0.05 0.02 0.04 0.05 0.05 0.04 0.05 0.02 0.03 0.05 
0.0193078 0.0386156 0.0289617 0.0193078 0.0193078 0.0386156 0.0289617 0.0289617 0.0289617 0.0386156 
0.0289617 0.0386156 0.0482695 0.0289617 0.0289617 0.0386156 0.0193078 0.0482695 0.0482695 0.0482695 
0.0386156 0.0386156 0.0289617 0.0193078 0.0386156 0.0193078 0.0193078 0.0289617 0.0289617 0.0482695 
0.0386156 0.0482695 0.0193078 0.0289617 0.0193078 0.0685107 0.0193078 0.0482695 0.0289617 0.0482695 
0.0193078 0.0193078 0.0386156 0.0289617 0.0482695 0.0506807 0.0193078 0.0482695 0.0193078 0.0193078 
0.0289617 0.0193078 0.0386156 0.0482695 0.0289617 0.056327 0.0193078 0.0289617 0.0193078 0.0482695 
0.0482695 0.0482695 0.0386156 0.0482695 0.0386156 0.0579571 0.0193078 0.0193078 0.0193078 0.0193078 
0.0289617 0.0289617 0.0289617 0.0289617 0.0386156 0.0565626 0.0386156 0.0289617 0.0289617 0.0289617 
0.0193078 0.0482695 0.0386156 0.0193078 0.0289617 0.0639001 0.0482695 0.0386156 0.0386156 0.0482695 
0.0193078 0.0386156 0.0289617 0.0193078 0.0386156 0.0457431 0.0626091 0.04258 0.0289617 0.0289617 
0.02 0.02 0.03 0.04 0.04 0.05 0.04 0.04 0.03 0.05 
0.03 0.04 0.05 0.05 0.02 0.03 0.05 0.02 0.05 0.03 
0.02 0.04 0.03 0.02 0.03 0.05 0.05 0.02 0.04 0.05 
0.02 0.02 0.05 0.04 0.05 0.04 0.03 0.03 0.02 0.05 
0.02 0.05 0.02 0.04 0.05 0.04 0.03 0.04 0.03 0.04 
0.04 0.02 0.04 0.03 0.02 0.03 0.03 0.02 0.03 0.04 
0.03 0.04 0.02 0.05 0.02 0.05 0.02 0.04 0.03 0.05 
0.05 0.05 0.03 0.03 0.04 0.05 0.03 0.05 0.04 0.04 
0.02 0.04 0.04 0.05 0.05 0.02 0.04 0.04 0.02 0.03 
0.04 0.04 0.02 0.02 0.03 0.05 0.05 0.02 0.05 0.03 
0.02 0.05 0.03 0.03 0.04 0.03 0.02 0.04 0.05 0.04 
0.05 0.04 0.05 0.02 0.05 0.04 0.05 0.05 0.05 0.02 
0.03 0.04 0.04 0.05 0.04 0.05 0.04 0.04 0.03 0.02 
0.02 0.02 0.04 0.04 0.03 0.02 0.04 0.04 0.02 0.05 
0.02 0.02 0.04 0.04 0.05 0.03 0.02 0.03 0.05 0.03 
0.02 0.03 0.04 0.03 0.03 0.03 0.04 0.05 0.05 0.05 
0.04 0.02 0.02 0.03 0.04 0.02 0.05 0.05 0.03 0.05 
0.04 0.03 0.05 0.04 0.04 0.03 0.04 0.04 0.03 0.03 
0.05 0.02 0.05 0.04 0.05 0.04 0.03 0.05 0.04 0.02 
0.03 0.05 0.02 0.04 0.04 0.05 0.03 0.03 0.03 0.05 
0.05 0.05 0.03 0.03 0.03 0.05 0.04 0.05 0.04 0.05 
0.02 0.05 0.02 0.02 0.04 0.04 0.05 0.04 0.03 0.05 
0.02 0.05 0.02 0.02 0.03 0.04 0.03 0.03 0.02 0.05 
0.04 0.03 0.03 0.04 0.04 0.04 0.05 0.03 0.05 0.03 
0.04 0.04 0.02 0.05 0.03 0.05 0.04 0.05 0.03 0.04 
0.04 0.04 0.05 0.02 0.05 0.03 0.02 0.03 0.03 0.04 
0.04 0.02 0.04 0.02 0.03 0.04 0.04 0.05 0.02 0.02 
0.04 0.05 0.05 0.04 0.04 0.04 0.05 0.05 0.03 0.03 
0.03 0.04 0.05 0.05 0.03 0.05 0.03 0.03 0.04 0.04 
0.04 0.04 0.03 0.05 0.05 0.04 0.05 0.03 0.05 0.02 
0.03 0.05 0.02 0.03 0.03 0.04 0.03 0.02 0.04 0.04 
0.03 0.03 0.04 0.03 0.02 0.05 0.02 0.05 0.03 0.03 
0.02 0.05 0.02 0.03 0.04 0.03 0.03 0.03 0.02 0.02 
0.02 0.05 0.02 0.03 0.03 0.04 0.02 0.04 0.02 0.05 
0.02 0.05 0.05 0.03 0.05 0.04 0.02 0.04 0.05 0.03 
0.04 0.02 0.05 0.02 0.03 0.03 0.03 0.04 0.04 0.03 
0.05 0.02 0.03 0.03 0.03 0.05 0.04 0.04 0.04 0.02 
0.03 0.04 0.05 0.02 0.03 0.03 0.04 0.05 0.04 0.04 
0.04 0.04 0.02 0.03 0.02 0.03 0.04 0.04 0.03 0.02 
0.04 0.05 0.05 0.03 0.05 0.04 0.05 0.03 0.05 0.03 
0.04 0.02 0.04 0.05 0.04 0.05 0.03 0.02 0.04 0.05 
0.03 0.03 0.05 0.04 0.02 0.04 0.02 0.05 0.02 0.02 
0.02 0.02 0.03 0.04 0.03 0.03 0.03 0.03 0.04 0.03 
0.02 0.05 0.04 0.02 0.04 0.03 0.05 0.04 0.05 0.05 
0.04 0.02 0.03 0.05 0.02 0.03 0.02 0.05 0.05 0.03 
0.04 0.05 0.02 0.04 0.02 0.04 0.05 0.02 0.04 0.02 
0.05 0.02 0.03 0.02 0.02 0.05 0.03 0.04 0.04 0.04 
0.04 0.05 0.05 0.03 0.03 0.02 0.02 0.03 0.05 0.02 
0.03 0.02 0.04 0.05 0.03 0.04 0.05 0.02 0.05 0.02 
0.02 0.04 0.03 0.05 0.05 0.02 0.05 0.03 0.03 0.03 
0.02 0.05 0.03 0.02 0.02 0.05 0.04 0.03 0.03 0.03 
0.02 0.05 0.04 0.05 0.03 0.04 0.03 0.03 0.02 0.03 
0.04 0.02 0.05 0.02 0.04 0.05 0.02 0.03 0.02 0.03 
0.03 0.03 0.02 0.04 0.04 0.04 0.03 0.03 0.02 0.02 
0.02 0.04 0.02 0.03 0.04 0.03 0.04 0.05 0.04 0.02 
0.05 0.04 0.04 0.02 0.05 0.04 0.05 0.03 0.03 0.04 
0.04 0.05 0.03 0.05 0.03 0.03 0.02 0.04 0.05 0.03 
0.05 0.03 0.02 0.04 0.02 0.05 0.03 0.02 0.04 0.02 
0.02 0.04 0.05 0.04 0.05 0.02 0.03 0.03 0.03 0.03 
0.04 0.04 0.05 0.04 0.05 0.02 0.04 0.05 0.05 0.03 
0.02 0.02 0.05 0.03 0.03 0.05 0.04 0.02 0.02 0.05 
0.04 0.04 0.03 0.03 0.04 0.05 0.04 0.02 0.05 0.03 
0.05 0.05 0.05 0.05 0.03 0.04 0.02 0.04 0.03 0.05 
0.03 0.03 0.02 0.02 0.04 0.03 0.03 0.05 0.03 0.02 
0.05 0.05 0.05 0.05 0.05 0.04 0.05 0.03 0.02 0.05 
0.03 0.05 0.05 0.03 0.04 0.02 0.04 0.05 0.02 0.03 
0.03 0.04 0.03 0.03 0.02 0.05 0.03 0.03 0.03 0.03 
0.04 0.02 0.04 0.05 0.05 0.02 0.03 0.02 0.04 0.05 
0.05 0.05 0.05 0.03 0.04 0.02 0.04 0.02 0.03 0.03 
0.04 0.03 0.02 0.03 0.04 0.03 0.03 0.04 0.03 0.04 
0.05 0.05 0.05 0.05 0.04 0.02 0.02 0.03 0.04 0.02 
0.03 0.05 0.05 0.04 0.03 0.05 0.02 0.03 0.05 0.03 
0.04 0.05 0.02 0.03 0.02 0.03 0.02 0.02 0.04 0.05 
0.05 0.02 0.03 0.02 0.04 0.04 0.05 0.04 0.03 0.03 
0.04 0.03 0.03 0.04 0.05 0.02 0.03 0.03 0.04 0.02 
0.02 0.05 0.03 0.02 0.02 0.04 0.05 0.03 0.05 0.04 
0.02 0.05 0.03 0.03 0.03 0.05 0.05 0.04 0.05 0.03 
0.03 0.02 0.05 0.02 0.03 0.03 0.02 0.02 0.03 0.02 
0.02 0.03 0.05 0.05 0.03 0.02 0.05 0.03 0.05 0.02 
0.04 0.02 0.04 0.05 0.02 0.02 0.03 0.04 0.03 0.05 
0.02 0.05 0.04 0.05 0.02 0.02 0.05 0.03 0.05 0.04 
0.03 0.03 0.05 0.04 0.04 0.04 0.02 0.05 0.02 0.03 
0.05 0.02 0.05 0.05 0.05 0.02 0.04 0.04 0.02 0.03 
0.02 0.03 0.05 0.03 0.03 0.02 0.05 0.05 0.03 0.02 
0.04 0.02 0.02 0.03 0.02 0.05 0.03 0.03 0.03 0.03 
0.02 0.03 0.02 0.03 0.04 0.04 0.04 0.03 0.05 0.05 
0.04 0.03 0.02 0.05 0.03 0.04 0.03 0.04 0.02 0.05 
0.02 0.05 0.04 0.05 0.04 0.04 0.03 0.04 0.02 0.04 
0.05 0.03 0.04 0.04 0.05 0.02 0.04 0.05 0.04 0.03 
0.02 0.05 0.02 0.03 0.03 0.04 0.03 0.04 0.02 0.03 
0.04 0.02 0.03 0.05 0.03 0.03 0.02 0.05 0.04 0.03 
0.03 0.04 0.04 0.03 0.03 0.02 0.05 0.04 0.05 0.02 
0.04 0.02 0.04 0.04 0.05 0.02 0.04 0.02 0.03 0.03 
0.04 0.04 0.05 0.04 0.02 0.05 0.02 0.02 0.04 0.02 
0.04 0.02 0.02 0.04 0.02 0.03 0.02 0.02 0.02 0.02 
0.05 0.02 0.03 0.02 0.02 0.02 0.05 0.02 0.05 0.02 
0.03 0.05 0.02 0.03 0.03 0.04 0.04 0.03 0.04 0.02 
0.04 0.03 0.03 0.05 0.02 0.04 0.02 0.03 0.02 0.05 
0.03 0.03 0.03 0.02 0.04 0.03 0.05 0.03 0.02 0.05 
0.02 0.05 0.02 0.03 0.03 0.02 0.03 0.03 0.03 0.03 
0.03 0.02 0.02 0.03 0.02 0.03 0.03 0.05 0.05 0.03 
0.04 0.03 0.03 0.02 0.02 0.03 0.05 0.05 0.04 0.05 
0.04 0.05 0.02 0.03 0.04 0.05 0.05 0.03 0.05 0.02 
0.04 0.03 0.04 0.05 0.04 0.04 0.04 0.02 0.05 0.05 
0.03 0.02 0.04 0.02 0.02 0.03 0.02 0.02 0.05 0.04 
0.04 0.03 0.03 0.05 0.03 0.02 0.04 0.02 0.05 0.03 
0.05 0.03 0.05 0.05 0.05 0.03 0.05 0.04 0.02 0.02 
0.03 0.02 0.02 0.04 0.03 0.04 0.03 0.02 0.04 0.02 
0.03 0.02 0.02 0.03 0.05 0.04 0.02 0.02 0.05 0.03 
0.05 0.04 0.03 0.03 0.04 0.02 0.04 0.03 0.05 0.02 
0.05 0.03 0.05 0.05 0.04 0.04 0.05 0.04 0.05 0.05 
0.02 0.04 0.03 0.02 0.05 0.04 0.05 0.02 0.02 0.02 
0.04 0.04 0.03 0.03 0.03 0.02 0.04 0.02 0.02 0.04 
0.05 0.04 0.05 0.04 0.05 0.03 0.03 0.05 0.05 0.03 
0.02 0.04 0.05 0.03 0.02 0.03 0.02 0.04 0.03 0.05 
0.02 0.02 0.04 0.03 0.05 0.05 0.03 0.03 0.04 0.04 
0.04 0.05 0.04 0.02 0.03 0.03 0.04 0.04 0.04 0.02 
0.04 0.03 0.04 0.05 0.05 0.04 0.05 0.02 0.04 0.05 
0.03 0.05 0.05 0.05 0.04 0.04 0.04 0.04 0.04 0.05 
0.04 0.04 0.02 0.04 0.04 0.05 0.03 0.04 0.03 0.03 
0.05 0.05 0.04 0.02 0.04 0.05 0.05 0.03 0.04 0.02 
0.03 0.05 0.05 0.05 0.05 0.05 0.02 0.04 0.02 0.04 
0.02 0.05 0.04 0.04 0.02 0.04 0.04 0.05 0.03 0.02 
0.03 0.04 0.04 0.03 0.05 0.02 0.04 0.03 0.04 0.02 
0.04 0.03 0.05 0.03 0.03 0.03 0.02 0.05 0.04 0.05 
0.03 0.02 0.04 0.03 0.03 0.03 0.03 0.04 0.03 0.05 
0.05 0.03 0.03 0.04 0.02 0.04 0.02 0.04 0.03 0.04 
0.02 0.03 0.04 0.05 0.03 0.05 0.02 0.02 0.03 0.03 
0.05 0.03 0.03 0.03 0.02 0.04 0.05 0.03 0.03 0.05 
0.02 0.03 0.05 0.05 0.04 0.02 0.05 0.03 0.05 0.04 
0.02 0.03 0.02 0.03 0.03 0.04 0.04 0.02 0.03 0.03 
0.04 0.04 0.05 0.02 0.04 0.05 0.03 0.02 0.02 0.04 
0.04 0.03 0.03 0.05 0.05 0.04 0.02 0.02 0.03 0.04 
0.04 0.04 0.02 0.03 0.03 0.02 0.02 0.03 0.02 0.02 
0.04 0.05 0.05 0.04 0.05 0.04 0.04 0.05 0.05 0.02 
0.05 0.03 0.04 0.05 0.02 0.04 0.04 0.02 0.05 0.03 
0.05 0.02 0.02 0.04 0.03 0.02 0.04 0.03 0.02 0.04 
0.04 0.02 0.05 0.02 0.04 0.03 0.03 0.05 0.03 0.05 
0.05 0.02 0.02 0.02 0.02 0.04 0.02 0.02 0.04 0.05 
0.02 0.04 0.03 0.03 0.03 0.02 0.03 0.04 0.03 0.02 
0.02 0.03 0.02 0.03 0.03 0.02 0.05 0.05 0.05 0.03 
0.05 0.03 0.02 0.03 0.04 0.04 0.03 0.02 0.05 0.05 
0.04 0.02 0.04 0.03 0.03 0.03 0.05 0.04 0.03 0.05 
0.04 0.02 0.02 0.02 0.02 0.02 0.05 0.05 0.02 0.04 
0.05 0.04 0.03 0.02 0.03 0.03 0.02 0.02 0.02 0.02 
0.02 0.04 0.02 0.03 0.03 0.02 0.02 0.02 0.04 0.03 
0.05 0.05 0.03 0.03 0.04 0.03 0.03 0.05 0.04 0.04 
0.04 0.02 0.04 0.03 0.04 0.02 0.02 0.04 0.05 0.03 
0.03 0.04 0.04 0.02 0.03 0.05 0.03 0.04 0.03 0.05 
0.03 0.02 0.04 0.03 0.05 0.02 0.02 0.04 0.04 0.02 
0.03 0.05 0.04 0.02 0.05 0.05 0.04 0.02 0.02 0.05 
0.03 0.03 0.04 0.02 0.05 0.04 0.04 0.05 0.02 0.04 
0.05 0.04 0.05 0.04 0.05 0.04 0.03 0.05 0.02 0.03 
0.04 0.04 0.03 0.05 0.05 0.02 0.05 0.04 0.03 0.04 
0.04 0.02 0.03 0.02 0.03 0.03 0.03 0.04 0.03 0.03 
0.03 0.05 0.04 0.04 0.04 0.02 0.05 0.05 0.02 0.04 
0.04 0.03 0.05 0.05 0.05 0.04 0.03 0.05 0.04 0.04 
0.02 0.05 0.04 0.04 0.05 0.03 0.02 0.05 0.05 0.02 
0.04 0.03 0.02 0.02 0.05 0.02 0.03 0.02 0.03 0.05 
0.04 0.05 0.03 0.04 0.04 0.04 0.02 0.03 0.04 0.04 
0.03 0.03 0.02 0.02 0.05 0.04 0.04 0.02 0.04 0.04 
0.03 0.02 0.02 0.05 0.03 0.04 0.03 0.04 0.04 0.03 
0.04 0.03 0.03 0.05 0.02 0.02 0.05 0.04 0.05 0.02 
0.02 0.05 0.04 0.05 0.04 0.05 0.04 0.04 0.03 0.05 
0.04 0.02 0.05 0.05 0.04 0.02 0.05 0.05 0.03 0.05 
0.02 0.05 0.04 0.04 0.02 0.02 0.02 0.05 0.02 0.04 
0.03 0.03 0.04 0.05 0.05 0.04 0.02 0.03 0.04 0.02 
0.02 0.03 0.05 0.03 0.04 0.04 0.03 0.03 0.02 0.02 
0.02 0.03 0.04 0.05 0.02 0.04 0.02 0.02 0.05 0.04 
0.02 0.02 0.04 0.05 0.04 0.05 0.02 0.05 0.03 0.04 
0.05 0.05 0.02 0.02 0.03 0.02 0.04 0.02 0.02 0.03 
0.03 0.04 0.02 0.04 0.02 0.02 0.04 0.03 0.03 0.03 
0.04 0.02 0.04 0.05 0.04 0.04 0.04 0.04 0.03 0.05 
0.03 0.03 0.03 0.03 0.04 0.03 0.04 0.05 0.05 0.03 
0.03 0.03 0.03 0.05 0.04 0.03 0.02 0.02 0.05 0.02 
0.04 0.04 0.03 0.02 0.05 0.05 0.03 0.03 0.04 0.04 
0.02 0.02 0.05 0.02 0.05 0.03 0.05 0.04 0.02 0.03 
0.03 0.05 0.04 0.03 0.04 0.03 0.02 0.03 0.02 0.03 
0.04 0.04 0.04 0.02 0.02 0.04 0.04 0.05 0.02 0.02 
0.03 0.04 0.05 0.03 0.03 0.05 0.05 0.05 0.03 0.05 
0.03 0.02 0.02 0.05 0.02 0.02 0.05 0.02 0.03 0.03 
0.05 0.05 0.02 0.02 0.03 0.05 0.02 0.05 0.02 0.05 
0.04 0.05 0.03 0.03 0.05 0.05 0.05 0.05 0.04 0.05 
0.02 0.02 0.03 0.04 0.05 0.02 0.02 0.05 0.02 0.04 
0.04 0.02 0.04 0.05 0.04 0.04 0.03 0.04 0.02 0.04 
0.02 0.03 0.02 0.05 0.02 0.02 0.02 0.04 0.03 0.02 
0.03 0.05 0.05 0.05 0.04 0.03 0.04 0.04 0.05 0.04 
0.03 0.02 0.05 0.04 0.02 0.02 0.02 0.02 0.03 0.03 
0.02 0.04 0.02 0.02 0.05 0.04 0.04 0.03 0.03 0.05 
0.02 0.04 0.02 0.04 0.04 0.05 0.05 0.02 0.02 0.03 
0.02 0.04 0.03 0.03 0.03 0.02 0.05 0.02 0.02 0.03 
0.04 0.02 0.02 0.02 0.05 0.04 0.04 0.03 0.02 0.05 
0.02 0.03 0.02 0.04 0.03 0.02 0.04 0.05 0.02 0.03 
0.03 0.04 0.04 0.05 0.03 0.03 0.04 0.05 0.03 0.05 
0.03 0.03 0.04 0.02 0.04 0.04 0.04 0.05 0.05 0.03 
0.05 0.03 0.03 0.02 0.03 0.05 0.03 0.04 0.04 0.03 
0.02 0.04 0.05 0.02 0.03 0.03 0.02 0.04 0.03 0.05 
0.05 0.02 0.05 0.05 0.05 0.03 0.04 0.03 0.03 0.05 
0.02 0.05 0.03 0.03 0.05 0.03 0.03 0.05 0.05 0.02 
0.05 0.03 0.03 0.02 0.03 0.02 0.03 0.03 0.05 0.05 
0.05 0.05 0.02 0.05 0.05 0.02 0.02 0.05 0.03 0.02 
0.05 0.04 0.02 0.03 0.05 0.03 0.05 0.02 0.04 0.02 
0.04 0.02 0.02 0.04 0.05 0.04 0.02 0.03 0.05 0.05 
0.02 0.02 0.02 0.05 0.02 0.05 0.02 0.05 0.03 0.03 
0.05 0.04 0.03 0.03 0.04 0.02 0.02 0.05 0.03 0.04 
0.03 0.02 0.05 0.04 0.03 0.04 0.05 0.03 0.03 0.02 
0.05 0.05 0.05 0.02 0.03 0.03 0.03 0.02 0.05 0.03 
0.05 0.03 0.03 0.03 0.04 0.05 0.04 0.02 0.04 0.04 
0.05 0.04 0.05 0.02 0.02 0.05 0.03 0.02 0.02 0.05 
0.05 0.05 0.05 0.03 0.05 0.05 0.04 0.04 0.03 0.03 
0.02 0.02 0.04 0.05 0.03 0.04 0.05 0.03 0.03 0.05 
0.03 0.05 0.02 0.02 0.05 0.03 0.02 0.05 0.04 0.02 
0.04 0.03 0.03 0.02 0.05 0.03 0.02 0.03 0.05 0.02 
0.02 0.02 0.05 0.04 0.05 0.02 0.05 0.04 0.04 0.04 
0.04 0.02 0.05 0.03 0.04 0.03 0.04 0.05 0.02 0.03 
0.05 0.03 0.05 0.04 0.03 0.05 0.02 0.02 0.02 0.04 
0.02 0.04 0.05 0.03 0.02 0.04 0.03 0.03 0.03 0.03 
0.05 0.04 0.05 0.02 0.05 0.03 0.02 0.05 0.02 0.03 
0.03 0.02 0.04 0.04 0.02 0.05 0.03 0.04 0.02 0.05 
0.03 0.05 0.03 0.03 0.04 0.04 0.05 0.02 0.05 0.03 
0.03 0.04 0.05 0.04 0.02 0.05 0.04 0.02 0.04 0.05 
0.02 0.02 0.05 0.03 0.02 0.05 0.05 0.02 0.02 0.04 
0.04 0.04 0.04 0.03 0.02 0.03 0.02 0.03 0.05 0.02 
0.03 0.02 0.04 0.02 0.02 0.02 0.04 0.05 0.02 0.03 
0.02 0.05 0.02 0.05 0.04 0.04 0.04 0.02 0.05 0.02 
0.04 0.02 0.03 0.03 0.03 0.05 0.04 0.02 0.05 0.03 
0.05 0.05 0.02 0.04 0.05 0.05 0.04 0.04 0.03 0.05 
0.05 0.03 0.02 0.03 0.05 0.04 0.05 0.03 0.03 0.04 
0.04 0.03 0.02 0.05 0.05 0.05 0.02 0.05 0.02 0.05 
0.02 0.04 0.05 0.05 0.04 0.03 0.05 0.03 0.03 0.02 
0.05 0.03 0.03 0.02 0.02 0.03 0.04 0.05 0.02 0.04 
0.04 0.04 0.03 0.03 0.02 0.05 0.03 0.05 0.02 0.04 
0.02 0.05 0.02 0.05 0.05 0.03 0.02 0.04 0.03 0.04 
0.02 0.04 0.05 0.03 0.05 0.03 0.04 0.04 0.02 0.05 
0.03 0.05 0.04 0.03 0.03 0.03 0.02 0.05 0.03 0.03 
0.02 0.02 0.04 0.03 0.03 0.03 0.03 0.02 0.05 0.05 
0.03 0.04 0.04 0.02 0.02 0.02 0.02 0.04 0.03 0.05 
0.03 0.05 0.04 0.05 0.02 0.03 0.02 0.03 0.05 0.05 
0.05 0.02 0.05 0.02 0.02 0.05 0.02 0.05 0.02 0.03 
0.04 0.04 0.02 0.03 0.02 0.03 0.04 0.02 0.05 0.05 
0.03 0.03 0.03 0.05 0.02 0.05 0.05 0.03 0.02 0.03 
0.03 0.02 0.05 0.05 0.04 0.03 0.03 0.05 0.05 0.05 
0.05 0.05 0.02 0.02 0.03 0.04 0.02 0.05 0.04 0.02 
0.04 0.02 0.05 0.02 0.02 0.05 0.04 0.05 0.04 0.03 
0.02 0.04 0.03 0.03 0.04 0.04 0.02 0.03 0.04 0.02 
0.05 0.04 0.03 0.05 0.02 0.04 0.03 0.05 0.05 0.04 
0.03 0.03 0.05 0.02 0.05 0.03 0.03 0.02 0.02 0.02 
0.05 0.02 0.05 0.03 0.05 0.05 0.02 0.05 0.05 0.05 
0.02 0.04 0.02 0.04 0.05 0.05 0.04 0.05 0.05 0.02 
0.05 0.04 0.04 0.05 0.03 0.02 0.03 0.03 0.03 0.04 
0.03 0.03 0.02 0.02 0.03 0.03 0.04 0.03 0.02 0.03 
0.04 0.05 0.04 0.04 0.02 0.05 0.02 0.05 0.04 0.03 
0.04 0.04 0.05 0.05 0.02 0.05 0.04 0.02 0.03 0.03 
0.02 0.02 0.03 0.05 0.05 0.03 0.02 0.04 0.03 0.04 
0.03 0.04 0.02 0.03 0.04 0.02 0.05 0.03 0.04 0.04 
0.04 0.05 0.02 0.04 0.04 0.02 0.04 0.05 0.05 0.05 
0.03 0.03 0.04 0.04 0.02 0.02 0.05 0.02 0.02 0.02 
0.03 0.05 0.04 0.04 0.05 0.03 0.02 0.05 0.05 0.04 
0.04 0.04 0.05 0.04 0.05 0.02 0.03 0.04 0.04 0.05 
0.03 0.04 0.04 0.05 0.05 0.04 0.05 0.02 0.03 0.02 
0.02 0.02 0.04 0.05 0.05 0.02 0.05 0.04 0.05 0.03 
0.05 0.03 0.05 0.05 0.03 0.04 0.02 0.03 0.04 0.04 
0.02 0.04 0.05 0.04 0.03 0.04 0.02 0.05 0.05 0.02 
0.02 0.04 0.02 0.04 0.02 0.02 0.02 0.03 0.04 0.04 
0.04 0.05 0.04 0.03 0.04 0.04 0.05 0.05 0.03 0.03 
0.02 0.04 0.05 0.02 0.05 0.03 0.03 0.03 0.03 0.05 
0.03 0.04 0.02 0.04 0.02 0.04 0.04 0.05 0.02 0.02 
0.04 0.04 0.04 0.04 0.02 0.05 0.05 0.04 0.04 0.05 
0.02 0.03 0.05 0.03 0.03 0.03 0.05 0.02 0.02 0.04 
0.03 0.05 0.04 0.04 0.03 0.05 0.03 0.03 0.02 0.05 
0.04 0.04 0.02 0.04 0.02 0.05 0.05 0.05 0.04 0.04 
0.02 0.05 0.05 0.05 0.03 0.03 0.03 0.02 0.02 0.05 
0.03 0.02 0.05 0.03 0.05 0.03 0.04 0.03 0.04 0.05 
0.05 0.04 0.04 0.03 0.05 0.02 0.02 0.02 0.05 0.03 
0.02 0.04 0.04 0.03 0.05 0.02 0.03 0.03 0.03 0.03 
0.05 0.04 0.04 0.03 0.02 0.05 0.03 0.05 0.05 0.04 
0.05 0.02 0.05 0.02 0.04 0.03 0.03 0.04 0.04 0.02 
0.05 0.04 0.04 0.02 0.02 0.02 0.05 0.05 0.03 0.04 
0.02 0.02 0.05 0.04 0.02 0.03 0.03 0.05 0.03 0.04 
0.03 0.05 0.05 0.03 0.05 0.03 0.05 0.05 0.03 0.04 
0.02 0.02 0.04 0.03 0.04 0.04 0.04 0.05 0.03 0.05 
0.05 0.03 0.03 0.02 0.03 0.05 0.05 0.04 0.05 0.04 
0.05 0.05 0.04 0.02 0.02 0.02 0.05 0.03 0.02 0.05 
0.03 0.03 0.03 0.05 0.04 0.04 0.04 0.04 0.04 0.02 
0.05 0.05 0.05 0.04 0.02 0.02 0.02 0.04 0.03 0.03 
0.02 0.04 0.04 0.03 0.04 0.02 0.04 0.04 0.03 0.03 
0.04 0.04 0.05 0.03 0.03 0.04 0.04 0.03 0.03 0.04 
0.03 0.03 0.02 0.04 0.03 0.04 0.03 0.02 0.05 0.04 
0.04 0.02 0.03 0.03 0.02 0.05 0.02 0.04 0.02 0.03 
0.05 0.04 0.05 0.02 0.05 0.05 0.03 0.02 0.02 0.04 
0.05 0.02 0.05 0.02 0.03 0.03 0.02 0.04 0.03 0.02 
0.05 0.05 0.03 0.05 0.04 0.05 0.04 0.03 0.04 0.05 
0.05 0.03 0.05 0.05 0.05 0.04 0.05 0.05 0.05 0.02 
0.04 0.02 0.03 0.02 0.05 0.02 0.04 0.02 0.03 0.04 
0.02 0.02 0.02 0.04 0.04 0.05 0.03 0.04 0.04 0.05 
0.04 0.02 0.02 0.03 0.02 0.05 0.05 0.02 0.04 0.02 
0.02 0.03 0.05 0.03 0.02 0.02 0.05 0.05 0.03 0.02 
0.04 0.04 0.05 0.02 0.02 0.03 0.03 0.03 0.05 0.05 
0.02 0.05 0.05 0.02 0.02 0.04 0.03 0.04 0.02 0.05 
0.03 0.05 0.03 0.04 0.02 0.03 0.02 0.03 0.03 0.04 
0.04 0.02 0.04 0.05 0.03 0.03 0.03 0.02 0.05 0.03 
0.03 0.03 0.05 0.03 0.04 0.05 0.03 0.05 0.02 0.04 
0.05 0.04 0.02 0.03 0.03 0.03 0.05 0.04 0.05 0.04 
0.03 0.03 0.04 0.04 0.05 0.05 0.02 0.05 0.02 0.02 
0.02 0.04 0.02 0.04 0.04 0.03 0.03 0.03 0.03 0.03 
0.03 0.05 0.02 0.02 0.03 0.04 0.03 0.02 0.05 0.03 
0.04 0.05 0.03 0.02 0.03 0.02 0.03 0.05 0.05 0.02 
0.02 0.05 0.05 0.03 0.05 0.02 0.04 0.02 0.05 0.02 
0.02 0.05 0.03 0.04 0.03 0.02 0.02 0.03 0.05 0.03 
0.03 0.04 0.02 0.03 0.03 0.05 0.05 0.02 0.04 0.02 
0.02 0.03 0.05 0.02 0.02 0.03 0.02 0.03 0.04 0.04 
0.03 0.05 0.02 0.05 0.03 0.03 0.04 0.04 0.04 0.05 
0.05 0.03 0.05 0.02 0.03 0.05 0.04 0.03 0.04 0.04 
0.03 0.03 0.02 0.03 0.03 0.03 0.05 0.05 0.04 0.05 
0.05 0.04 0.05 0.02 0.02 0.04 0.03 0.02 0.04 0.05 
0.05 0.05 0.02 0.05 0.04 0.03 0.02 0.04 0.04 0.02 
0.05 0.02 0.05 0.02 0.03 0.03 0.04 0.02 0.04 0.03 
0.02 0.03 0.03 0.02 0.05 0.03 0.05 0.02 0.03 0.02 
0.05 0.04 0.05 0.03 0.05 0.05 0.04 0.03 0.02 0.04 
0.03 0.02 0.02 0.02 0.03 0.04 0.03 0.02 0.02 0.05 
0.05 0.05 0.02 0.04 0.02 0.05 0.02 0.02 0.03 0.05 
0.04 0.03 0.03 0.02 0.04 0.03 0.03 0.02 0.04 0.02 
0.02 0.05 0.03 0.05 0.03 0.03 0.04 0.03 0.02 0.02 
0.04 0.03 0.05 0.04 0.02 0.02 0.02 0.05 0.03 0.04 
0.02 0.02 0.04 0.02 0.03 0.02 0.03 0.05 0.04 0.02 
0.04 0.04 0.04 0.05 0.03 0.03 0.03 0.02 0.03 0.05 
0.04 0.03 0.05 0.05 0.04 0.02 0.05 0.04 0.04 0.05 
0.02 0.05 0.04 0.05 0.05 0.04 0.05 0.05 0.02 0.02 
0.05 0.05 0.05 0.05 0.05 0.02 0.04 0.03 0.04 0.05 
0.04 0.04 0.03 0.02 0.04 0.03 0.04 0.04 0.04 0.03 
0.03 0.05 0.05 0.02 0.04 0.02 0.05 0.02 0.04 0.02 
0.03 0.02 0.05 0.03 0.02 0.04 0.02 0.03 0.03 0.03 
0.05 0.03 0.03 0.03 0.04 0.05 0.02 0.02 0.05 0.03 
0.05 0.04 0.05 0.03 0.03 0.03 0.05 0.02 0.02 0.04 
0.05 0.02 0.02 0.03 0.05 0.03 0.02 0.02 0.04 0.05 
0.05 0.03 0.05 0.02 0.03 0.05 0.03 0.03 0.02 0.05 
0.02 0.02 0.02 0.02 0.04 0.05 0.05 0.04 0.05 0.02 
0.04 0.04 0.04 0.02 0.03 0.04 0.03 0.05 0.02 0.03 
0.03 0.03 0.03 0.03 0.04 0.02 0.03 0.04 0.04 0.05 
0.02 0.02 0.03 0.03 0.03 0.04 0.04 0.04 0.03 0.02 
0.03 0.02 0.05 0.03 0.03 0.05 0.03 0.04 0.03 0.02 
0.04 0.02 0.04 0.02 0.03 0.02 0.04 0.03 0.05 0.02 
0.05 0.02 0.02 0.04 0.05 0.02 0.05 0.05 0.04 0.04 
0.04 0.02 0.03 0.04 0.05 0.05 0.05 0.03 0.04 0.04 
0.05 0.04 0.04 0.04 0.05 0.02 0.03 0.05 0.03 0.03 
0.03 0.05 0.05 0.05 0.02 0.04 0.03 0.02 0.02 0.03 
0.05 0.02 0.02 0.03 0.04 0.02 0.03 0.04 0.03 0.03 
0.04 0.05 0.02 0.02 0.03 0.05 0.03 0.05 0.05 0.05 
0.03 0.02 0.05 0.04 0.05 0.03 0.02 0.05 0.03 0.04 
0.02 0.02 0.05 0.04 0.02 0.02 0.02 0.03 0.05 0.02 
0.03 0.02 0.04 0.03 0.04 0.04 0.03 0.02 0.05 0.04 
0.02 0.04 0.02 0.04 0.04 0.02 0.04 0.05 0.04 0.02 
0.02 0.05 0.04 0.03 0.04 0.04 0.05 0.04 0.04 0.04 
0.05 0.02 0.03 0.04 0.04 0.04 0.05 0.03 0.02 0.03 
0.04 0.02 0.02 0.05 0.04 0.03 0.04 0.05 0.03 0.03 
0.02 0.03 0.04 0.03 0.03 0.05 0.02 0.02 0.05 0.05 
0.03 0.03 0.03 0.05 0.04 0.02 0.02 0.02 0.02 0.04 
0.05 0.05 0.03 0.02 0.02 0.04 0.05 0.02 0.05 0.03 
0.02 0.02 0.03 0.04 0.02 0.04 0.04 0.03 0.03 0.05 
0.04 0.03 0.04 0.05 0.03 0.03 0.03 0.02 0.02 0.04 
0.03 0.04 0.02 0.03 0.04 0.05 0.03 0.03 0.05 0.03 
0.04 0.05 0.04 0.02 0.03 0.02 0.03 0.04 0.03 0.05 
0.04 0.03 0.02 0.04 0.03 0.05 0.02 0.03 0.05 0.04 
0.02 0.05 0.05 0.05 0.05 0.05 0.02 0.04 0.02 0.04 
0.05 0.05 0.03 0.04 0.04 0.04 0.04 0.05 0.03 0.05 
0.04 0.05 0.04 0.02 0.02 0.04 0.02 0.04 0.03 0.03 
0.05 0.05 0.03 0.05 0.05 0.02 0.05 0.02 0.04 0.04 
0.04 0.02 0.04 0.04 0.04 0.04 0.05 0.02 0.05 0.04 
0.04 0.05 0.02 0.02 0.04 0.02 0.04 0.02 0.05 0.02 
0.04 0.04 0.02 0.05 0.02 0.04 0.02 0.03 0.03 0.03 
0.03 0.03 0.04 0.04 0.04 0.04 0.05 0.04 0.03 0.05 
0.02 0.05 0.05 0.03 0.05 0.05 0.03 0.03 0.04 0.04 
0.04 0.05 0.05 0.03 0.02 0.05 0.05 0.03 0.05 0.03 
0.05 0.04 0.03 0.04 0.03 0.02 0.02 0.03 0.05 0.04 
0.04 0.03 0.03 0.03 0.04 0.04 0.02 0.02 0.04 0.02 
0.04 0.04 0.05 0.02 0.04 0.04 0.05 0.02 0.02 0.04 
0.02 0.04 0.03 0.04 0.04 0.05 0.04 0.05 0.04 0.04 
0.02 0.05 0.04 0.05 0.02 0.05 0.05 0.05 0.03 0.04 
0.02 0.05 0.04 0.05 0.04 0.03 0.04 0.02 0.04 0.05 
0.04 0.03 0.02 0.05 0.04 0.04 0.03 0.05 0.03 0.04 
0.02 0.05 0.03 0.03 0.02 0.05 0.03 0.03 0.04 0.04 
0.03 0.03 0.02 0.03 0.02 0.05 0.04 0.02 0.04 0.03 
0.04 0.05 0.04 0.04 0.04 0.02 0.05 0.04 0.03 0.03 
0.04 0.02 0.04 0.04 0.02 0.02 0.04 0.02 0.04 0.04 
0.02 0.04 0.03 0.04 0.03 0.03 0.05 0.02 0.05 0.03 
0.02 0.02 0.05 0.03 0.04 0.04 0.05 0.03 0.05 0.03 
0.04 0.03 0.04 0.03 0.02 0.05 0.05 0.04 0.02 0.05 
0.02 0.05 0.03 0.02 0.03 0.05 0.02 0.02 0.03 0.03 
0.03 0.03 0.03 0.03 0.03 0.04 0.03 0.04 0.03 0.05 
0.02 0.03 0.02 0.04 0.04 0.04 0.05 0.04 0.03 0.03 
0.04 0.04 0.04 0.02 0.05 0.05 0.03 0.05 0.04 0.02 
0.05 0.02 0.03 0.04 0.05 0.04 0.03 0.03 0.03 0.02 
0.03 0.04 0.05 0.03 0.02 0.05 0.04 0.02 0.05 0.02 
0.02 0.02 0.04 0.02 0.02 0.02 0.05 0.03 0.03 0.04 
0.03 0.05 0.03 0.02 0.04 0.03 0.05 0.02 0.04 0.02 
0.04 0.02 0.04 0.04 0.04 0.02 0.04 0.02 0.02 0.02 
0.03 0.02 0.04 0.04 0.02 0.04 0.03 0.04 0.04 0.03 
0.04 0.05 0.02 0.03 0.02 0.02 0.02 0.04 0.05 0.02 
0.03 0.02 0.04 0.04 0.03 0.02 0.02 0.05 0.03 0.03 
0.04 0.03 0.03 0.02 0.03 0.03 0.04 0.05 0.03 0.04 
0.02 0.03 0.05 0.03 0.05 0.05 0.02 0.03 0.05 0.03 
0.04 0.03 0.03 0.05 0.03 0.05 0.02 0.05 0.03 0.04 
0.02 0.02 0.03 0.05 0.05 0.05 0.03 0.03 0.02 0.05 
0.03 0.02 0.02 0.03 0.03 0.05 0.02 0.03 0.04 0.04 
0.03 0.03 0.03 0.05 0.04 0.02 0.02 0.02 0.04 0.02 
0.03 0.05 0.02 0.02 0.04 0.04 0.05 0.02 0.05 0.04 
0.03 0.03 0.03 0.05 0.05 0.04 0.02 0.03 0.02 0.04 
0.05 0.02 0.02 0.05 0.02 0.04 0.05 0.03 0.03 0.03 
0.04 0.03 0.05 0.02 0.02 0.04 0.03 0.03 0.04 0.05 
0.05 0.02 0.02 0.02 0.05 0.04 0.04 0.03 0.04 0.02 
0.04 0.05 0.03 0.04 0.02 0.02 0.05 0.02 0.03 0.05 
0.05 0.04 0.03 0.03 0.02 0.03 0.03 0.05 0.02 0.03 
0.02 0.04 0.05 0.05 0.02 0.05 0.05 0.05 0.02 0.03 
0.02 0.03 0.02 0.03 0.04 0.04 0.02 0.02 0.03 0.04 
0.03 0.04 0.05 0.04 0.03 0.04 0.02 0.02 0.05 0.05 
0.05 0.03 0.02 0.02 0.05 0.04 0.03 0.03 0.04 0.04 
0.03 0.04 0.03 0.02 0.05 0.02 0.04 0.02 0.02 0.02 
0.03 0.05 0.03 0.04 0.05 0.03 0.03 0.03 0.05 0.03 
0.04 0.03 0.03 0.04 0.03 0.03 0.03 0.05 0.02 0.02 
0.02 0.05 0.03 0.02 0.02 0.04 0.03 0.05 0.02 0.03 
0.03 0.05 0.03 0.05 0.03 0.04 0.02 0.03 0.03 0.05 
0.05 0.05 0.04 0.04 0.04 0.02 0.03 0.03 0.03 0.02 
0.05 0.02 0.03 0.04 0.04 0.05 0.03 0.02 0.02 0.04 
0.02 0.05 0.04 0.05 0.02 0.03 0.02 0.02 0.03 0.05 
0.03 0.04 0.02 0.03 0.04 0.05 0.05 0.04 0.05 0.02 
0.04 0.03 0.02 0.05 0.03 0.05 0.02 0.03 0.05 0.04 
0.05 0.05 0.02 0.05 0.04 0.05 0.05 0.03 0.03 0.03 
0.02 0.02 0.04 0.02 0.05 0.04 0.02 0.04 0.03 0.05 
0.04 0.05 0.03 0.04 0.05 0.04 0.05 0.03 0.05 0.02 
0.03 0.05 0.03 0.04 0.05 0.02 0.05 0.03 0.04 0.05 
0.05 0.03 0.04 0.03 0.04 0.04 0.05 0.04 0.04 0.03 
0.05 0.03 0.03 0.04 0.02 0.05 0.02 0.03 0.03 0.02 
0.02 0.05 0.05 0.03 0.02 0.03 0.05 0.03 0.04 0.05 
0.04 0.04 0.04 0.04 0.02 0.05 0.04 0.04 0.02 0.05 
0.05 0.04 0.02 0.02 0.05 0.03 0.02 0.05 0.02 0.05 
0.04 0.05 0.05 0.03 0.02 0.05 0.02 0.05 0.03 0.03 
0.03 0.05 0.04 0.03 0.05 0.02 0.02 0.05 0.03 0.03 
0.05 0.04 0.04 0.04 0.04 0.03 0.02 0.03 0.05 0.04 
0.03 0.04 0.02 0.03 0.02 0.03 0.02 0.04 0.02 0.04 
0.05 0.03 0.05 0.05 0.03 0.04 0.03 0.04 0.03 0.04 
0.04 0.02 0.03 0.02 0.04 0.04 0.03 0.02 0.04 0.02 
0.03 0.02 0.03 0.04 0.05 0.02 0.04 0.02 0.02 0.05 
0.05 0.05 0.02 0.04 0.05 0.03 0.05 0.05 0.03 0.02 
0.04 0.05 0.02 0.04 0.02 0.04 0.02 0.03 0.03 0.04 
0.05 0.03 0.04 0.03 0.02 0.02 0.04 0.05 0.04 0.05 
0.04 0.04 0.05 0.05 0.05 0.02 0.05 0.03 0.04 0.05 
0.02 0.04 0.04 0.04 0.02 0.02 0.02 0.03 0.02 0.04 
0.05 0.02 0.03 0.04 0.03 0.04 0.04 0.02 0.02 0.02 
0.03 0.03 0.03 0.04 0.03 0.05 0.04 0.05 0.04 0.05 
0.02 0.04 0.04 0.03 0.03 0.04 0.05 0.04 0.03 0.03 
0.04 0.02 0.04 0.03 0.05 0.04 0.05 0.03 0.02 0.03 
0.05 0.02 0.04 0.02 0.03 0.04 0.04 0.04 0.02 0.05 
0.03 0.02 0.05 0.02 0.05 0.03 0.02 0.04 0.03 0.04 
0.04 0.05 0.04 0.05 0.02 0.04 0.02 0.02 0.03 0.04 
0.02 0.02 0.03 0.04 0.05 0.02 0.02 0.04 0.05 0.02 
0.05 0.05 0.02 0.02 0.05 0.05 0.02 0.03 0.03 0.05 
0.04 0.04 0.04 0.02 0.02 0.02 0.03 0.02 0.05 0.05 
0.04 0.03 0.02 0.04 0.04 0.04 0.02 0.02 0.02 0.02 
0.02 0.04 0.05 0.04 0.03 0.04 0.02 0.02 0.02 0.05 
0.04 0.02 0.05 0.05 0.05 0.02 0.02 0.05 0.02 0.05 
0.02 0.02 0.02 0.04 0.03 0.04 0.04 0.04 0.04 0.02 
0.03 0.04 0.05 0.04 0.05 0.03 0.05 0.03 0.04 0.04 
0.05 0.04 0.04 0.02 0.05 0.05 0.03 0.02 0.04 0.02 
0.02 0.02 0.02 0.04 0.05 0.02 0.03 0.03 0.03 0.03 
0.03 0.05 0.03 0.02 0.03 0.04 0.04 0.04 0.04 0.02 
0.05 0.04 0.03 0.05 0.04 0.02 0.05 0.04 0.03 0.05 
0.05 0.02 0.03 0.02 0.05 0.04 0.03 0.04 0.02 0.05 
0.05 0.03 0.02 0.02 0.03 0.04 0.02 0.02 0.04 0.05 
0.05 0.05 0.02 0.04 0.05 0.03 0.04 0.04 0.03 0.03 
0.03 0.02 0.03 0.03 0.02 0.03 0.03 0.02 0.05 0.02 
0.05 0.04 0.04 0.02 0.03 0.02 0.05 0.03 0.02 0.05 
0.05 0.03 0.03 0.03 0.02 0.04 0.02 0.04 0.04 0.02 
0.03 0.02 0.03 0.04 0.02 0.04 0.04 0.04 0.02 0.02 
0.04 0.04 0.04 0.03 0.04 0.04 0.05 0.05 0.05 0.03 
0.04 0.03 0.03 0.02 0.04 0.03 0.03 0.04 0.05 0.05 
0.05 0.04 0.03 0.04 0.02 0.03 0.05 0.03 0.04 0.03 
0.04 0.05 0.02 0.04 0.05 0.05 0.02 0.05 0.04 0.05 
0.05 0.03 0.02 0.02 0.05 0.02 0.05 0.04 0.02 0.02 
0.03 0.05 0.02 0.03 0.03 0.03 0.04 0.05 0.03 0.04 
0.02 0.04 0.02 0.02 0.05 0.04 0.05 0.03 0.04 0.02 
0.03 0.02 0.04 0.03 0.02 0.04 0.03 0.03 0.02 0.04 
0.02 0.04 0.04 0.04 0.03 0.04 0.02 0.05 0.04 0.03 
0.02 0.02 0.03 0.05 0.03 0.05 0.04 0.02 0.04 0.03 
0.02 0.03 0.05 0.02 0.04 0.05 0.04 0.05 0.03 0.05 
0.03 0.03 0.05 0.03 0.04 0.04 0.02 0.05 0.05 0.02 
0.03 0.04 0.03 0.02 0.04 0.05 0.04 0.05 0.02 0.03 
0.04 0.05 0.03 0.02 0.05 0.04 0.02 0.05 0.02 0.02 
0.02 0.02 0.05 0.05 0.02 0.02 0.02 0.04 0.02 0.04 
0.04 0.02 0.04 0.04 0.03 0.02 0.04 0.05 0.03 0.05 
0.05 0.04 0.04 0.02 0.02 0.05 0.05 0.04 0.04 0.05 
0.03 0.02 0.02 0.03 0.03 0.04 0.03 0.04 0.02 0.03 
0.02 0.03 0.05 0.05 0.02 0.02 0.05 0.02 0.04 0.03 
0.03 0.03 0.02 0.03 0.04 0.04 0.02 0.05 0.02 0.05 
0.02 0.02 0.03 0.02 0.04 0.02 0.03 0.02 0.03 0.05 
0.02 0.05 0.02 0.05 0.05 0.02 0.05 0.02 0.04 0.05 
0.05 0.05 0.04 0.04 0.04 0.02 0.05 0.02 0.04 0.05 
0.02 0.05 0.02 0.05 0.03 0.02 0.05 0.02 0.05 0.03 
0.03 0.04 0.05 0.04 0.04 0.04 0.02 0.02 0.02 0.02 
0.05 0.04 0.03 0.04 0.04 0.05 0.02 0.05 0.04 0.03 
0.04 0.04 0.03 0.05 0.04 0.02 0.03 0.02 0.02 0.04 
0.05 0.02 0.05 0.03 0.05 0.03 0.05 0.03 0.03 0.02 
0.03 0.03 0.03 0.04 0.05 0.03 0.04 0.02 0.04 0.05 
0.03 0.03 0.03 0.02 0.03 0.04 0.02 0.03 0.02 0.04 
0.05 0.02 0.03 0.03 0.05 0.05 0.03 0.05 0.02 0.02 
0.05 0.04 0.02 0.02 0.03 0.05 0.05 0.03 0.04 0.02 
0.04 0.05 0.04 0.04 0.03 0.02 0.03 0.05 0.02 0.05 
0.04 0.04 0.02 0.04 0.02 0.02 0.03 0.03 0.05 0.04 
0.04 0.03 0.05 0.05 0.04 0.03 0.03 0.05 0.03 0.05 
0.03 0.04 0.03 0.04 0.03 0.05 0.05 0.04 0.03 0.04 
0.02 0.02 0.04 0.03 0.02 0.04 0.02 0.05 0.03 0.05 
0.02 0.05 0.04 0.02 0.05 0.05 0.04 0.02 0.04 0.04 
0.05 0.02 0.04 0.05 0.02 0.05 0.05 0.02 0.02 0.03 
0.04 0.02 0.04 0.04 0.02 0.03 0.04 0.03 0.04 0.02 
0.02 0.03 0.05 0.05 0.04 0.05 0.04 0.04 0.04 0.03 
0.02 0.02 0.02 0.04 0.02 0.04 0.02 0.04 0.02 0.04 
0.04 0.04 0.03 0.05 0.05 0.03 0.03 0.02 0.03 0.04 
0.03 0.04 0.02 0.02 0.02 0.05 0.04 0.05 0.05 0.03 
0.05 0.04 0.02 0.02 0.04 0.05 0.05 0.04 0.05 0.02 
0.03 0.04 0.03 0.04 0.03 0.02 0.02 0.05 0.03 0.05 
0.05 0.03 0.03 0.03 0.05 0.04 0.03 0.02 0.05 0.02 
0.03 0.02 0.05 0.03 0.05 0.02 0.02 0.02 0.03 0.03 
0.03 0.03 0.05 0.05 0.02 0.04 0.05 0.05 0.02 0.03 
0.05 0.05 0.03 0.03 0.04 0.02 0.03 0.02 0.02 0.02 
0.03 0.02 0.02 0.04 0.04 0.02 0.03 0.05 0.05 0.03 
0.04 0.05 0.05 0.02 0.04 0.03 0.03 0.05 0.04 0.02 
0.05 0.02 0.03 0.02 0.05 0.05 0.02 0.03 0.05 0.03 
0.03 0.03 0.05 0.02 0.03 0.04 0.03 0.04 0.03 0.04 
0.02 0.02 0.04 0.05 0.03 0.05 0.02 0.05 0.02 0.03 
0.02 0.04 0.05 0.03 0.04 0.04 0.04 0.04 0.04 0.02 
0.05 0.03 0.04 0.02 0.02 0.05 0.02 0.02 0.05 0.05 
0.02 0.04 0.04 0.05 0.05 0.02 0.03 0.04 0.05 0.02 
0.03 0.03 0.02 0.05 0.05 0.02 0.03 0.02 0.04 0.03 
0.02 0.02 0.05 0.03 0.03 0.05 0.03 0.04 0.05 0.04 
0.02 0.02 0.05 0.03 0.05 0.05 0.05 0.04 0.03 0.03 
0.05 0.04 0.02 0.05 0.05 0.03 0.03 0.04 0.04 0.03 
0.02 0.05 0.02 0.05 0.04 0.05 0.05 0.02 0.02 0.02 
0.03 0.03 0.02 0.02 0.05 0.05 0.05 0.05 0.03 0.03 
0.04 0.04 0.05 0.03 0.03 0.05 0.03 0.02 0.04 0.03 
0.05 0.05 0.04 0.03 0.02 0.04 0.05 0.04 0.03 0.03 
0.02 0.04 0.03 0.02 0.05 0.05 0.02 0.02 0.04 0.02 
0.05 0.02 0.05 0.02 0.05 0.02 0.02 0.05 0.04 0.02 
0.03 0.04 0.05 0.02 0.02 0.04 0.02 0.05 0.02 0.05 
0.04 0.02 0.04 0.03 0.02 0.04 0.04 0.02 0.05 0.04 
0.02 0.02 0.05 0.03 0.03 0.02 0.02 0.03 0.04 0.02 
0.04 0.05 0.04 0.02 0.03 0.05 0.03 0.03 0.03 0.02 
0.04 0.04 0.05 0.02 0.03 0.04 0.04 0.02 0.03 0.03 
0.04 0.03 0.05 0.02 0.02 0.05 0.04 0.04 0.02 0.03 
0.02 0.03 0.04 0.05 0.04 0.02 0.05 0.02 0.04 0.05 
0.02 0.05 0.02 0.04 0.03 0.05 0.02 0.04 0.03 0.02 
0.03 0.02 0.03 0.04 0.02 0.05 0.02 0.03 0.04 0.05 
0.05 0.04 0.02 0.02 0.05 0.05 0.05 0.03 0.03 0.04 
0.04 0.03 0.05 0.04 0.04 0.05 0.02 0.04 0.05 0.02 
0.04 0.04 0.04 0.04 0.05 0.04 0.03 0.02 0.04 0.02 
0.05 0.02 0.05 0.04 0.04 0.02 0.05 0.04 0.04 0.05 
0.04 0.03 0.02 0.03 0.02 0.05 0.03 0.02 0.02 0.03 
0.04 0.05 0.04 0.05 0.05 0.04 0.03 0.02 0.04 0.02 
0.04 0.04 0.04 0.02 0.02 0.05 0.04 0.04 0.03 0.04 
0.02 0.02 0.03 0.02 0.02 0.04 0.02 0.05 0.05 0.03 
0.02 0.02 0.02 0.05 0.04 0.03 0.02 0.03 0.03 0.02 
0.05 0.05 0.03 0.02 0.04 0.05 0.03 0.03 0.02 0.03 
0.04 0.05 0.05 0.05 0.02 0.03 0.02 0.05 0.05 0.03 
0.05 0.02 0.04 0.03 0.05 0.05 0.04 0.05 0.03 0.05 
0.04 0.04 0.04 0.02 0.03 0.04 0.05 0.04 0.02 0.02 
0.03 0.02 0.02 0.02 0.05 0.02 0.02 0.02 0.04 0.05 
0.02 0.02 0.02 0.02 0.03 0.04 0.02 0.05 0.02 0.05 
0.04 0.04 0.02 0.03 0.02 0.05 0.03 0.05 0.05 0.05 
0.04 0.04 0.05 0.05 0.02 0.02 0.04 0.05 0.03 0.04 
0.05 0.03 0.03 0.05 0.03 0.03 0.03 0.02 0.03 0.05 
0.04 0.03 0.03 0.02 0.05 0.04 0.03 0.02 0.05 0.03 
0.03 0.02 0.02 0.05 0.04 0.03 0.05 0.02 0.02 0.02 
0.02 0.02 0.03 0.02 0.04 0.02 0.05 0.03 0.03 0.03 
0.03 0.05 0.04 0.05 0.04 0.02 0.03 0.02 0.05 0.03 
0.05 0.04 0.04 0.05 0.03 0.02 0.04 0.05 0.05 0.05 
0.03 0.04 0.05 0.05 0.04 0.03 0.02 0.04 0.03 0.04 
0.02 0.04 0.03 0.03 0.05 0.04 0.02 0.02 0.04 0.03 
0.05 0.02 0.04 0.03 0.02 0.05 0.02 0.04 0.04 0.02 
0.05 0.05 0.05 0.05 0.02 0.03 0.02 0.03 0.02 0.03 
0.05 0.05 0.03 0.03 0.04 0.02 0.04 0.04 0.03 0.05 
0.02 0.02 0.05 0.02 0.04 0.02 0.05 0.04 0.04 0.04 
0.05 0.05 0.02 0.03 0.03 0.05 0.03 0.04 0.04 0.04 
0.03 0.02 0.02 0.05 0.05 0.04 0.05 0.02 0.05 0.02 
0.05 0.02 0.04 0.03 0.05 0.02 0.04 0.04 0.02 0.05 
0.02 0.05 0.03 0.05 0.04 0.05 0.05 0.03 0.02 0.05 
0.04 0.04 0.03 0.05 0.03 0.02 0.05 0.04 0.03 0.02 
0.05 0.05 0.04 0.04 0.05 0.05 0.05 0.04 0.03 0.04 
0.03 0.03 0.02 0.03 0.05 0.03 0.04 0.05 0.03 0.04 
0.03 0.05 0.03 0.03 0.05 0.02 0.05 0.02 0.02 0.05 
0.05 0.04 0.05 0.02 0.02 0.05 0.02 0.04 0.02 0.05 
0.03 0.02 0.05 0.03 0.04 0.05 0.03 0.02 0.04 0.05 
0.02 0.05 0.02 0.03 0.03 0.03 0.03 0.03 0.04 0.02 
0.04 0.05 0.03 0.03 0.04 0.05 0.04 0.04 0.02 0.02 
0.05 0.03 0.05 0.03 0.02 0.05 0.03 0.03 0.02 0.03 
0.03 0.03 0.03 0.03 0.03 0.05 0.04 0.02 0.02 0.05 
0.04 0.03 0.03 0.05 0.03 0.04 0.04 0.05 0.02 0.05 
0.05 0.05 0.05 0.05 0.04 0.04 0.02 0.03 0.03 0.02 
0.04 0.02 0.04 0.05 0.04 0.05 0.02 0.03 0.02 0.03 
0.03 0.02 0.04 0.02 0.03 0.04 0.02 0.03 0.04 0.02 
0.02 0.05 0.03 0.03 0.04 0.05 0.04 0.02 0.02 0.04 
0.02 0.03 0.04 0.03 0.05 0.04 0.03 0.05 0.02 0.04 
0.03 0.05 0.05 0.05 0.04 0.02 0.02 0.02 0.02 0.04 
0.05 0.02 0.02 0.02 0.02 0.04 0.02 0.05 0.05 0.03 
0.02 0.05 0.05 0.05 0.02 0.05 0.05 0.04 0.03 0.03 
0.04 0.05 0.03 0.04 0.02 0.04 0.04 0.04 0.04 0.05 
0.05 0.05 0.02 0.05 0.03 0.03 0.04 0.05 0.04 0.02 
0.02 0.04 0.03 0.05 0.03 0.03 0.03 0.04 0.03 0.02 
0.03 0.02 0.04 0.04 0.02 0.05 0.05 0.04 0.02 0.02 
0.05 0.02 0.04 0.02 0.02 0.04 0.05 0.02 0.04 0.03 
0.03 0.03 0.02 0.04 0.04 0.03 0.05 0.05 0.02 0.04 
0.02 0.02 0.05 0.02 0.05 0.04 0.02 0.02 0.04 0.03 
0.02 0.04 0.03 0.05 0.03 0.02 0.03 0.02 0.02 0.02 
0.05 0.03 0.04 0.04 0.02 0.05 0.02 0.03 0.05 0.03 
0.02 0.03 0.03 0.04 0.03 0.02 0.05 0.04 0.02 0.03 
0.05 0.03 0.03 0.02 0.05 0.03 0.04 0.02 0.05 0.04 
0.05 0.05 0.05 0.03 0.02 0.05 0.02 0.04 0.03 0.02 
0.05 0.04 0.05 0.02 0.03 0.03 0.02 0.05 0.04 0.05 
0.04 0.02 0.02 0.03 0.02 0.05 0.02 0.05 0.02 0.05 
0.02 0.04 0.05 0.03 0.02 0.02 0.02 0.05 0.05 0.05 
0.05 0.03 0.04 0.04 0.05 0.05 0.04 0.04 0.05 0.05 
0.03 0.05 0.02 0.02 0.05 0.05 0.03 0.03 0.04 0.02 
0.03 0.03 0.02 0.04 0.04 0.02 0.02 0.03 0.02 0.02 
0.04 0.02 0.02 0.03 0.04 0.02 0.04 0.02 0.05 0.04 
0.02 0.02 0.05 0.02 0.04 0.02 0.05 0.05 0.04 0.03 
0.02 0.05 0.02 0.03 0.04 0.04 0.02 0.03 0.04 0.03 
0.02 0.04 0.04 0.02 0.04 0.05 0.03 0.04 0.04 0.05 
0.04 0.03 0.04 0.05 0.04 0.02 0.03 0.04 0.02 0.02 
0.03 0.05 0.04 0.04 0.03 0.02 0.02 0.02 0.04 0.03 
0.02 0.02 0.03 0.02 0.04 0.02 0.05 0.03 0.02 0.04 
0.03 0.02 0.04 0.03 0.03 0.02 0.03 0.02 0.03 0.04 
0.05 0.02 0.03 0.04 0.05 0.03 0.05 0.02 0.02 0.03 
0.04 0.05 0.05 0.02 0.05 0.05 0.03 0.02 0.02 0.03 
0.05 0.02 0.03 0.04 0.02 0.03 0.02 0.05 0.02 0.02 
0.05 0.02 0.02 0.05 0.04 0.03 0.03 0.04 0.05 0.03 
0.04 0.05 0.04 0.03 0.03 0.02 0.02 0.05 0.04 0.05 
0.04 0.02 0.05 0.03 0.04 0.03 0.04 0.04 0.05 0.04 
0.02 0.04 0.05 0.05 0.05 0.03 0.05 0.04 0.05 0.03 
0.02 0.04 0.02 0.03 0.03 0.02 0.02 0.04 0.03 0.05 
0.03 0.03 0.03 0.05 0.04 0.04 0.04 0.04 0.02 0.03 
0.03 0.03 0.04 0.03 0.03 0.05 0.05 0.04 0.03 0.04 
0.05 0.05 0.04 0.05 0.04 0.04 0.05 0.04 0.02 0.03 
0.04 0.03 0.04 0.05 0.05 0.03 0.05 0.04 0.04 0.03 
0.02 0.02 0.03 0.04 0.05 0.02 0.05 0.03 0.03 0.03 
0.04 0.03 0.03 0.05 0.03 0.04 0.02 0.05 0.03 0.05 
0.05 0.05 0.04 0.03 0.04 0.02 0.05 0.02 0.04 0.05 
0.04 0.03 0.04 0.04 0.03 0.02 0.05 0.04 0.03 0.04 
0.04 0.04 0.05 0.03 0.03 0.04 0.02 0.05 0.02 0.04 
0.04 0.03 0.02 0.04 0.03 0.05 0.03 0.02 0.02 0.04 
0.02 0.04 0.05 0.03 0.04 0.05 0.05 0.03 0.04 0.02 
0.04 0.02 0.03 0.04 0.03 0.03 0.05 0.04 0.02 0.03 
0.05 0.02 0.03 0.03 0.03 0.05 0.04 0.05 0.02 0.02 
0.03 0.03 0.03 0.05 0.05 0.04 0.04 0.05 0.04 0.02 
0.05 0.03 0.05 0.04 0.05 0.05 0.05 0.04 0.02 0.04 
0.04 0.02 0.03 0.02 0.05 0.02 0.03 0.02 0.03 0.03 
0.05 0.05 0.02 0.05 0.03 0.05 0.05 0.02 0.02 0.05 
0.04 0.05 0.05 0.04 0.03 0.04 0.03 0.02 0.02 0.03 
0.04 0.05 0.02 0.03 0.03 0.02 0.04 0.03 0.03 0.03 
0.04 0.05 0.03 0.03 0.03 0.04 0.03 0.02 0.05 0.04 
0.05 0.02 0.03 0.03 0.03 0.02 0.02 0.05 0.03 0.05 
0.05 0.05 0.05 0.03 0.04 0.05 0.05 0.05 0.03 0.03 
0.02 0.02 0.03 0.03 0.04 0.04 0.05 0.05 0.04 0.05 
0.04 0.05 0.05 0.04 0.05 0.05 0.03 0.03 0.02 0.04 
0.02 0.02 0.05 0.02 0.04 0.05 0.04 0.05 0.05 0.04 
0.05 0.05 0.03 0.03 0.03 0.03 0.05 0.04 0.04 0.03 
0.04 0.04 0.02 0.05 0.05 0.04 0.05 0.03 0.02 0.03 
0.03 0.02 0.02 0.05 0.02 0.05 0.04 0.05 0.02 0.02 
0.04 0.05 0.05 0.05 0.03 0.05 0.03 0.03 0.02 0.04 
0.02 0.05 0.04 0.05 0.05 0.05 0.03 0.04 0.03 0.04 
0.05 0.04 0.04 0.05 0.03 0.04 0.04 0.04 0.03 0.05 
0.02 0.02 0.02 0.03 0.03 0.03 0.04 0.04 0.02 0.05 
0.02 0.05 0.05 0.03 0.05 0.03 0.03 0.05 0.04 0.02 
0.03 0.04 0.02 0.05 0.02 0.05 0.03 0.04 0.04 0.05 
0.03 0.05 0.04 0.05 0.03 0.05 0.03 0.04 0.02 0.05 
0.02 0.02 0.05 0.02 0.04 0.04 0.03 0.04 0.04 0.04 
0.03 0.02 0.04 0.05 0.05 0.05 0.05 0.03 0.03 0.04 
0.04 0.02 0.03 0.03 0.02 0.02 0.02 0.02 0.03 0.02 
0.03 0.03 0.02 0.05 0.05 0.02 0.05 0.04 0.03 0.03 
0.02 0.02 0.04 0.04 0.03 0.03 0.04 0.04 0.03 0.05 
0.05 0.03 0.02 0.02 0.03 0.05 0.04 0.03 0.02 0.04 
0.02 0.02 0.05 0.02 0.05 0.05 0.04 0.04 0.05 0.05 
0.03 0.05 0.03 0.03 0.05 0.05 0.03 0.05 0.05 0.02 
0.02 0.02 0.04 0.04 0.02 0.03 0.05 0.02 0.05 0.04 
0.03 0.04 0.03 0.02 0.04 0.03 0.04 0.02 0.03 0.04 
0.05 0.05 0.03 0.04 0.05 0.05 0.04 0.04 0.05 0.05 
0.03 0.05 0.05 0.02 0.04 0.04 0.05 0.03 0.05 0.03 
0.03 0.03 0.02 0.03 0.04 0.05 0.03 0.03 0.02 0.02 
0.02 0.02 0.03 0.04 0.05 0.04 0.05 0.03 0.05 0.03 
0.02 0.03 0.02 0.03 0.05 0.03 0.03 0.02 0.05 0.02 
0.02 0.04 0.05 0.05 0.05 0.02 0.04 0.04 0.05 0.04 
0.05 0.04 0.03 0.03 0.04 0.05 0.04 0.05 0.04 0.05 
0.03 0.02 0.05 0.02 0.02 0.02 0.04 0.05 0.02 0.05 
0.03 0.02 0.05 0.03 0.03 0.03 0.04 0.03 0.03 0.02 
0.03 0.05 0.03 0.03 0.04 0.04 0.05 0.02 0.03 0.02 
0.02 0.02 0.03 0.04 0.03 0.02 0.03 0.04 0.02 0.05 
0.02 0.03 0.04 0.03 0.03 0.04 0.04 0.05 0.03 0.05 
0.05 0.02 0.04 0.03 0.03 0.02 0.02 0.05 0.04 0.04 
0.04 0.03 0.02 0.03 0.04 0.02 0.02 0.03 0.02 0.02 
0.03 0.02 0.04 0.02 0.03 0.03 0.02 0.05 0.02 0.02 
0.03 0.05 0.02 0.02 0.03 0.03 0.03 0.02 0.03 0.04 
0.03 0.05 0.03 0.03 0.05 0.02 0.04 0.04 0.03 0.02 
0.03 0.02 0.02 0.04 0.02 0.05 0.04 0.04 0.05 0.02 
0.03 0.05 0.02 0.03 0.04 0.03 0.02 0.02 0.05 0.02 
0.05 0.03 0.02 0.02 0.02 0.05 0.04 0.03 0.05 0.05 
0.05 0.03 0.02 0.04 0.03 0.03 0.05 0.05 0.05 0.04 
0.04 0.04 0.04 0.02 0.05 0.05 0.04 0.03 0.03 0.04 
0.04 0.03 0.02 0.04 0.03 0.02 0.05 0.04 0.05 0.04 
0.05 0.03 0.03 0.05 0.03 0.03 0.04 0.04 0.02 0.04 
0.05 0.03 0.02 0.02 0.05 0.03 0.02 0.04 0.04 0.05 
0.03 0.03 0.04 0.04 0.03 0.04 0.05 0.02 0.04 0.05 
0.04 0.05 0.02 0.04 0.05 0.05 0.05 0.02 0.04 0.05 
0.04 0.05 0.05 0.02 0.03 0.05 0.03 0.05 0.02 0.04 
0.04 0.03 0.05 0.05 0.03 0.04 0.03 0.05 0.02 0.02 
0.03 0.05 0.03 0.03 0.03 0.03 0.04 0.03 0.02 0.05 
0.03 0.03 0.04 0.03 0.02 0.05 0.04 0.03 0.02 0.04 
0.03 0.05 0.02 0.05 0.03 0.03 0.02 0.05 0.02 0.02 
0.04 0.03 0.03 0.04 0.05 0.04 0.04 0.04 0.04 0.04 
0.03 0.04 0.04 0.03 0.04 0.04 0.05 0.03 0.04 0.03 
0.03 0.02 0.03 0.04 0.03 0.05 0.02 0.03 0.05 0.05 
0.03 0.02 0.02 0.04 0.05 0.04 0.04 0.05 0.02 0.02 
0.04 0.04 0.03 0.02 0.05 0.03 0.03 0.02 0.02 0.03 
0.05 0.03 0.05 0.02 0.02 0.04 0.05 0.02 0.05 0.04 
0.02 0.02 0.05 0.03 0.02 0.02 0.02 0.04 0.05 0.02 
0.05 0.05 0.04 0.05 0.05 0.05 0.04 0.03 0.05 0.02 
0.05 0.05 0.04 0.02 0.03 0.03 0.05 0.04 0.02 0.02 
0.03 0.05 0.03 0.03 0.04 0.04 0.03 0.04 0.03 0.02 
0.05 0.03 0.05 0.04 0.05 0.04 0.03 0.02 0.05 0.02 
0.02 0.05 0.05 0.05 0.02 0.05 0.02 0.04 0.05 0.05 
0.02 0.03 0.04 0.03 0.02 0.02 0.04 0.02 0.04 0.04 
0.04 0.03 0.04 0.02 0.02 0.04 0.05 0.03 0.03 0.04 
0.04 0.04 0.04 0.05 0.04 0.03 0.05 0.05 0.02 0.03 
0.05 0.03 0.04 0.02 0.03 0.02 0.02 0.03 0.05 0.02 
0.03 0.05 0.03 0.03 0.04 0.05 0.03 0.02 0.05 0.04 
0.03 0.02 0.04 0.05 0.04 0.03 0.04 0.05 0.02 0.04 
0.05 0.02 0.04 0.03 0.02 0.03 0.02 0.03 0.02 0.05 
0.04 0.05 0.05 0.05 0.03 0.04 0.05 0.03 0.03 0.02 
0.04 0.02 0.04 0.03 0.03 0.03 0.02 0.04 0.02 0.04 
0.02 0.05 0.03 0.03 0.05 0.02 0.04 0.02 0.05 0.04 
0.03 0.04 0.03 0.05 0.03 0.02 0.02 0.05 0.03 0.03 
0.02 0.03 0.05 0.03 0.05 0.03 0.05 0.03 0.05 0.02 
0.04 0.05 0.04 0.04 0.05 0.04 0.05 0.04 0.05 0.04 
0.02 0.05 0.02 0.04 0.02 0.04 0.02 0.02 0.05 0.04 
0.05 0.03 0.02 0.03 0.03 0.04 0.02 0.02 0.04 0.02 
0.02 0.02 0.05 0.04 0.05 0.05 0.04 0.05 0.04 0.02 
0.02 0.04 0.05 0.05 0.02 0.04 0.05 0.05 0.04 0.04 
0.03 0.04 0.02 0.03 0.03 0.04 0.02 0.02 0.04 0.05 
0.02 0.05 0.05 0.02 0.05 0.04 0.02 0.02 0.04 0.03 
0.02 0.02 0.04 0.03 0.03 0.02 0.02 0.03 0.04 0.02 
0.02 0.05 0.02 0.05 0.03 0.05 0.02 0.02 0.02 0.02 
0.04 0.05 0.05 0.02 0.04 0.04 0.05 0.05 0.03 0.03 
0.04 0.02 0.02 0.04 0.03 0.04 0.03 0.03 0.05 0.05 
0.02 0.05 0.05 0.04 0.02 0.05 0.02 0.04 0.05 0.02 
0.05 0.03 0.04 0.02 0.04 0.04 0.03 0.02 0.02 0.05 
0.0290988 0.048498 0.0193992 0.048498 0.0290988 0.0290988 0.048498 0.0290988 0.0290988 0.0193992 
0.0290988 0.048498 0.048498 0.0387984 0.0193992 0.0387984 0.0290988 0.0387984 0.0193992 0.048498 
0.0193992 0.0387984 0.0290988 0.048498 0.0290988 0.048498 0.0193992 0.0290988 0.0387984 0.0193992 
0.0387984 0.0193992 0.048498 0.0193992 0.048498 0.0381045 0.0517918 0.0290988 0.0290988 0.0387984 
0.048498 0.0193992 0.0290988 0.0193992 0.0193992 0.048498 0.0387984 0.0290988 0.0290988 0.048498 
0.0387984 0.0193992 0.0290988 0.0193992 0.0701496 0.0193992 0.0290988 0.0387984 0.0193992 0.0387984 
0.0387984 0.048498 0.0193992 0.0582314 0.0193992 0.0387984 0.048498 0.0387984 0.0290988 0.0290988 
0.0387984 0.0387984 0.048498 0.0290988 0.0611078 0.048498 0.0290988 0.0193992 0.0193992 0.0290988 
0.0290988 0.048498 0.048498 0.0387984 0.048498 0.0598855 0.0577609 0.0193992 0.0290988 0.0193992 
0.0290988 0.0290988 0.048498 0.048498 0.048498 0.0387984 0.0193992 0.0387984 0.0290988 0.048498 
0.05 0.03 0.02 0.02 0.03 0.05 0.03 0.02 0.03 0.05 
0.04 0.02 0.02 0.03 0.03 0.02 0.04 0.05 0.02 0.04 
0.05 0.05 0.04 0.05 0.02 0.05 0.05 0.02 0.04 0.04 
0.03 0.05 0.02 0.02 0.03 0.05 0.02 0.04 0.03 0.02 
0.03 0.05 0.05 0.05 0.05 0.03 0.04 0.04 0.05 0.04 
0.02 0.03 0.03 0.02 0.02 0.02 0.03 0.03 0.04 0.03 
0.05 0.05 0.03 0.03 0.05 0.04 0.02 0.03 0.05 0.05 
0.02 0.02 0.05 0.02 0.03 0.02 0.05 0.04 0.05 0.05 
0.02 0.03 0.02 0.02 0.03 0.02 0.03 0.02 0.02 0.04 
0.04 0.03 0.02 0.03 0.02 0.04 0.02 0.05 0.04 0.05 
0.02 0.02 0.05 0.02 0.03 0.03 0.02 0.03 0.03 0.03 
0.03 0.02 0.04 0.03 0.05 0.05 0.04 0.02 0.02 0.03 
0.02 0.02 0.04 0.03 0.03 0.04 0.03 0.02 0.02 0.05 
0.02 0.05 0.05 0.04 0.04 0.04 0.04 0.03 0.02 0.04 
0.04 0.05 0.02 0.03 0.04 0.04 0.04 0.05 0.02 0.03 
0.05 0.04 0.03 0.05 0.05 0.05 0.02 0.04 0.03 0.02 
0.04 0.05 0.02 0.02 0.03 0.03 0.02 0.03 0.03 0.02 
0.03 0.04 0.02 0.04 0.04 0.02 0.03 0.03 0.03 0.04 
0.05 0.05 0.02 0.02 0.02 0.03 0.04 0.03 0.02 0.03 
0.03 0.03 0.05 0.03 0.04 0.05 0.05 0.02 0.02 0.05 
0.02 0.03 0.04 0.02 0.04 0.04 0.05 0.04 0.04 0.05 
0.02 0.02 0.02 0.05 0.02 0.02 0.03 0.02 0.05 0.05 
0.03 0.05 0.05 0.03 0.03 0.03 0.04 0.05 0.04 0.03 
0.02 0.04 0.04 0.04 0.03 0.05 0.02 0.03 0.02 0.05 
0.03 0.03 0.05 0.02 0.05 0.02 0.05 0.02 0.03 0.04 
0.03 0.04 0.04 0.04 0.05 0.03 0.03 0.05 0.04 0.05 
0.02 0.05 0.02 0.03 0.05 0.03 0.02 0.03 0.05 0.02 
0.03 0.05 0.02 0.03 0.04 0.05 0.03 0.04 0.02 0.04 
0.04 0.04 0.05 0.05 0.02 0.03 0.02 0.05 0.04 0.04 
0.04 0.05 0.02 0.05 0.05 0.02 0.05 0.05 0.05 0.05 
0.02 0.03 0.04 0.03 0.03 0.03 0.04 0.03 0.03 0.03 
0.04 0.04 0.04 0.05 0.04 0.04 0.04 0.04 0.04 0.05 
0.05 0.02 0.02 0.04 0.04 0.05 0.03 0.02 0.02 0.05 
0.03 0.02 0.05 0.02 0.05 0.05 0.04 0.04 0.04 0.05 
0.04 0.03 0.04 0.02 0.03 0.05 0.04 0.03 0.04 0.04 
0.03 0.05 0.05 0.02 0.04 0.05 0.05 0.02 0.04 0.04 
0.03 0.04 0.04 0.03 0.04 0.02 0.02 0.02 0.05 0.05 
0.02 0.03 0.04 0.02 0.03 0.02 0.02 0.02 0.02 0.03 
0.05 0.03 0.04 0.04 0.04 0.02 0.05 0.05 0.03 0.03 
0.03 0.05 0.04 0.03 0.02 0.03 0.05 0.04 0.02 0.04 
