0.05 0.04 0.03 0.05 0.04 0.04 0.05 0.03 0.02 0.03 
0.04 0.03 0.04 0.04 0.02 0.02 0.05 0.03 0.02 0.04 
0.04 0.04 0.04 0.04 0.04 0.05 0.02 0.03 0.02 0.03 
0.05 0.03 0.02 0.03 0.04 0.03 0.04 0.05 0.04 0.03 
0.03 0.04 0.05 0.02 0.02 0.04 0.05 0.03 0.05 0.04 
0.02 0.05 0.03 0.05 0.03 0.03 0.05 0.05 0.05 0.05 
0.05 0.04 0.04 0.03 0.02 0.04 0.03 0.02 0.04 0.03 
0.04 0.04 0.02 0.02 0.02 0.02 0.04 0.04 0.04 0.03 
0.04 0.04 0.03 0.03 0.04 0.04 0.02 0.04 0.02 0.04 
0.04 0.05 0.02 0.02 0.03 0.02 0.02 0.02 0.03 0.02 
0.02 0.05 0.03 0.03 0.03 0.03 0.05 0.04 0.02 0.05 
0.02 0.03 0.03 0.03 0.03 0.05 0.03 0.02 0.02 0.03 
0.04 0.05 0.02 0.02 0.03 0.04 0.02 0.05 0.02 0.04 
0.05 0.02 0.05 0.05 0.05 0.03 0.04 0.03 0.02 0.02 
0.05 0.02 0.05 0.05 0.03 0.02 0.02 0.04 0.03 0.05 
0.04 0.05 0.03 0.03 0.03 0.03 0.04 0.04 0.04 0.05 
0.04 0.04 0.03 0.02 0.05 0.02 0.03 0.03 0.04 0.04 
0.04 0.02 0.03 0.05 0.03 0.02 0.02 0.04 0.03 0.03 
0.03 0.02 0.02 0.03 0.04 0.03 0.02 0.02 0.03 0.05 
0.02 0.04 0.05 0.04 0.02 0.05 0.04 0.02 0.04 0.03 
0.04 0.03 0.02 0.02 0.03 0.02 0.02 0.02 0.03 0.05 
0.05 0.03 0.04 0.02 0.04 0.04 0.04 0.03 0.04 0.04 
0.02 0.04 0.02 0.04 0.02 0.04 0.02 0.05 0.04 0.04 
0.05 0.03 0.04 0.04 0.05 0.04 0.04 0.02 0.02 0.02 
0.02 0.05 0.03 0.04 0.05 0.03 0.03 0.05 0.02 0.04 
0.03 0.02 0.03 0.02 0.05 0.03 0.02 0.02 0.02 0.02 
0.02 0.05 0.03 0.04 0.04 0.04 0.05 0.04 0.02 0.04 
0.03 0.02 0.05 0.04 0.02 0.05 0.02 0.05 0.05 0.05 
0.03 0.02 0.05 0.05 0.03 0.05 0.02 0.05 0.05 0.04 
0.02 0.02 0.02 0.02 0.05 0.05 0.05 0.03 0.04 0.02 
0.03 0.05 0.03 0.04 0.05 0.03 0.02 0.03 0.02 0.04 
0.05 0.04 0.05 0.03 0.05 0.02 0.03 0.02 0.05 0.05 
0.02 0.03 0.03 0.02 0.05 0.03 0.02 0.04 0.02 0.03 
0.05 0.04 0.02 0.03 0.02 0.05 0.04 0.02 0.03 0.03 
0.05 0.02 0.04 0.05 0.02 0.02 0.02 0.04 0.05 0.02 
0.02 0.04 0.04 0.02 0.04 0.02 0.05 0.05 0.02 0.04 
0.03 0.05 0.05 0.02 0.02 0.02 0.05 0.03 0.02 0.04 
0.02 0.05 0.02 0.04 0.05 0.03 0.03 0.04 0.03 0.03 
0.02 0.05 0.05 0.02 0.05 0.03 0.05 0.02 0.04 0.02 
0.05 0.04 0.03 0.05 0.03 0.03 0.05 0.02 0.03 0.05 
0.04 0.05 0.05 0.02 0.03 0.02 0.05 0.05 0.04 0.04 
0.02 0.04 0.04 0.03 0.02 0.04 0.04 0.03 0.02 0.02 
0.05 0.05 0.02 0.02 0.05 0.05 0.05 0.02 0.05 0.03 
0.03 0.02 0.05 0.04 0.02 0.02 0.03 0.03 0.04 0.03 
0.02 0.05 0.03 0.05 0.02 0.05 0.03 0.05 0.05 0.03 
0.05 0.05 0.02 0.03 0.02 0.05 0.03 0.03 0.04 0.05 
0.05 0.05 0.04 0.03 0.05 0.05 0.03 0.02 0.03 0.05 
0.05 0.04 0.05 0.05 0.04 0.04 0.05 0.05 0.04 0.05 
0.05 0.05 0.05 0.05 0.05 0.04 0.04 0.05 0.05 0.02 
0.03 0.04 0.04 0.05 0.02 0.04 0.03 0.02 0.04 0.05 
0.03 0.02 0.02 0.05 0.04 0.02 0.02 0.02 0.03 0.03 
0.05 0.04 0.02 0.05 0.04 0.04 0.02 0.04 0.03 0.05 
0.02 0.02 0.02 0.02 0.03 0.04 0.05 0.04 0.04 0.04 
0.04 0.03 0.04 0.03 0.02 0.05 0.04 0.03 0.03 0.05 
0.02 0.03 0.02 0.02 0.05 0.04 0.03 0.02 0.03 0.05 
0.03 0.04 0.05 0.05 0.02 0.04 0.04 0.05 0.02 0.03 
0.04 0.03 0.04 0.03 0.04 0.04 0.04 0.02 0.04 0.04 
0.04 0.02 0.02 0.03 0.02 0.03 0.02 0.04 0.05 0.03 
0.03 0.03 0.04 0.05 0.05 0.02 0.02 0.02 0.03 0.05 
0.02 0.04 0.02 0.03 0.03 0.05 0.04 0.03 0.05 0.04 
0.05 0.04 0.05 0.04 0.05 0.02 0.05 0.02 0.03 0.05 
0.03 0.03 0.02 0.02 0.03 0.04 0.03 0.03 0.04 0.04 
0.02 0.02 0.05 0.04 0.03 0.03 0.05 0.05 0.02 0.05 
0.05 0.03 0.03 0.03 0.04 0.03 0.04 0.02 0.05 0.05 
0.04 0.04 0.02 0.05 0.03 0.02 0.02 0.02 0.05 0.02 
0.03 0.02 0.03 0.04 0.03 0.05 0.03 0.03 0.02 0.03 
0.03 0.03 0.03 0.05 0.03 0.02 0.04 0.05 0.04 0.05 
0.05 0.05 0.02 0.02 0.05 0.03 0.05 0.05 0.02 0.02 
0.03 0.05 0.02 0.02 0.04 0.05 0.02 0.02 0.05 0.03 
0.05 0.03 0.03 0.02 0.03 0.05 0.04 0.03 0.05 0.05 
0.05 0.03 0.04 0.05 0.02 0.02 0.02 0.05 0.03 0.04 
0.03 0.03 0.04 0.02 0.03 0.03 0.03 0.05 0.02 0.03 
0.04 0.03 0.04 0.04 0.05 0.03 0.04 0.05 0.03 0.03 
0.03 0.03 0.02 0.04 0.02 0.05 0.03 0.03 0.05 0.02 
0.02 0.02 0.03 0.05 0.03 0.03 0.05 0.02 0.04 0.03 
0.05 0.03 0.04 0.03 0.04 0.02 0.03 0.04 0.03 0.04 
0.04 0.04 0.02 0.02 0.04 0.05 0.03 0.05 0.03 0.02 
0.03 0.03 0.03 0.02 0.03 0.05 0.02 0.02 0.04 0.02 
0.04 0.03 0.02 0.02 0.05 0.03 0.03 0.02 0.02 0.02 
0.04 0.05 0.04 0.05 0.02 0.03 0.05 0.05 0.04 0.05 
0.05 0.02 0.03 0.02 0.04 0.04 0.03 0.02 0.04 0.05 
0.02 0.05 0.02 0.03 0.04 0.02 0.03 0.05 0.04 0.04 
0.03 0.05 0.04 0.04 0.02 0.02 0.05 0.02 0.03 0.03 
0.03 0.04 0.02 0.02 0.05 0.03 0.05 0.03 0.02 0.02 
0.04 0.03 0.05 0.03 0.02 0.04 0.05 0.02 0.04 0.04 
0.04 0.03 0.05 0.04 0.03 0.05 0.03 0.05 0.04 0.05 
0.04 0.03 0.03 0.02 0.03 0.04 0.02 0.02 0.05 0.04 
0.05 0.05 0.05 0.04 0.03 0.05 0.02 0.02 0.03 0.04 
0.02 0.03 0.05 0.04 0.05 0.05 0.02 0.05 0.02 0.03 
0.05 0.03 0.05 0.03 0.04 0.02 0.03 0.04 0.04 0.03 
0.05 0.05 0.02 0.05 0.04 0.02 0.04 0.05 0.03 0.05 
0.04 0.02 0.02 0.05 0.05 0.03 0.03 0.05 0.02 0.04 
0.02 0.02 0.04 0.05 0.02 0.05 0.04 0.05 0.04 0.02 
0.04 0.05 0.05 0.04 0.03 0.04 0.04 0.05 0.03 0.02 
0.04 0.03 0.05 0.03 0.05 0.05 0.05 0.05 0.03 0.03 
0.05 0.03 0.04 0.04 0.04 0.04 0.04 0.05 0.05 0.04 
0.05 0.05 0.02 0.02 0.04 0.05 0.04 0.04 0.04 0.05 
0.04 0.04 0.05 0.05 0.02 0.04 0.04 0.05 0.04 0.03 
0.02 0.02 0.02 0.05 0.02 0.03 0.05 0.03 0.05 0.05 
0.04 0.03 0.02 0.02 0.04 0.02 0.05 0.04 0.02 0.03 
0.05 0.05 0.04 0.02 0.03 0.04 0.02 0.03 0.05 0.04 
0.04 0.02 0.05 0.05 0.04 0.04 0.02 0.02 0.03 0.03 
0.02 0.04 0.02 0.05 0.02 0.04 0.03 0.04 0.03 0.03 
0.02 0.02 0.03 0.02 0.02 0.02 0.05 0.05 0.04 0.02 
0.05 0.05 0.02 0.04 0.02 0.05 0.03 0.02 0.02 0.05 
0.05 0.02 0.04 0.05 0.03 0.04 0.02 0.04 0.05 0.04 
0.05 0.05 0.02 0.04 0.04 0.02 0.05 0.05 0.04 0.04 
0.04 0.03 0.02 0.04 0.04 0.03 0.05 0.05 0.04 0.02 
0.02 0.04 0.04 0.04 0.03 0.03 0.05 0.03 0.05 0.02 
0.03 0.02 0.03 0.05 0.05 0.05 0.05 0.05 0.04 0.02 
0.03 0.02 0.03 0.03 0.04 0.04 0.05 0.02 0.04 0.04 
0.04 0.02 0.05 0.02 0.03 0.03 0.02 0.04 0.02 0.05 
0.04 0.03 0.04 0.05 0.05 0.02 0.04 0.04 0.05 0.05 
0.02 0.04 0.05 0.02 0.04 0.05 0.02 0.02 0.05 0.04 
0.05 0.04 0.03 0.04 0.02 0.05 0.02 0.03 0.02 0.05 
0.05 0.05 0.02 0.02 0.05 0.05 0.02 0.04 0.03 0.02 
0.05 0.02 0.03 0.04 0.04 0.04 0.04 0.02 0.02 0.02 
0.02 0.02 0.03 0.04 0.05 0.03 0.03 0.05 0.02 0.05 
0.04 0.04 0.05 0.03 0.02 0.04 0.05 0.02 0.02 0.05 
0.02 0.03 0.04 0.04 0.03 0.03 0.04 0.05 0.04 0.03 
0.02 0.04 0.03 0.03 0.02 0.02 0.03 0.05 0.04 0.04 
0.05 0.02 0.03 0.02 0.03 0.04 0.03 0.04 0.04 0.04 
0.03 0.05 0.02 0.02 0.02 0.05 0.05 0.03 0.04 0.05 
0.02 0.04 0.05 0.04 0.05 0.04 0.03 0.05 0.05 0.03 
0.04 0.03 0.03 0.02 0.05 0.02 0.02 0.05 0.02 0.05 
0.04 0.02 0.05 0.05 0.02 0.05 0.03 0.05 0.04 0.05 
0.04 0.05 0.05 0.05 0.05 0.05 0.04 0.04 0.04 0.04 
0.03 0.03 0.02 0.04 0.04 0.03 0.03 0.03 0.03 0.02 
0.02 0.04 0.02 0.02 0.02 0.02 0.05 0.04 0.02 0.03 
0.05 0.05 0.03 0.02 0.03 0.04 0.02 0.04 0.03 0.04 
0.03 0.03 0.04 0.02 0.04 0.02 0.02 0.05 0.05 0.03 
0.02 0.02 0.05 0.05 0.04 0.02 0.02 0.05 0.03 0.05 
0.03 0.04 0.05 0.02 0.04 0.03 0.05 0.04 0.05 0.05 
0.03 0.02 0.02 0.04 0.02 0.05 0.05 0.02 0.02 0.05 
0.04 0.04 0.04 0.02 0.05 0.03 0.03 0.04 0.04 0.05 
0.05 0.03 0.04 0.03 0.05 0.05 0.03 0.04 0.05 0.02 
0.02 0.05 0.02 0.05 0.04 0.05 0.05 0.04 0.05 0.05 
0.02 0.04 0.02 0.02 0.02 0.04 0.02 0.02 0.05 0.04 
0.05 0.03 0.04 0.05 0.05 0.02 0.02 0.02 0.05 0.02 
0.04 0.05 0.03 0.04 0.05 0.04 0.04 0.03 0.04 0.02 
0.02 0.05 0.03 0.04 0.03 0.04 0.02 0.02 0.03 0.04 
0.04 0.05 0.05 0.03 0.02 0.05 0.03 0.05 0.04 0.05 
0.05 0.05 0.03 0.03 0.02 0.04 0.04 0.04 0.04 0.03 
0.05 0.02 0.05 0.05 0.05 0.03 0.04 0.04 0.03 0.03 
0.03 0.04 0.02 0.04 0.05 0.04 0.03 0.02 0.04 0.04 
0.02 0.05 0.04 0.03 0.03 0.03 0.02 0.04 0.05 0.03 
0.04 0.04 0.04 0.02 0.03 0.03 0.02 0.04 0.04 0.03 
0.03 0.04 0.04 0.02 0.02 0.05 0.02 0.04 0.04 0.02 
0.02 0.03 0.04 0.05 0.05 0.02 0.03 0.05 0.04 0.02 
0.03 0.05 0.05 0.02 0.03 0.02 0.05 0.05 0.02 0.05 
0.03 0.04 0.03 0.05 0.05 0.05 0.03 0.05 0.05 0.05 
0.03 0.04 0.04 0.03 0.03 0.05 0.05 0.04 0.04 0.05 
0.02 0.04 0.05 0.05 0.04 0.03 0.02 0.02 0.04 0.04 
0.02 0.02 0.02 0.02 0.03 0.05 0.04 0.05 0.04 0.05 
0.03 0.05 0.02 0.02 0.02 0.03 0.04 0.02 0.05 0.02 
0.02 0.04 0.02 0.05 0.04 0.02 0.02 0.03 0.04 0.05 
0.02 0.05 0.03 0.04 0.02 0.03 0.04 0.03 0.05 0.02 
0.03 0.05 0.02 0.05 0.02 0.04 0.05 0.02 0.05 0.02 
0.03 0.03 0.02 0.03 0.03 0.03 0.04 0.03 0.02 0.03 
0.05 0.02 0.04 0.03 0.02 0.04 0.04 0.03 0.03 0.02 
0.02 0.03 0.05 0.05 0.02 0.02 0.02 0.04 0.03 0.03 
0.05 0.05 0.02 0.02 0.05 0.05 0.02 0.03 0.03 0.02 
0.04 0.03 0.04 0.02 0.03 0.04 0.04 0.04 0.05 0.05 
0.03 0.04 0.05 0.03 0.05 0.02 0.03 0.03 0.02 0.05 
0.02 0.02 0.03 0.02 0.03 0.04 0.03 0.02 0.05 0.02 
0.02 0.02 0.03 0.04 0.02 0.02 0.05 0.02 0.05 0.05 
0.04 0.05 0.02 0.02 0.05 0.02 0.02 0.04 0.04 0.02 
0.05 0.03 0.05 0.05 0.03 0.03 0.05 0.05 0.04 0.05 
0.02 0.04 0.04 0.02 0.02 0.04 0.05 0.02 0.04 0.04 
0.03 0.03 0.02 0.03 0.03 0.03 0.04 0.04 0.02 0.02 
0.04 0.05 0.03 0.03 0.03 0.02 0.05 0.04 0.03 0.03 
0.03 0.04 0.04 0.04 0.03 0.02 0.04 0.04 0.02 0.03 
0.03 0.03 0.05 0.03 0.05 0.03 0.02 0.03 0.05 0.03 
0.03 0.03 0.05 0.05 0.04 0.03 0.03 0.02 0.02 0.03 
0.03 0.03 0.05 0.03 0.04 0.05 0.02 0.03 0.05 0.04 
0.04 0.05 0.04 0.05 0.02 0.02 0.02 0.05 0.04 0.04 
0.03 0.03 0.02 0.04 0.02 0.04 0.05 0.03 0.03 0.04 
0.02 0.04 0.04 0.02 0.03 0.02 0.03 0.03 0.02 0.02 
0.02 0.03 0.04 0.05 0.03 0.05 0.04 0.02 0.04 0.04 
0.04 0.02 0.03 0.02 0.02 0.03 0.04 0.02 0.05 0.04 
0.05 0.02 0.02 0.03 0.04 0.03 0.03 0.02 0.04 0.05 
0.02 0.04 0.04 0.02 0.03 0.03 0.04 0.02 0.02 0.03 
0.04 0.05 0.05 0.03 0.03 0.02 0.05 0.02 0.05 0.05 
0.04 0.04 0.03 0.04 0.05 0.05 0.04 0.05 0.04 0.02 
0.03 0.03 0.03 0.02 0.02 0.02 0.04 0.05 0.03 0.03 
0.04 0.04 0.03 0.03 0.02 0.04 0.03 0.05 0.02 0.03 
0.05 0.05 0.05 0.05 0.02 0.04 0.03 0.05 0.03 0.02 
0.05 0.05 0.02 0.04 0.02 0.03 0.04 0.05 0.03 0.05 
0.02 0.04 0.02 0.05 0.05 0.03 0.04 0.04 0.05 0.02 
0.05 0.02 0.04 0.05 0.05 0.04 0.05 0.02 0.03 0.05 
0.02 0.04 0.03 0.02 0.02 0.04 0.03 0.03 0.03 0.04 
0.03 0.04 0.05 0.03 0.03 0.04 0.02 0.05 0.05 0.05 
0.04 0.04 0.03 0.02 0.04 0.02 0.02 0.03 0.03 0.05 
0.04 0.05 0.02 0.03 0.02 0.05 0.02 0.05 0.03 0.05 
0.02 0.02 0.04 0.03 0.05 0.03 0.02 0.05 0.02 0.02 
0.03 0.02 0.04 0.05 0.03 0.05 0.02 0.03 0.02 0.05 
0.05 0.05 0.04 0.05 0.04 0.05 0.02 0.02 0.02 0.02 
0.03 0.03 0.03 0.03 0.04 0.05 0.04 0.03 0.03 0.03 
0.02 0.05 0.04 0.02 0.03 0.05 0.05 0.04 0.04 0.05 
0.02 0.04 0.03 0.02 0.04 0.04 0.05 0.03 0.03 0.03 
0.02 0.02 0.03 0.04 0.04 0.05 0.04 0.04 0.03 0.05 
0.03 0.04 0.05 0.05 0.02 0.03 0.05 0.02 0.05 0.03 
0.02 0.04 0.03 0.02 0.03 0.05 0.05 0.02 0.04 0.05 
0.02 0.02 0.05 0.04 0.05 0.04 0.03 0.03 0.02 0.05 
0.02 0.05 0.02 0.04 0.05 0.04 0.03 0.04 0.03 0.04 
0.04 0.02 0.04 0.03 0.02 0.03 0.03 0.02 0.03 0.04 
0.03 0.04 0.02 0.05 0.02 0.05 0.02 0.04 0.03 0.05 
0.05 0.05 0.03 0.03 0.04 0.05 0.03 0.05 0.04 0.04 
0.02 0.04 0.04 0.05 0.05 0.02 0.04 0.04 0.02 0.03 
0.04 0.04 0.02 0.02 0.03 0.05 0.05 0.02 0.05 0.03 
0.02 0.05 0.03 0.03 0.04 0.03 0.02 0.04 0.05 0.04 
0.05 0.04 0.05 0.02 0.05 0.04 0.05 0.05 0.05 0.02 
0.03 0.04 0.04 0.05 0.04 0.05 0.04 0.04 0.03 0.02 
0.02 0.02 0.04 0.04 0.03 0.02 0.04 0.04 0.02 0.05 
0.02 0.02 0.04 0.04 0.05 0.03 0.02 0.03 0.05 0.03 
0.02 0.03 0.04 0.03 0.03 0.03 0.04 0.05 0.05 0.05 
0.04 0.02 0.02 0.03 0.04 0.02 0.05 0.05 0.03 0.05 
0.04 0.03 0.05 0.04 0.04 0.03 0.04 0.04 0.03 0.03 
0.05 0.02 0.05 0.04 0.05 0.04 0.03 0.05 0.04 0.02 
0.03 0.05 0.02 0.04 0.04 0.05 0.03 0.03 0.03 0.05 
0.05 0.05 0.03 0.03 0.03 0.05 0.04 0.05 0.04 0.05 
0.02 0.05 0.02 0.02 0.04 0.04 0.05 0.04 0.03 0.05 
0.02 0.05 0.02 0.02 0.03 0.04 0.03 0.03 0.02 0.05 
0.04 0.03 0.03 0.04 0.04 0.04 0.05 0.03 0.05 0.03 
0.04 0.04 0.02 0.05 0.03 0.05 0.04 0.05 0.03 0.04 
0.04 0.04 0.05 0.02 0.05 0.03 0.02 0.03 0.03 0.04 
0.04 0.02 0.04 0.02 0.03 0.04 0.04 0.05 0.02 0.02 
0.04 0.05 0.05 0.04 0.04 0.04 0.05 0.05 0.03 0.03 
0.03 0.04 0.05 0.05 0.03 0.05 0.03 0.03 0.04 0.04 
0.04 0.04 0.03 0.05 0.05 0.04 0.05 0.03 0.05 0.02 
0.03 0.05 0.02 0.03 0.03 0.04 0.03 0.02 0.04 0.04 
0.03 0.03 0.04 0.03 0.02 0.05 0.02 0.05 0.03 0.03 
0.02 0.05 0.02 0.03 0.04 0.03 0.03 0.03 0.02 0.02 
0.02 0.05 0.02 0.03 0.03 0.04 0.02 0.04 0.02 0.05 
0.02 0.05 0.05 0.03 0.05 0.04 0.02 0.04 0.05 0.03 
0.04 0.02 0.05 0.02 0.03 0.03 0.03 0.04 0.04 0.03 
0.05 0.02 0.03 0.03 0.03 0.05 0.04 0.04 0.04 0.02 
0.03 0.04 0.05 0.02 0.03 0.03 0.04 0.05 0.04 0.04 
0.04 0.04 0.02 0.03 0.02 0.03 0.04 0.04 0.03 0.02 
0.04 0.05 0.05 0.03 0.05 0.04 0.05 0.03 0.05 0.03 
0.04 0.02 0.04 0.05 0.04 0.05 0.03 0.02 0.04 0.05 
0.03 0.03 0.05 0.04 0.02 0.04 0.02 0.05 0.02 0.02 
0.02 0.02 0.03 0.04 0.03 0.03 0.03 0.03 0.04 0.03 
0.02 0.05 0.04 0.02 0.04 0.03 0.05 0.04 0.05 0.05 
0.04 0.02 0.03 0.05 0.02 0.03 0.02 0.05 0.05 0.03 
0.04 0.05 0.02 0.04 0.02 0.04 0.05 0.02 0.04 0.02 
0.05 0.02 0.03 0.02 0.02 0.05 0.03 0.04 0.04 0.04 
0.04 0.05 0.05 0.03 0.03 0.02 0.02 0.03 0.05 0.02 
0.03 0.02 0.04 0.05 0.03 0.04 0.05 0.02 0.05 0.02 
0.02 0.04 0.03 0.05 0.05 0.02 0.05 0.03 0.03 0.03 
0.02 0.05 0.03 0.02 0.02 0.05 0.04 0.03 0.03 0.03 
0.02 0.05 0.04 0.05 0.03 0.04 0.03 0.03 0.02 0.03 
0.04 0.02 0.05 0.02 0.04 0.05 0.02 0.03 0.02 0.03 
0.03 0.03 0.02 0.04 0.04 0.04 0.03 0.03 0.02 0.02 
0.02 0.04 0.02 0.03 0.04 0.03 0.04 0.05 0.04 0.02 
0.05 0.04 0.04 0.02 0.05 0.04 0.05 0.03 0.03 0.04 
0.04 0.05 0.03 0.05 0.03 0.03 0.02 0.04 0.05 0.03 
0.05 0.03 0.02 0.04 0.02 0.05 0.03 0.02 0.04 0.02 
0.02 0.04 0.05 0.04 0.05 0.02 0.03 0.03 0.03 0.03 
0.04 0.04 0.05 0.04 0.05 0.02 0.04 0.05 0.05 0.03 
0.02 0.02 0.05 0.03 0.03 0.05 0.04 0.02 0.02 0.05 
0.04 0.04 0.03 0.03 0.04 0.05 0.04 0.02 0.05 0.03 
0.05 0.05 0.05 0.05 0.03 0.04 0.02 0.04 0.03 0.05 
0.03 0.03 0.02 0.02 0.04 0.03 0.03 0.05 0.03 0.02 
0.05 0.05 0.05 0.05 0.05 0.04 0.05 0.03 0.02 0.05 
0.03 0.05 0.05 0.03 0.04 0.02 0.04 0.05 0.02 0.03 
0.03 0.04 0.03 0.03 0.02 0.05 0.03 0.03 0.03 0.03 
0.04 0.02 0.04 0.05 0.05 0.02 0.03 0.02 0.04 0.05 
0.05 0.05 0.05 0.03 0.04 0.02 0.04 0.02 0.03 0.03 
0.04 0.03 0.02 0.03 0.04 0.03 0.03 0.04 0.03 0.04 
0.05 0.05 0.05 0.05 0.04 0.02 0.02 0.03 0.04 0.02 
0.03 0.05 0.05 0.04 0.03 0.05 0.02 0.03 0.05 0.03 
0.04 0.05 0.02 0.03 0.02 0.03 0.02 0.02 0.04 0.05 
0.05 0.02 0.03 0.02 0.04 0.04 0.05 0.04 0.03 0.03 
0.04 0.03 0.03 0.04 0.05 0.02 0.03 0.03 0.04 0.02 
0.02 0.05 0.03 0.02 0.02 0.04 0.05 0.03 0.05 0.04 
0.02 0.05 0.03 0.03 0.03 0.05 0.05 0.04 0.05 0.03 
0.03 0.02 0.05 0.02 0.03 0.03 0.02 0.02 0.03 0.02 
0.02 0.03 0.05 0.05 0.03 0.02 0.05 0.03 0.05 0.02 
0.04 0.02 0.04 0.05 0.02 0.02 0.03 0.04 0.03 0.05 
0.02 0.05 0.04 0.05 0.02 0.02 0.05 0.03 0.05 0.04 
0.03 0.03 0.05 0.04 0.04 0.04 0.02 0.05 0.02 0.03 
0.05 0.02 0.05 0.05 0.05 0.02 0.04 0.04 0.02 0.03 
0.02 0.03 0.05 0.03 0.03 0.02 0.05 0.05 0.03 0.02 
0.04 0.02 0.02 0.03 0.02 0.05 0.03 0.03 0.03 0.03 
0.02 0.03 0.02 0.03 0.04 0.04 0.04 0.03 0.05 0.05 
0.04 0.03 0.02 0.05 0.03 0.04 0.03 0.04 0.02 0.05 
0.02 0.05 0.04 0.05 0.04 0.04 0.03 0.04 0.02 0.04 
0.05 0.03 0.04 0.04 0.05 0.02 0.04 0.05 0.04 0.03 
0.02 0.05 0.02 0.03 0.03 0.04 0.03 0.04 0.02 0.03 
0.04 0.02 0.03 0.05 0.03 0.03 0.02 0.05 0.04 0.03 
0.03 0.04 0.04 0.03 0.03 0.02 0.05 0.04 0.05 0.02 
0.04 0.02 0.04 0.04 0.05 0.02 0.04 0.02 0.03 0.03 
0.04 0.04 0.05 0.04 0.02 0.05 0.02 0.02 0.04 0.02 
0.04 0.02 0.02 0.04 0.02 0.03 0.02 0.02 0.02 0.02 
0.05 0.02 0.03 0.02 0.02 0.02 0.05 0.02 0.05 0.02 
0.03 0.05 0.02 0.03 0.03 0.04 0.04 0.03 0.04 0.02 
0.04 0.03 0.03 0.05 0.02 0.04 0.02 0.03 0.02 0.05 
0.03 0.03 0.03 0.02 0.04 0.03 0.05 0.03 0.02 0.05 
0.02 0.05 0.02 0.03 0.03 0.02 0.03 0.03 0.03 0.03 
0.03 0.02 0.02 0.03 0.02 0.03 0.03 0.05 0.05 0.03 
0.04 0.03 0.03 0.02 0.02 0.03 0.05 0.05 0.04 0.05 
0.04 0.05 0.02 0.03 0.04 0.05 0.05 0.03 0.05 0.02 
0.04 0.03 0.04 0.05 0.04 0.04 0.04 0.02 0.05 0.05 
0.03 0.02 0.04 0.02 0.02 0.03 0.02 0.02 0.05 0.04 
0.04 0.03 0.03 0.05 0.03 0.02 0.04 0.02 0.05 0.03 
0.05 0.03 0.05 0.05 0.05 0.03 0.05 0.04 0.02 0.02 
0.03 0.02 0.02 0.04 0.03 0.04 0.03 0.02 0.04 0.02 
0.03 0.02 0.02 0.03 0.05 0.04 0.02 0.02 0.05 0.03 
0.05 0.04 0.03 0.03 0.04 0.02 0.04 0.03 0.05 0.02 
0.05 0.03 0.05 0.05 0.04 0.04 0.05 0.04 0.05 0.05 
0.02 0.04 0.03 0.02 0.05 0.04 0.05 0.02 0.02 0.02 
0.04 0.04 0.03 0.03 0.03 0.02 0.04 0.02 0.02 0.04 
0.05 0.04 0.05 0.04 0.05 0.03 0.03 0.05 0.05 0.03 
0.02 0.04 0.05 0.03 0.02 0.03 0.02 0.04 0.03 0.05 
0.02 0.02 0.04 0.03 0.05 0.05 0.03 0.03 0.04 0.04 
0.04 0.05 0.04 0.02 0.03 0.03 0.04 0.04 0.04 0.02 
0.04 0.03 0.04 0.05 0.05 0.04 0.05 0.02 0.04 0.05 
0.03 0.05 0.05 0.05 0.04 0.04 0.04 0.04 0.04 0.05 
0.04 0.04 0.02 0.04 0.04 0.05 0.03 0.04 0.03 0.03 
0.05 0.05 0.04 0.02 0.04 0.05 0.05 0.03 0.04 0.02 
0.03 0.05 0.05 0.05 0.05 0.05 0.02 0.04 0.02 0.04 
0.02 0.05 0.04 0.04 0.02 0.04 0.04 0.05 0.03 0.02 
0.03 0.04 0.04 0.03 0.05 0.02 0.04 0.03 0.04 0.02 
0.04 0.03 0.05 0.03 0.03 0.03 0.02 0.05 0.04 0.05 
0.03 0.02 0.04 0.03 0.03 0.03 0.03 0.04 0.03 0.05 
0.05 0.03 0.03 0.04 0.02 0.04 0.02 0.04 0.03 0.04 
0.02 0.03 0.04 0.05 0.03 0.05 0.02 0.02 0.03 0.03 
0.05 0.03 0.03 0.03 0.02 0.04 0.05 0.03 0.03 0.05 
0.02 0.03 0.05 0.05 0.04 0.02 0.05 0.03 0.05 0.04 
0.02 0.03 0.02 0.03 0.03 0.04 0.04 0.02 0.03 0.03 
0.04 0.04 0.05 0.02 0.04 0.05 0.03 0.02 0.02 0.04 
0.04 0.03 0.03 0.05 0.05 0.04 0.02 0.02 0.03 0.04 
0.04 0.04 0.02 0.03 0.03 0.02 0.02 0.03 0.02 0.02 
0.04 0.05 0.05 0.04 0.05 0.04 0.04 0.05 0.05 0.02 
0.05 0.03 0.04 0.05 0.02 0.04 0.04 0.02 0.05 0.03 
0.05 0.02 0.02 0.04 0.03 0.02 0.04 0.03 0.02 0.04 
0.04 0.02 0.05 0.02 0.04 0.03 0.03 0.05 0.03 0.05 
0.05 0.02 0.02 0.02 0.02 0.04 0.02 0.02 0.04 0.05 
0.02 0.04 0.03 0.03 0.03 0.02 0.03 0.04 0.03 0.02 
0.02 0.03 0.02 0.03 0.03 0.02 0.05 0.05 0.05 0.03 
0.05 0.03 0.02 0.03 0.04 0.04 0.03 0.02 0.05 0.05 
0.04 0.02 0.04 0.03 0.03 0.03 0.05 0.04 0.03 0.05 
0.04 0.02 0.02 0.02 0.02 0.02 0.05 0.05 0.02 0.04 
0.05 0.04 0.03 0.02 0.03 0.03 0.02 0.02 0.02 0.02 
0.02 0.04 0.02 0.03 0.03 0.02 0.02 0.02 0.04 0.03 
0.05 0.05 0.03 0.03 0.04 0.03 0.03 0.05 0.04 0.04 
0.04 0.02 0.04 0.03 0.04 0.02 0.02 0.04 0.05 0.03 
0.03 0.04 0.04 0.02 0.03 0.05 0.03 0.04 0.03 0.05 
0.03 0.02 0.04 0.03 0.05 0.02 0.02 0.04 0.04 0.02 
0.03 0.05 0.04 0.02 0.05 0.05 0.04 0.02 0.02 0.05 
0.03 0.03 0.04 0.02 0.05 0.04 0.04 0.05 0.02 0.04 
0.05 0.04 0.05 0.04 0.05 0.04 0.03 0.05 0.02 0.03 
0.04 0.04 0.03 0.05 0.05 0.02 0.05 0.04 0.03 0.04 
0.04 0.02 0.03 0.02 0.03 0.03 0.03 0.04 0.03 0.03 
0.03 0.05 0.04 0.04 0.04 0.02 0.05 0.05 0.02 0.04 
0.04 0.03 0.05 0.05 0.05 0.04 0.03 0.05 0.04 0.04 
0.02 0.05 0.04 0.04 0.05 0.03 0.02 0.05 0.05 0.02 
0.04 0.03 0.02 0.02 0.05 0.02 0.03 0.02 0.03 0.05 
0.04 0.05 0.03 0.04 0.04 0.04 0.02 0.03 0.04 0.04 
0.03 0.03 0.02 0.02 0.05 0.04 0.04 0.02 0.04 0.04 
0.03 0.02 0.02 0.05 0.03 0.04 0.03 0.04 0.04 0.03 
0.04 0.03 0.03 0.05 0.02 0.02 0.05 0.04 0.05 0.02 
0.02 0.05 0.04 0.05 0.04 0.05 0.04 0.04 0.03 0.05 
0.04 0.02 0.05 0.05 0.04 0.02 0.05 0.05 0.03 0.05 
0.02 0.05 0.04 0.04 0.02 0.02 0.02 0.05 0.02 0.04 
0.03 0.03 0.04 0.05 0.05 0.04 0.02 0.03 0.04 0.02 
0.02 0.03 0.05 0.03 0.04 0.04 0.03 0.03 0.02 0.02 
0.02 0.03 0.04 0.05 0.02 0.04 0.02 0.02 0.05 0.04 
0.02 0.02 0.04 0.05 0.04 0.05 0.02 0.05 0.03 0.04 
0.05 0.05 0.02 0.02 0.03 0.02 0.04 0.02 0.02 0.03 
0.03 0.04 0.02 0.04 0.02 0.02 0.04 0.03 0.03 0.03 
0.04 0.02 0.04 0.05 0.04 0.04 0.04 0.04 0.03 0.05 
0.03 0.03 0.03 0.03 0.04 0.03 0.04 0.05 0.05 0.03 
0.03 0.03 0.03 0.05 0.04 0.03 0.02 0.02 0.05 0.02 
0.04 0.04 0.03 0.02 0.05 0.05 0.03 0.03 0.04 0.04 
0.02 0.02 0.05 0.02 0.05 0.03 0.05 0.04 0.02 0.03 
0.03 0.05 0.04 0.03 0.04 0.03 0.02 0.03 0.02 0.03 
0.04 0.04 0.04 0.02 0.02 0.04 0.04 0.05 0.02 0.02 
0.03 0.04 0.05 0.03 0.03 0.05 0.05 0.05 0.03 0.05 
0.03 0.02 0.02 0.05 0.02 0.02 0.05 0.02 0.03 0.03 
0.05 0.05 0.02 0.02 0.03 0.05 0.02 0.05 0.02 0.05 
0.04 0.05 0.03 0.03 0.05 0.05 0.05 0.05 0.04 0.05 
0.02 0.02 0.03 0.04 0.05 0.02 0.02 0.05 0.02 0.04 
0.04 0.02 0.04 0.05 0.04 0.04 0.03 0.04 0.02 0.04 
0.02 0.03 0.02 0.05 0.02 0.02 0.02 0.04 0.03 0.02 
0.03 0.05 0.05 0.05 0.04 0.03 0.04 0.04 0.05 0.04 
0.03 0.02 0.05 0.04 0.02 0.02 0.02 0.02 0.03 0.03 
0.02 0.04 0.02 0.02 0.05 0.04 0.04 0.03 0.03 0.05 
0.02 0.04 0.02 0.04 0.04 0.05 0.05 0.02 0.02 0.03 
0.02 0.04 0.03 0.03 0.03 0.02 0.05 0.02 0.02 0.03 
0.04 0.02 0.02 0.02 0.05 0.04 0.04 0.03 0.02 0.05 
0.02 0.03 0.02 0.04 0.03 0.02 0.04 0.05 0.02 0.03 
0.03 0.04 0.04 0.05 0.03 0.03 0.04 0.05 0.03 0.05 
0.03 0.03 0.04 0.02 0.04 0.04 0.04 0.05 0.05 0.03 
0.05 0.03 0.03 0.02 0.03 0.05 0.03 0.04 0.04 0.03 
0.02 0.04 0.05 0.02 0.03 0.03 0.02 0.04 0.03 0.05 
0.05 0.02 0.05 0.05 0.05 0.03 0.04 0.03 0.03 0.05 
0.02 0.05 0.03 0.03 0.05 0.03 0.03 0.05 0.05 0.02 
0.05 0.03 0.03 0.02 0.03 0.02 0.03 0.03 0.05 0.05 
0.05 0.05 0.02 0.05 0.05 0.02 0.02 0.05 0.03 0.02 
0.05 0.04 0.02 0.03 0.05 0.03 0.05 0.02 0.04 0.02 
0.04 0.02 0.02 0.04 0.05 0.04 0.02 0.03 0.05 0.05 
0.02 0.02 0.02 0.05 0.02 0.05 0.02 0.05 0.03 0.03 
0.05 0.04 0.03 0.03 0.04 0.02 0.02 0.05 0.03 0.04 
0.03 0.02 0.05 0.04 0.03 0.04 0.05 0.03 0.03 0.02 
0.05 0.05 0.05 0.02 0.03 0.03 0.03 0.02 0.05 0.03 
0.05 0.03 0.03 0.03 0.04 0.05 0.04 0.02 0.04 0.04 
0.05 0.04 0.05 0.02 0.02 0.05 0.03 0.02 0.02 0.05 
0.05 0.05 0.05 0.03 0.05 0.05 0.04 0.04 0.03 0.03 
0.02 0.02 0.04 0.05 0.03 0.04 0.05 0.03 0.03 0.05 
0.03 0.05 0.02 0.02 0.05 0.03 0.02 0.05 0.04 0.02 
0.04 0.03 0.03 0.02 0.05 0.03 0.02 0.03 0.05 0.02 
0.02 0.02 0.05 0.04 0.05 0.02 0.05 0.04 0.04 0.04 
0.04 0.02 0.05 0.03 0.04 0.03 0.04 0.05 0.02 0.03 
0.05 0.03 0.05 0.04 0.03 0.05 0.02 0.02 0.02 0.04 
0.02 0.04 0.05 0.03 0.02 0.04 0.03 0.03 0.03 0.03 
0.05 0.04 0.05 0.02 0.05 0.03 0.02 0.05 0.02 0.03 
0.03 0.02 0.04 0.04 0.02 0.05 0.03 0.04 0.02 0.05 
0.03 0.05 0.03 0.03 0.04 0.04 0.05 0.02 0.05 0.03 
0.03 0.04 0.05 0.04 0.02 0.05 0.04 0.02 0.04 0.05 
0.02 0.02 0.05 0.03 0.02 0.05 0.05 0.02 0.02 0.04 
0.04 0.04 0.04 0.03 0.02 0.03 0.02 0.03 0.05 0.02 
0.03 0.02 0.04 0.02 0.02 0.02 0.04 0.05 0.02 0.03 
0.02 0.05 0.02 0.05 0.04 0.04 0.04 0.02 0.05 0.02 
0.04 0.02 0.03 0.03 0.03 0.05 0.04 0.02 0.05 0.03 
0.05 0.05 0.02 0.04 0.05 0.05 0.04 0.04 0.03 0.05 
0.05 0.03 0.02 0.03 0.05 0.04 0.05 0.03 0.03 0.04 
0.04 0.03 0.02 0.05 0.05 0.05 0.02 0.05 0.02 0.05 
0.02 0.04 0.05 0.05 0.04 0.03 0.05 0.03 0.03 0.02 
0.05 0.03 0.03 0.02 0.02 0.03 0.04 0.05 0.02 0.04 
0.04 0.04 0.03 0.03 0.02 0.05 0.03 0.05 0.02 0.04 
0.02 0.05 0.02 0.05 0.05 0.03 0.02 0.04 0.03 0.04 
0.02 0.04 0.05 0.03 0.05 0.03 0.04 0.04 0.02 0.05 
0.03 0.05 0.04 0.03 0.03 0.03 0.02 0.05 0.03 0.03 
0.02 0.02 0.04 0.03 0.03 0.03 0.03 0.02 0.05 0.05 
0.03 0.04 0.04 0.02 0.02 0.02 0.02 0.04 0.03 0.05 
0.03 0.05 0.04 0.05 0.02 0.03 0.02 0.03 0.05 0.05 
0.05 0.02 0.05 0.02 0.02 0.05 0.02 0.05 0.02 0.03 
0.04 0.04 0.02 0.03 0.02 0.03 0.04 0.02 0.05 0.05 
0.03 0.03 0.03 0.05 0.02 0.05 0.05 0.03 0.02 0.03 
0.03 0.02 0.05 0.05 0.04 0.03 0.03 0.05 0.05 0.05 
0.05 0.05 0.02 0.02 0.03 0.04 0.02 0.05 0.04 0.02 
0.04 0.02 0.05 0.02 0.02 0.05 0.04 0.05 0.04 0.03 
0.02 0.04 0.03 0.03 0.04 0.04 0.02 0.03 0.04 0.02 
0.05 0.04 0.03 0.05 0.02 0.04 0.03 0.05 0.05 0.04 
0.03 0.03 0.05 0.02 0.05 0.03 0.03 0.02 0.02 0.02 
0.05 0.02 0.05 0.03 0.05 0.05 0.02 0.05 0.05 0.05 
0.02 0.04 0.02 0.04 0.05 0.05 0.04 0.05 0.05 0.02 
0.05 0.04 0.04 0.05 0.03 0.02 0.03 0.03 0.03 0.04 
0.03 0.03 0.02 0.02 0.03 0.03 0.04 0.03 0.02 0.03 
0.04 0.05 0.04 0.04 0.02 0.05 0.02 0.05 0.04 0.03 
0.04 0.04 0.05 0.05 0.02 0.05 0.04 0.02 0.03 0.03 
0.02 0.02 0.03 0.05 0.05 0.03 0.02 0.04 0.03 0.04 
0.03 0.04 0.02 0.03 0.04 0.02 0.05 0.03 0.04 0.04 
0.04 0.05 0.02 0.04 0.04 0.02 0.04 0.05 0.05 0.05 
0.03 0.03 0.04 0.04 0.02 0.02 0.05 0.02 0.02 0.02 
0.03 0.05 0.04 0.04 0.05 0.03 0.02 0.05 0.05 0.04 
0.04 0.04 0.05 0.04 0.05 0.02 0.03 0.04 0.04 0.05 
0.03 0.04 0.04 0.05 0.05 0.04 0.05 0.02 0.03 0.02 
0.02 0.02 0.04 0.05 0.05 0.02 0.05 0.04 0.05 0.03 
0.05 0.03 0.05 0.05 0.03 0.04 0.02 0.03 0.04 0.04 
0.02 0.04 0.05 0.04 0.03 0.04 0.02 0.05 0.05 0.02 
0.02 0.04 0.02 0.04 0.02 0.02 0.02 0.03 0.04 0.04 
0.04 0.05 0.04 0.03 0.04 0.04 0.05 0.05 0.03 0.03 
0.02 0.04 0.05 0.02 0.05 0.03 0.03 0.03 0.03 0.05 
0.03 0.04 0.02 0.04 0.02 0.04 0.04 0.05 0.02 0.02 
0.04 0.04 0.04 0.04 0.02 0.05 0.05 0.04 0.04 0.05 
0.02 0.03 0.05 0.03 0.03 0.03 0.05 0.02 0.02 0.04 
0.03 0.05 0.04 0.04 0.03 0.05 0.03 0.03 0.02 0.05 
0.04 0.04 0.02 0.04 0.02 0.05 0.05 0.05 0.04 0.04 
0.02 0.05 0.05 0.05 0.03 0.03 0.03 0.02 0.02 0.05 
0.03 0.02 0.05 0.03 0.05 0.03 0.04 0.03 0.04 0.05 
0.05 0.04 0.04 0.03 0.05 0.02 0.02 0.02 0.05 0.03 
0.02 0.04 0.04 0.03 0.05 0.02 0.03 0.03 0.03 0.03 
0.05 0.04 0.04 0.03 0.02 0.05 0.03 0.05 0.05 0.04 
0.05 0.02 0.05 0.02 0.04 0.03 0.03 0.04 0.04 0.02 
0.05 0.04 0.04 0.02 0.02 0.02 0.05 0.05 0.03 0.04 
0.02 0.02 0.05 0.04 0.02 0.03 0.03 0.05 0.03 0.04 
0.03 0.05 0.05 0.03 0.05 0.03 0.05 0.05 0.03 0.04 
0.02 0.02 0.04 0.03 0.04 0.04 0.04 0.05 0.03 0.05 
0.05 0.03 0.03 0.02 0.03 0.05 0.05 0.04 0.05 0.04 
0.05 0.05 0.04 0.02 0.02 0.02 0.05 0.03 0.02 0.05 
0.03 0.03 0.03 0.05 0.04 0.04 0.04 0.04 0.04 0.02 
0.05 0.05 0.05 0.04 0.02 0.02 0.02 0.04 0.03 0.03 
0.02 0.04 0.04 0.03 0.04 0.02 0.04 0.04 0.03 0.03 
0.04 0.04 0.05 0.03 0.03 0.04 0.04 0.03 0.03 0.04 
0.03 0.03 0.02 0.04 0.03 0.04 0.03 0.02 0.05 0.04 
0.04 0.02 0.03 0.03 0.02 0.05 0.02 0.04 0.02 0.03 
0.05 0.04 0.05 0.02 0.05 0.05 0.03 0.02 0.02 0.04 
0.05 0.02 0.05 0.02 0.03 0.03 0.02 0.04 0.03 0.02 
0.05 0.05 0.03 0.05 0.04 0.05 0.04 0.03 0.04 0.05 
0.05 0.03 0.05 0.05 0.05 0.04 0.05 0.05 0.05 0.02 
0.04 0.02 0.03 0.02 0.05 0.02 0.04 0.02 0.03 0.04 
0.02 0.02 0.02 0.04 0.04 0.05 0.03 0.04 0.04 0.05 
0.04 0.02 0.02 0.03 0.02 0.05 0.05 0.02 0.04 0.02 
0.02 0.03 0.05 0.03 0.02 0.02 0.05 0.05 0.03 0.02 
0.04 0.04 0.05 0.02 0.02 0.03 0.03 0.03 0.05 0.05 
0.02 0.05 0.05 0.02 0.02 0.04 0.03 0.04 0.02 0.05 
0.03 0.05 0.03 0.04 0.02 0.03 0.02 0.03 0.03 0.04 
0.04 0.02 0.04 0.05 0.03 0.03 0.03 0.02 0.05 0.03 
0.03 0.03 0.05 0.03 0.04 0.05 0.03 0.05 0.02 0.04 
0.05 0.04 0.02 0.03 0.03 0.03 0.05 0.04 0.05 0.04 
0.03 0.03 0.04 0.04 0.05 0.05 0.02 0.05 0.02 0.02 
0.02 0.04 0.02 0.04 0.04 0.03 0.03 0.03 0.03 0.03 
0.03 0.05 0.02 0.02 0.03 0.04 0.03 0.02 0.05 0.03 
0.04 0.05 0.03 0.02 0.03 0.02 0.03 0.05 0.05 0.02 
0.02 0.05 0.05 0.03 0.05 0.02 0.04 0.02 0.05 0.02 
0.02 0.05 0.03 0.04 0.03 0.02 0.02 0.03 0.05 0.03 
0.03 0.04 0.02 0.03 0.03 0.05 0.05 0.02 0.04 0.02 
0.02 0.03 0.05 0.02 0.02 0.03 0.02 0.03 0.04 0.04 
0.03 0.05 0.02 0.05 0.03 0.03 0.04 0.04 0.04 0.05 
0.05 0.03 0.05 0.02 0.03 0.05 0.04 0.03 0.04 0.04 
0.03 0.03 0.02 0.03 0.03 0.03 0.05 0.05 0.04 0.05 
0.05 0.04 0.05 0.02 0.02 0.04 0.03 0.02 0.04 0.05 
0.05 0.05 0.02 0.05 0.04 0.03 0.02 0.04 0.04 0.02 
0.05 0.02 0.05 0.02 0.03 0.03 0.04 0.02 0.04 0.03 
0.02 0.03 0.03 0.02 0.05 0.03 0.05 0.02 0.03 0.02 
0.05 0.04 0.05 0.03 0.05 0.05 0.04 0.03 0.02 0.04 
0.03 0.02 0.02 0.02 0.03 0.04 0.03 0.02 0.02 0.05 
0.05 0.05 0.02 0.04 0.02 0.05 0.02 0.02 0.03 0.05 
0.04 0.03 0.03 0.02 0.04 0.03 0.03 0.02 0.04 0.02 
0.02 0.05 0.03 0.05 0.03 0.03 0.04 0.03 0.02 0.02 
0.04 0.03 0.05 0.04 0.02 0.02 0.02 0.05 0.03 0.04 
0.02 0.02 0.04 0.02 0.03 0.02 0.03 0.05 0.04 0.02 
0.04 0.04 0.04 0.05 0.03 0.03 0.03 0.02 0.03 0.05 
0.04 0.03 0.05 0.05 0.04 0.02 0.05 0.04 0.04 0.05 
0.02 0.05 0.04 0.05 0.05 0.04 0.05 0.05 0.02 0.02 
0.05 0.05 0.05 0.05 0.05 0.02 0.04 0.03 0.04 0.05 
0.04 0.04 0.03 0.02 0.04 0.03 0.04 0.04 0.04 0.03 
0.03 0.05 0.05 0.02 0.04 0.02 0.05 0.02 0.04 0.02 
0.03 0.02 0.05 0.03 0.02 0.04 0.02 0.03 0.03 0.03 
0.05 0.03 0.03 0.03 0.04 0.05 0.02 0.02 0.05 0.03 
0.05 0.04 0.05 0.03 0.03 0.03 0.05 0.02 0.02 0.04 
0.05 0.02 0.02 0.03 0.05 0.03 0.02 0.02 0.04 0.05 
0.05 0.03 0.05 0.02 0.03 0.05 0.03 0.03 0.02 0.05 
0.02 0.02 0.02 0.02 0.04 0.05 0.05 0.04 0.05 0.02 
0.04 0.04 0.04 0.02 0.03 0.04 0.03 0.05 0.02 0.03 
0.03 0.03 0.03 0.03 0.04 0.02 0.03 0.04 0.04 0.05 
0.02 0.02 0.03 0.03 0.03 0.04 0.04 0.04 0.03 0.02 
0.03 0.02 0.05 0.03 0.03 0.05 0.03 0.04 0.03 0.02 
0.04 0.02 0.04 0.02 0.03 0.02 0.04 0.03 0.05 0.02 
0.05 0.02 0.02 0.04 0.05 0.02 0.05 0.05 0.04 0.04 
0.04 0.02 0.03 0.04 0.05 0.05 0.05 0.03 0.04 0.04 
0.05 0.04 0.04 0.04 0.05 0.02 0.03 0.05 0.03 0.03 
0.03 0.05 0.05 0.05 0.02 0.04 0.03 0.02 0.02 0.03 
0.05 0.02 0.02 0.03 0.04 0.02 0.03 0.04 0.03 0.03 
0.04 0.05 0.02 0.02 0.03 0.05 0.03 0.05 0.05 0.05 
0.03 0.02 0.05 0.04 0.05 0.03 0.02 0.05 0.03 0.04 
0.02 0.02 0.05 0.04 0.02 0.02 0.02 0.03 0.05 0.02 
0.03 0.02 0.04 0.03 0.04 0.04 0.03 0.02 0.05 0.04 
0.02 0.04 0.02 0.04 0.04 0.02 0.04 0.05 0.04 0.02 
0.02 0.05 0.04 0.03 0.04 0.04 0.05 0.04 0.04 0.04 
0.05 0.02 0.03 0.04 0.04 0.04 0.05 0.03 0.02 0.03 
0.04 0.02 0.02 0.05 0.04 0.03 0.04 0.05 0.03 0.03 
0.02 0.03 0.04 0.03 0.03 0.05 0.02 0.02 0.05 0.05 
0.03 0.03 0.03 0.05 0.04 0.02 0.02 0.02 0.02 0.04 
0.05 0.05 0.03 0.02 0.02 0.04 0.05 0.02 0.05 0.03 
0.02 0.02 0.03 0.04 0.02 0.04 0.04 0.03 0.03 0.05 
0.04 0.03 0.04 0.05 0.03 0.03 0.03 0.02 0.02 0.04 
0.03 0.04 0.02 0.03 0.04 0.05 0.03 0.03 0.05 0.03 
0.04 0.05 0.04 0.02 0.03 0.02 0.03 0.04 0.03 0.05 
0.04 0.03 0.02 0.04 0.03 0.05 0.02 0.03 0.05 0.04 
0.02 0.05 0.05 0.05 0.05 0.05 0.02 0.04 0.02 0.04 
0.05 0.05 0.03 0.04 0.04 0.04 0.04 0.05 0.03 0.05 
0.04 0.05 0.04 0.02 0.02 0.04 0.02 0.04 0.03 0.03 
0.05 0.05 0.03 0.05 0.05 0.02 0.05 0.02 0.04 0.04 
0.04 0.02 0.04 0.04 0.04 0.04 0.05 0.02 0.05 0.04 
0.04 0.05 0.02 0.02 0.04 0.02 0.04 0.02 0.05 0.02 
0.04 0.04 0.02 0.05 0.02 0.04 0.02 0.03 0.03 0.03 
0.03 0.03 0.04 0.04 0.04 0.04 0.05 0.04 0.03 0.05 
0.02 0.05 0.05 0.03 0.05 0.05 0.03 0.03 0.04 0.04 
0.04 0.05 0.05 0.03 0.02 0.05 0.05 0.03 0.05 0.03 
0.05 0.04 0.03 0.04 0.03 0.02 0.02 0.03 0.05 0.04 
0.04 0.03 0.03 0.03 0.04 0.04 0.02 0.02 0.04 0.02 
0.04 0.04 0.05 0.02 0.04 0.04 0.05 0.02 0.02 0.04 
0.02 0.04 0.03 0.04 0.04 0.05 0.04 0.05 0.04 0.04 
0.02 0.05 0.04 0.05 0.02 0.05 0.05 0.05 0.03 0.04 
0.02 0.05 0.04 0.05 0.04 0.03 0.04 0.02 0.04 0.05 
0.04 0.03 0.02 0.05 0.04 0.04 0.03 0.05 0.03 0.04 
0.02 0.05 0.03 0.03 0.02 0.05 0.03 0.03 0.04 0.04 
0.03 0.03 0.02 0.03 0.02 0.05 0.04 0.02 0.04 0.03 
0.04 0.05 0.04 0.04 0.04 0.02 0.05 0.04 0.03 0.03 
0.04 0.02 0.04 0.04 0.02 0.02 0.04 0.02 0.04 0.04 
0.02 0.04 0.03 0.04 0.03 0.03 0.05 0.02 0.05 0.03 
0.02 0.02 0.05 0.03 0.04 0.04 0.05 0.03 0.05 0.03 
0.04 0.03 0.04 0.03 0.02 0.05 0.05 0.04 0.02 0.05 
0.02 0.05 0.03 0.02 0.03 0.05 0.02 0.02 0.03 0.03 
0.03 0.03 0.03 0.03 0.03 0.04 0.03 0.04 0.03 0.05 
0.02 0.03 0.02 0.04 0.04 0.04 0.05 0.04 0.03 0.03 
0.04 0.04 0.04 0.02 0.05 0.05 0.03 0.05 0.04 0.02 
0.05 0.02 0.03 0.04 0.05 0.04 0.03 0.03 0.03 0.02 
0.03 0.04 0.05 0.03 0.02 0.05 0.04 0.02 0.05 0.02 
0.02 0.02 0.04 0.02 0.02 0.02 0.05 0.03 0.03 0.04 
0.03 0.05 0.03 0.02 0.04 0.03 0.05 0.02 0.04 0.02 
0.04 0.02 0.04 0.04 0.04 0.02 0.04 0.02 0.02 0.02 
0.03 0.02 0.04 0.04 0.02 0.04 0.03 0.04 0.04 0.03 
0.04 0.05 0.02 0.03 0.02 0.02 0.02 0.04 0.05 0.02 
0.03 0.02 0.04 0.04 0.03 0.02 0.02 0.05 0.03 0.03 
0.04 0.03 0.03 0.02 0.03 0.03 0.04 0.05 0.03 0.04 
0.02 0.03 0.05 0.03 0.05 0.05 0.02 0.03 0.05 0.03 
0.04 0.03 0.03 0.05 0.03 0.05 0.02 0.05 0.03 0.04 
0.02 0.02 0.03 0.05 0.05 0.05 0.03 0.03 0.02 0.05 
0.03 0.02 0.02 0.03 0.03 0.05 0.02 0.03 0.04 0.04 
0.03 0.03 0.03 0.05 0.04 0.02 0.02 0.02 0.04 0.02 
0.03 0.05 0.02 0.02 0.04 0.04 0.05 0.02 0.05 0.04 
0.03 0.03 0.03 0.05 0.05 0.04 0.02 0.03 0.02 0.04 
0.05 0.02 0.02 0.05 0.02 0.04 0.05 0.03 0.03 0.03 
0.04 0.03 0.05 0.02 0.02 0.04 0.03 0.03 0.04 0.05 
0.05 0.02 0.02 0.02 0.05 0.04 0.04 0.03 0.04 0.02 
0.04 0.05 0.03 0.04 0.02 0.02 0.05 0.02 0.03 0.05 
0.05 0.04 0.03 0.03 0.02 0.03 0.03 0.05 0.02 0.03 
0.02 0.04 0.05 0.05 0.02 0.05 0.05 0.05 0.02 0.03 
0.02 0.03 0.02 0.03 0.04 0.04 0.02 0.02 0.03 0.04 
0.03 0.04 0.05 0.04 0.03 0.04 0.02 0.02 0.05 0.05 
0.05 0.03 0.02 0.02 0.05 0.04 0.03 0.03 0.04 0.04 
0.03 0.04 0.03 0.02 0.05 0.02 0.04 0.02 0.02 0.02 
0.03 0.05 0.03 0.04 0.05 0.03 0.03 0.03 0.05 0.03 
0.04 0.03 0.03 0.04 0.03 0.03 0.03 0.05 0.02 0.02 
0.02 0.05 0.03 0.02 0.02 0.04 0.03 0.05 0.02 0.03 
0.03 0.05 0.03 0.05 0.03 0.04 0.02 0.03 0.03 0.05 
0.05 0.05 0.04 0.04 0.04 0.02 0.03 0.03 0.03 0.02 
0.05 0.02 0.03 0.04 0.04 0.05 0.03 0.02 0.02 0.04 
0.02 0.05 0.04 0.05 0.02 0.03 0.02 0.02 0.03 0.05 
0.03 0.04 0.02 0.03 0.04 0.05 0.05 0.04 0.05 0.02 
0.04 0.03 0.02 0.05 0.03 0.05 0.02 0.03 0.05 0.04 
0.05 0.05 0.02 0.05 0.04 0.05 0.05 0.03 0.03 0.03 
0.02 0.02 0.04 0.02 0.05 0.04 0.02 0.04 0.03 0.05 
0.04 0.05 0.03 0.04 0.05 0.04 0.05 0.03 0.05 0.02 
0.03 0.05 0.03 0.04 0.05 0.02 0.05 0.03 0.04 0.05 
0.05 0.03 0.04 0.03 0.04 0.04 0.05 0.04 0.04 0.03 
0.05 0.03 0.03 0.04 0.02 0.05 0.02 0.03 0.03 0.02 
0.02 0.05 0.05 0.03 0.02 0.03 0.05 0.03 0.04 0.05 
0.04 0.04 0.04 0.04 0.02 0.05 0.04 0.04 0.02 0.05 
0.05 0.04 0.02 0.02 0.05 0.03 0.02 0.05 0.02 0.05 
0.04 0.05 0.05 0.03 0.02 0.05 0.02 0.05 0.03 0.03 
0.03 0.05 0.04 0.03 0.05 0.02 0.02 0.05 0.03 0.03 
0.05 0.04 0.04 0.04 0.04 0.03 0.02 0.03 0.05 0.04 
0.03 0.04 0.02 0.03 0.02 0.03 0.02 0.04 0.02 0.04 
0.05 0.03 0.05 0.05 0.03 0.04 0.03 0.04 0.03 0.04 
0.04 0.02 0.03 0.02 0.04 0.04 0.03 0.02 0.04 0.02 
0.03 0.02 0.03 0.04 0.05 0.02 0.04 0.02 0.02 0.05 
0.05 0.05 0.02 0.04 0.05 0.03 0.05 0.05 0.03 0.02 
0.04 0.05 0.02 0.04 0.02 0.04 0.02 0.03 0.03 0.04 
0.05 0.03 0.04 0.03 0.02 0.02 0.04 0.05 0.04 0.05 
0.04 0.04 0.05 0.05 0.05 0.02 0.05 0.03 0.04 0.05 
0.02 0.04 0.04 0.04 0.02 0.02 0.02 0.03 0.02 0.04 
0.05 0.02 0.03 0.04 0.03 0.04 0.04 0.02 0.02 0.02 
0.03 0.03 0.03 0.04 0.03 0.05 0.04 0.05 0.04 0.05 
0.02 0.04 0.04 0.03 0.03 0.04 0.05 0.04 0.03 0.03 
0.04 0.02 0.04 0.03 0.05 0.04 0.05 0.03 0.02 0.03 
0.05 0.02 0.04 0.02 0.03 0.04 0.04 0.04 0.02 0.05 
0.03 0.02 0.05 0.02 0.05 0.03 0.02 0.04 0.03 0.04 
0.04 0.05 0.04 0.05 0.02 0.04 0.02 0.02 0.03 0.04 
0.02 0.02 0.03 0.04 0.05 0.02 0.02 0.04 0.05 0.02 
0.05 0.05 0.02 0.02 0.05 0.05 0.02 0.03 0.03 0.05 
0.04 0.04 0.04 0.02 0.02 0.02 0.03 0.02 0.05 0.05 
0.04 0.03 0.02 0.04 0.04 0.04 0.02 0.02 0.02 0.02 
0.02 0.04 0.05 0.04 0.03 0.04 0.02 0.02 0.02 0.05 
0.04 0.02 0.05 0.05 0.05 0.02 0.02 0.05 0.02 0.05 
0.02 0.02 0.02 0.04 0.03 0.04 0.04 0.04 0.04 0.02 
0.03 0.04 0.05 0.04 0.05 0.03 0.05 0.03 0.04 0.04 
0.05 0.04 0.04 0.02 0.05 0.05 0.03 0.02 0.04 0.02 
0.02 0.02 0.02 0.04 0.05 0.02 0.03 0.03 0.03 0.03 
0.03 0.05 0.03 0.02 0.03 0.04 0.04 0.04 0.04 0.02 
0.05 0.04 0.03 0.05 0.04 0.02 0.05 0.04 0.03 0.05 
0.05 0.02 0.03 0.02 0.05 0.04 0.03 0.04 0.02 0.05 
0.05 0.03 0.02 0.02 0.03 0.04 0.02 0.02 0.04 0.05 
0.05 0.05 0.02 0.04 0.05 0.03 0.04 0.04 0.03 0.03 
0.03 0.02 0.03 0.03 0.02 0.03 0.03 0.02 0.05 0.02 
1.28298e-07 1.02638e-07 1.02638e-07 5.13191e-08 7.69786e-08 5.13191e-08 1.28298e-07 7.69786e-08 5.13191e-08 1.28298e-07 
1.28298e-07 7.69786e-08 7.69786e-08 7.69786e-08 5.13191e-08 1.02638e-07 5.13191e-08 1.02638e-07 1.02638e-07 5.13191e-08 
7.69786e-08 5.13191e-08 7.69786e-08 1.02638e-07 5.13191e-08 1.02638e-07 1.02638e-07 1.02638e-07 5.13191e-08 5.13191e-08 
1.02638e-07 1.02638e-07 1.02638e-07 7.69786e-08 1.02638e-07 1.02638e-07 1.28298e-07 1.28298e-07 1.28298e-07 7.69786e-08 
1.02638e-07 7.69786e-08 7.69786e-08 0.12977 1.02638e-07 7.69786e-08 7.69786e-08 0.12978 1.28298e-07 1.28298e-07 
1.28298e-07 1.02638e-07 7.69786e-08 1.02638e-07 0.12944 7.69786e-08 0.133391 7.69786e-08 1.02638e-07 7.69786e-08 
1.02638e-07 1.28298e-07 5.13191e-08 1.02638e-07 1.28298e-07 0.129917 5.13191e-08 1.28298e-07 1.02638e-07 1.28298e-07 
1.28298e-07 7.69786e-08 5.13191e-08 5.13191e-08 0.122448 5.13191e-08 0.125356 1.02638e-07 5.13191e-08 5.13191e-08 
7.69786e-08 1.28298e-07 5.13191e-08 0.130469 7.69786e-08 7.69786e-08 1.02638e-07 0.127771 7.69786e-08 1.02638e-07 
5.13191e-08 1.02638e-07 5.13191e-08 5.13191e-08 1.28298e-07 1.02638e-07 1.28298e-07 7.69786e-08 1.02638e-07 5.13191e-08 
5.88112e-08 3.92075e-08 7.84149e-08 5.88112e-08 3.92075e-08 7.84149e-08 5.88112e-08 5.88112e-08 3.92075e-08 7.84149e-08 
3.92075e-08 7.84149e-08 7.84149e-08 7.84149e-08 5.88112e-08 7.84149e-08 3.92075e-08 9.80187e-08 7.84149e-08 5.88112e-08 
3.92075e-08 3.92075e-08 5.88112e-08 9.80187e-08 5.88112e-08 9.80187e-08 7.84149e-08 3.92075e-08 7.84149e-08 5.88112e-08 
3.92075e-08 5.88112e-08 9.80187e-08 3.92075e-08 7.84149e-08 0.136794 7.84149e-08 9.80187e-08 5.88112e-08 9.80187e-08 
5.88112e-08 5.88112e-08 9.80187e-08 5.88112e-08 7.84149e-08 0.12119 3.92075e-08 9.80187e-08 9.80187e-08 3.92075e-08 
5.88112e-08 7.84149e-08 5.88112e-08 3.92075e-08 7.84149e-08 0.12108 7.84149e-08 9.80187e-08 3.92075e-08 5.88112e-08 
7.84149e-08 9.80187e-08 5.88112e-08 3.92075e-08 9.80187e-08 0.12761 3.92075e-08 9.80187e-08 3.92075e-08 3.92075e-08 
3.92075e-08 3.92075e-08 9.80187e-08 9.80187e-08 3.92075e-08 0.124839 3.92075e-08 7.84149e-08 3.92075e-08 7.84149e-08 
7.84149e-08 3.92075e-08 7.84149e-08 7.84149e-08 5.88112e-08 0.119916 7.84149e-08 9.80187e-08 5.88112e-08 9.80187e-08 
9.80187e-08 7.84149e-08 7.84149e-08 3.92075e-08 3.92075e-08 0.12926 0.126977 0.12593 7.84149e-08 9.80187e-08 
0.03 0.02 0.02 0.03 0.03 0.04 0.03 0.04 0.02 0.03 
0.02 0.03 0.05 0.05 0.02 0.02 0.05 0.02 0.04 0.03 
0.03 0.03 0.02 0.03 0.04 0.04 0.02 0.05 0.02 0.05 
0.02 0.02 0.03 0.02 0.04 0.02 0.03 0.02 0.03 0.05 
0.02 0.05 0.02 0.05 0.05 0.02 0.05 0.02 0.04 0.05 
0.05 0.05 0.04 0.04 0.04 0.02 0.05 0.02 0.04 0.05 
0.02 0.05 0.02 0.05 0.03 0.02 0.05 0.02 0.05 0.03 
0.03 0.04 0.05 0.04 0.04 0.04 0.02 0.02 0.02 0.02 
0.05 0.04 0.03 0.04 0.04 0.05 0.02 0.05 0.04 0.03 
0.04 0.04 0.03 0.05 0.04 0.02 0.03 0.02 0.02 0.04 
0.05 0.02 0.05 0.03 0.05 0.03 0.05 0.03 0.03 0.02 
0.03 0.03 0.03 0.04 0.05 0.03 0.04 0.02 0.04 0.05 
0.03 0.03 0.03 0.02 0.03 0.04 0.02 0.03 0.02 0.04 
0.05 0.02 0.03 0.03 0.05 0.05 0.03 0.05 0.02 0.02 
0.05 0.04 0.02 0.02 0.03 0.05 0.05 0.03 0.04 0.02 
0.04 0.05 0.04 0.04 0.03 0.02 0.03 0.05 0.02 0.05 
0.04 0.04 0.02 0.04 0.02 0.02 0.03 0.03 0.05 0.04 
0.04 0.03 0.05 0.05 0.04 0.03 0.03 0.05 0.03 0.05 
0.03 0.04 0.03 0.04 0.03 0.05 0.05 0.04 0.03 0.04 
0.02 0.02 0.04 0.03 0.02 0.04 0.02 0.05 0.03 0.05 
0.02 0.05 0.04 0.02 0.05 0.05 0.04 0.02 0.04 0.04 
0.05 0.02 0.04 0.05 0.02 0.05 0.05 0.02 0.02 0.03 
0.04 0.02 0.04 0.04 0.02 0.03 0.04 0.03 0.04 0.02 
0.02 0.03 0.05 0.05 0.04 0.05 0.04 0.04 0.04 0.03 
0.02 0.02 0.02 0.04 0.02 0.04 0.02 0.04 0.02 0.04 
0.04 0.04 0.03 0.05 0.05 0.03 0.03 0.02 0.03 0.04 
0.03 0.04 0.02 0.02 0.02 0.05 0.04 0.05 0.05 0.03 
0.05 0.04 0.02 0.02 0.04 0.05 0.05 0.04 0.05 0.02 
0.03 0.04 0.03 0.04 0.03 0.02 0.02 0.05 0.03 0.05 
0.05 0.03 0.03 0.03 0.05 0.04 0.03 0.02 0.05 0.02 
0.03 0.02 0.05 0.03 0.05 0.02 0.02 0.02 0.03 0.03 
0.03 0.03 0.05 0.05 0.02 0.04 0.05 0.05 0.02 0.03 
0.05 0.05 0.03 0.03 0.04 0.02 0.03 0.02 0.02 0.02 
0.03 0.02 0.02 0.04 0.04 0.02 0.03 0.05 0.05 0.03 
0.04 0.05 0.05 0.02 0.04 0.03 0.03 0.05 0.04 0.02 
0.05 0.02 0.03 0.02 0.05 0.05 0.02 0.03 0.05 0.03 
0.03 0.03 0.05 0.02 0.03 0.04 0.03 0.04 0.03 0.04 
0.02 0.02 0.04 0.05 0.03 0.05 0.02 0.05 0.02 0.03 
0.02 0.04 0.05 0.03 0.04 0.04 0.04 0.04 0.04 0.02 
0.05 0.03 0.04 0.02 0.02 0.05 0.02 0.02 0.05 0.05 
0.02 0.04 0.04 0.05 0.05 0.02 0.03 0.04 0.05 0.02 
0.03 0.03 0.02 0.05 0.05 0.02 0.03 0.02 0.04 0.03 
0.02 0.02 0.05 0.03 0.03 0.05 0.03 0.04 0.05 0.04 
0.02 0.02 0.05 0.03 0.05 0.05 0.05 0.04 0.03 0.03 
0.05 0.04 0.02 0.05 0.05 0.03 0.03 0.04 0.04 0.03 
0.02 0.05 0.02 0.05 0.04 0.05 0.05 0.02 0.02 0.02 
0.03 0.03 0.02 0.02 0.05 0.05 0.05 0.05 0.03 0.03 
0.04 0.04 0.05 0.03 0.03 0.05 0.03 0.02 0.04 0.03 
0.05 0.05 0.04 0.03 0.02 0.04 0.05 0.04 0.03 0.03 
0.02 0.04 0.03 0.02 0.05 0.05 0.02 0.02 0.04 0.02 
0.05 0.02 0.05 0.02 0.05 0.02 0.02 0.05 0.04 0.02 
0.03 0.04 0.05 0.02 0.02 0.04 0.02 0.05 0.02 0.05 
0.04 0.02 0.04 0.03 0.02 0.04 0.04 0.02 0.05 0.04 
0.02 0.02 0.05 0.03 0.03 0.02 0.02 0.03 0.04 0.02 
0.04 0.05 0.04 0.02 0.03 0.05 0.03 0.03 0.03 0.02 
0.04 0.04 0.05 0.02 0.03 0.04 0.04 0.02 0.03 0.03 
0.04 0.03 0.05 0.02 0.02 0.05 0.04 0.04 0.02 0.03 
0.02 0.03 0.04 0.05 0.04 0.02 0.05 0.02 0.04 0.05 
0.02 0.05 0.02 0.04 0.03 0.05 0.02 0.04 0.03 0.02 
0.03 0.02 0.03 0.04 0.02 0.05 0.02 0.03 0.04 0.05 
0.05 0.04 0.02 0.02 0.05 0.05 0.05 0.03 0.03 0.04 
0.04 0.03 0.05 0.04 0.04 0.05 0.02 0.04 0.05 0.02 
0.04 0.04 0.04 0.04 0.05 0.04 0.03 0.02 0.04 0.02 
0.05 0.02 0.05 0.04 0.04 0.02 0.05 0.04 0.04 0.05 
0.04 0.03 0.02 0.03 0.02 0.05 0.03 0.02 0.02 0.03 
0.04 0.05 0.04 0.05 0.05 0.04 0.03 0.02 0.04 0.02 
0.04 0.04 0.04 0.02 0.02 0.05 0.04 0.04 0.03 0.04 
0.02 0.02 0.03 0.02 0.02 0.04 0.02 0.05 0.05 0.03 
0.02 0.02 0.02 0.05 0.04 0.03 0.02 0.03 0.03 0.02 
0.05 0.05 0.03 0.02 0.04 0.05 0.03 0.03 0.02 0.03 
0.04 0.05 0.05 0.05 0.02 0.03 0.02 0.05 0.05 0.03 
0.05 0.02 0.04 0.03 0.05 0.05 0.04 0.05 0.03 0.05 
0.04 0.04 0.04 0.02 0.03 0.04 0.05 0.04 0.02 0.02 
0.03 0.02 0.02 0.02 0.05 0.02 0.02 0.02 0.04 0.05 
0.02 0.02 0.02 0.02 0.03 0.04 0.02 0.05 0.02 0.05 
0.04 0.04 0.02 0.03 0.02 0.05 0.03 0.05 0.05 0.05 
0.04 0.04 0.05 0.05 0.02 0.02 0.04 0.05 0.03 0.04 
0.05 0.03 0.03 0.05 0.03 0.03 0.03 0.02 0.03 0.05 
0.04 0.03 0.03 0.02 0.05 0.04 0.03 0.02 0.05 0.03 
0.03 0.02 0.02 0.05 0.04 0.03 0.05 0.02 0.02 0.02 
0.02 0.02 0.03 0.02 0.04 0.02 0.05 0.03 0.03 0.03 
0.03 0.05 0.04 0.05 0.04 0.02 0.03 0.02 0.05 0.03 
0.05 0.04 0.04 0.05 0.03 0.02 0.04 0.05 0.05 0.05 
0.03 0.04 0.05 0.05 0.04 0.03 0.02 0.04 0.03 0.04 
0.02 0.04 0.03 0.03 0.05 0.04 0.02 0.02 0.04 0.03 
0.05 0.02 0.04 0.03 0.02 0.05 0.02 0.04 0.04 0.02 
0.05 0.05 0.05 0.05 0.02 0.03 0.02 0.03 0.02 0.03 
0.05 0.05 0.03 0.03 0.04 0.02 0.04 0.04 0.03 0.05 
0.02 0.02 0.05 0.02 0.04 0.02 0.05 0.04 0.04 0.04 
0.05 0.05 0.02 0.03 0.03 0.05 0.03 0.04 0.04 0.04 
0.03 0.02 0.02 0.05 0.05 0.04 0.05 0.02 0.05 0.02 
0.05 0.02 0.04 0.03 0.05 0.02 0.04 0.04 0.02 0.05 
0.02 0.05 0.03 0.05 0.04 0.05 0.05 0.03 0.02 0.05 
0.04 0.04 0.03 0.05 0.03 0.02 0.05 0.04 0.03 0.02 
0.05 0.05 0.04 0.04 0.05 0.05 0.05 0.04 0.03 0.04 
0.03 0.03 0.02 0.03 0.05 0.03 0.04 0.05 0.03 0.04 
0.03 0.05 0.03 0.03 0.05 0.02 0.05 0.02 0.02 0.05 
0.05 0.04 0.05 0.02 0.02 0.05 0.02 0.04 0.02 0.05 
0.03 0.02 0.05 0.03 0.04 0.05 0.03 0.02 0.04 0.05 
0.02 0.05 0.02 0.03 0.03 0.03 0.03 0.03 0.04 0.02 
0.04 0.05 0.03 0.03 0.04 0.05 0.04 0.04 0.02 0.02 
0.05 0.03 0.05 0.03 0.02 0.05 0.03 0.03 0.02 0.03 
0.03 0.03 0.03 0.03 0.03 0.05 0.04 0.02 0.02 0.05 
0.04 0.03 0.03 0.05 0.03 0.04 0.04 0.05 0.02 0.05 
0.05 0.05 0.05 0.05 0.04 0.04 0.02 0.03 0.03 0.02 
0.04 0.02 0.04 0.05 0.04 0.05 0.02 0.03 0.02 0.03 
0.03 0.02 0.04 0.02 0.03 0.04 0.02 0.03 0.04 0.02 
0.02 0.05 0.03 0.03 0.04 0.05 0.04 0.02 0.02 0.04 
0.02 0.03 0.04 0.03 0.05 0.04 0.03 0.05 0.02 0.04 
0.03 0.05 0.05 0.05 0.04 0.02 0.02 0.02 0.02 0.04 
0.05 0.02 0.02 0.02 0.02 0.04 0.02 0.05 0.05 0.03 
0.02 0.05 0.05 0.05 0.02 0.05 0.05 0.04 0.03 0.03 
0.04 0.05 0.03 0.04 0.02 0.04 0.04 0.04 0.04 0.05 
0.05 0.05 0.02 0.05 0.03 0.03 0.04 0.05 0.04 0.02 
0.02 0.04 0.03 0.05 0.03 0.03 0.03 0.04 0.03 0.02 
0.03 0.02 0.04 0.04 0.02 0.05 0.05 0.04 0.02 0.02 
0.05 0.02 0.04 0.02 0.02 0.04 0.05 0.02 0.04 0.03 
0.03 0.03 0.02 0.04 0.04 0.03 0.05 0.05 0.02 0.04 
0.02 0.02 0.05 0.02 0.05 0.04 0.02 0.02 0.04 0.03 
0.02 0.04 0.03 0.05 0.03 0.02 0.03 0.02 0.02 0.02 
0.05 0.03 0.04 0.04 0.02 0.05 0.02 0.03 0.05 0.03 
0.02 0.03 0.03 0.04 0.03 0.02 0.05 0.04 0.02 0.03 
0.05 0.03 0.03 0.02 0.05 0.03 0.04 0.02 0.05 0.04 
0.05 0.05 0.05 0.03 0.02 0.05 0.02 0.04 0.03 0.02 
0.05 0.04 0.05 0.02 0.03 0.03 0.02 0.05 0.04 0.05 
0.04 0.02 0.02 0.03 0.02 0.05 0.02 0.05 0.02 0.05 
0.02 0.04 0.05 0.03 0.02 0.02 0.02 0.05 0.05 0.05 
0.05 0.03 0.04 0.04 0.05 0.05 0.04 0.04 0.05 0.05 
0.03 0.05 0.02 0.02 0.05 0.05 0.03 0.03 0.04 0.02 
0.03 0.03 0.02 0.04 0.04 0.02 0.02 0.03 0.02 0.02 
0.04 0.02 0.02 0.03 0.04 0.02 0.04 0.02 0.05 0.04 
0.02 0.02 0.05 0.02 0.04 0.02 0.05 0.05 0.04 0.03 
0.02 0.05 0.02 0.03 0.04 0.04 0.02 0.03 0.04 0.03 
0.02 0.04 0.04 0.02 0.04 0.05 0.03 0.04 0.04 0.05 
0.04 0.03 0.04 0.05 0.04 0.02 0.03 0.04 0.02 0.02 
0.03 0.05 0.04 0.04 0.03 0.02 0.02 0.02 0.04 0.03 
0.02 0.02 0.03 0.02 0.04 0.02 0.05 0.03 0.02 0.04 
0.03 0.02 0.04 0.03 0.03 0.02 0.03 0.02 0.03 0.04 
0.05 0.02 0.03 0.04 0.05 0.03 0.05 0.02 0.02 0.03 
0.04 0.05 0.05 0.02 0.05 0.05 0.03 0.02 0.02 0.03 
0.05 0.02 0.03 0.04 0.02 0.03 0.02 0.05 0.02 0.02 
0.05 0.02 0.02 0.05 0.04 0.03 0.03 0.04 0.05 0.03 
0.04 0.05 0.04 0.03 0.03 0.02 0.02 0.05 0.04 0.05 
0.04 0.02 0.05 0.03 0.04 0.03 0.04 0.04 0.05 0.04 
0.02 0.04 0.05 0.05 0.05 0.03 0.05 0.04 0.05 0.03 
0.02 0.04 0.02 0.03 0.03 0.02 0.02 0.04 0.03 0.05 
0.03 0.03 0.03 0.05 0.04 0.04 0.04 0.04 0.02 0.03 
0.03 0.03 0.04 0.03 0.03 0.05 0.05 0.04 0.03 0.04 
0.05 0.05 0.04 0.05 0.04 0.04 0.05 0.04 0.02 0.03 
0.04 0.03 0.04 0.05 0.05 0.03 0.05 0.04 0.04 0.03 
0.02 0.02 0.03 0.04 0.05 0.02 0.05 0.03 0.03 0.03 
0.04 0.03 0.03 0.05 0.03 0.04 0.02 0.05 0.03 0.05 
0.05 0.05 0.04 0.03 0.04 0.02 0.05 0.02 0.04 0.05 
0.04 0.03 0.04 0.04 0.03 0.02 0.05 0.04 0.03 0.04 
0.04 0.04 0.05 0.03 0.03 0.04 0.02 0.05 0.02 0.04 
0.04 0.03 0.02 0.04 0.03 0.05 0.03 0.02 0.02 0.04 
0.02 0.04 0.05 0.03 0.04 0.05 0.05 0.03 0.04 0.02 
0.04 0.02 0.03 0.04 0.03 0.03 0.05 0.04 0.02 0.03 
0.05 0.02 0.03 0.03 0.03 0.05 0.04 0.05 0.02 0.02 
0.03 0.03 0.03 0.05 0.05 0.04 0.04 0.05 0.04 0.02 
0.05 0.03 0.05 0.04 0.05 0.05 0.05 0.04 0.02 0.04 
0.04 0.02 0.03 0.02 0.05 0.02 0.03 0.02 0.03 0.03 
0.05 0.05 0.02 0.05 0.03 0.05 0.05 0.02 0.02 0.05 
0.04 0.05 0.05 0.04 0.03 0.04 0.03 0.02 0.02 0.03 
0.04 0.05 0.02 0.03 0.03 0.02 0.04 0.03 0.03 0.03 
0.04 0.05 0.03 0.03 0.03 0.04 0.03 0.02 0.05 0.04 
0.05 0.02 0.03 0.03 0.03 0.02 0.02 0.05 0.03 0.05 
0.05 0.05 0.05 0.03 0.04 0.05 0.05 0.05 0.03 0.03 
0.02 0.02 0.03 0.03 0.04 0.04 0.05 0.05 0.04 0.05 
0.04 0.05 0.05 0.04 0.05 0.05 0.03 0.03 0.02 0.04 
0.02 0.02 0.05 0.02 0.04 0.05 0.04 0.05 0.05 0.04 
0.05 0.05 0.03 0.03 0.03 0.03 0.05 0.04 0.04 0.03 
0.04 0.04 0.02 0.05 0.05 0.04 0.05 0.03 0.02 0.03 
0.03 0.02 0.02 0.05 0.02 0.05 0.04 0.05 0.02 0.02 
0.04 0.05 0.05 0.05 0.03 0.05 0.03 0.03 0.02 0.04 
0.02 0.05 0.04 0.05 0.05 0.05 0.03 0.04 0.03 0.04 
0.05 0.04 0.04 0.05 0.03 0.04 0.04 0.04 0.03 0.05 
0.02 0.02 0.02 0.03 0.03 0.03 0.04 0.04 0.02 0.05 
0.02 0.05 0.05 0.03 0.05 0.03 0.03 0.05 0.04 0.02 
0.03 0.04 0.02 0.05 0.02 0.05 0.03 0.04 0.04 0.05 
0.03 0.05 0.04 0.05 0.03 0.05 0.03 0.04 0.02 0.05 
0.02 0.02 0.05 0.02 0.04 0.04 0.03 0.04 0.04 0.04 
0.03 0.02 0.04 0.05 0.05 0.05 0.05 0.03 0.03 0.04 
0.04 0.02 0.03 0.03 0.02 0.02 0.02 0.02 0.03 0.02 
0.03 0.03 0.02 0.05 0.05 0.02 0.05 0.04 0.03 0.03 
0.02 0.02 0.04 0.04 0.03 0.03 0.04 0.04 0.03 0.05 
0.05 0.03 0.02 0.02 0.03 0.05 0.04 0.03 0.02 0.04 
0.02 0.02 0.05 0.02 0.05 0.05 0.04 0.04 0.05 0.05 
0.03 0.05 0.03 0.03 0.05 0.05 0.03 0.05 0.05 0.02 
0.02 0.02 0.04 0.04 0.02 0.03 0.05 0.02 0.05 0.04 
0.03 0.04 0.03 0.02 0.04 0.03 0.04 0.02 0.03 0.04 
0.05 0.05 0.03 0.04 0.05 0.05 0.04 0.04 0.05 0.05 
0.03 0.05 0.05 0.02 0.04 0.04 0.05 0.03 0.05 0.03 
0.03 0.03 0.02 0.03 0.04 0.05 0.03 0.03 0.02 0.02 
0.02 0.02 0.03 0.04 0.05 0.04 0.05 0.03 0.05 0.03 
0.02 0.03 0.02 0.03 0.05 0.03 0.03 0.02 0.05 0.02 
0.02 0.04 0.05 0.05 0.05 0.02 0.04 0.04 0.05 0.04 
0.05 0.04 0.03 0.03 0.04 0.05 0.04 0.05 0.04 0.05 
0.03 0.02 0.05 0.02 0.02 0.02 0.04 0.05 0.02 0.05 
0.03 0.02 0.05 0.03 0.03 0.03 0.04 0.03 0.03 0.02 
0.03 0.05 0.03 0.03 0.04 0.04 0.05 0.02 0.03 0.02 
0.02 0.02 0.03 0.04 0.03 0.02 0.03 0.04 0.02 0.05 
0.02 0.03 0.04 0.03 0.03 0.04 0.04 0.05 0.03 0.05 
0.05 0.02 0.04 0.03 0.03 0.02 0.02 0.05 0.04 0.04 
0.04 0.03 0.02 0.03 0.04 0.02 0.02 0.03 0.02 0.02 
0.03 0.02 0.04 0.02 0.03 0.03 0.02 0.05 0.02 0.02 
0.03 0.05 0.02 0.02 0.03 0.03 0.03 0.02 0.03 0.04 
0.03 0.05 0.03 0.03 0.05 0.02 0.04 0.04 0.03 0.02 
0.03 0.02 0.02 0.04 0.02 0.05 0.04 0.04 0.05 0.02 
0.03 0.05 0.02 0.03 0.04 0.03 0.02 0.02 0.05 0.02 
0.05 0.03 0.02 0.02 0.02 0.05 0.04 0.03 0.05 0.05 
0.05 0.03 0.02 0.04 0.03 0.03 0.05 0.05 0.05 0.04 
0.04 0.04 0.04 0.02 0.05 0.05 0.04 0.03 0.03 0.04 
0.04 0.03 0.02 0.04 0.03 0.02 0.05 0.04 0.05 0.04 
0.05 0.03 0.03 0.05 0.03 0.03 0.04 0.04 0.02 0.04 
0.05 0.03 0.02 0.02 0.05 0.03 0.02 0.04 0.04 0.05 
0.03 0.03 0.04 0.04 0.03 0.04 0.05 0.02 0.04 0.05 
0.04 0.05 0.02 0.04 0.05 0.05 0.05 0.02 0.04 0.05 
0.04 0.05 0.05 0.02 0.03 0.05 0.03 0.05 0.02 0.04 
0.04 0.03 0.05 0.05 0.03 0.04 0.03 0.05 0.02 0.02 
0.03 0.05 0.03 0.03 0.03 0.03 0.04 0.03 0.02 0.05 
0.03 0.03 0.04 0.03 0.02 0.05 0.04 0.03 0.02 0.04 
0.03 0.05 0.02 0.05 0.03 0.03 0.02 0.05 0.02 0.02 
0.04 0.03 0.03 0.04 0.05 0.04 0.04 0.04 0.04 0.04 
0.03 0.04 0.04 0.03 0.04 0.04 0.05 0.03 0.04 0.03 
0.03 0.02 0.03 0.04 0.03 0.05 0.02 0.03 0.05 0.05 
0.03 0.02 0.02 0.04 0.05 0.04 0.04 0.05 0.02 0.02 
0.04 0.04 0.03 0.02 0.05 0.03 0.03 0.02 0.02 0.03 
0.05 0.03 0.05 0.02 0.02 0.04 0.05 0.02 0.05 0.04 
0.02 0.02 0.05 0.03 0.02 0.02 0.02 0.04 0.05 0.02 
0.05 0.05 0.04 0.05 0.05 0.05 0.04 0.03 0.05 0.02 
0.05 0.05 0.04 0.02 0.03 0.03 0.05 0.04 0.02 0.02 
0.03 0.05 0.03 0.03 0.04 0.04 0.03 0.04 0.03 0.02 
0.05 0.03 0.05 0.04 0.05 0.04 0.03 0.02 0.05 0.02 
0.02 0.05 0.05 0.05 0.02 0.05 0.02 0.04 0.05 0.05 
0.02 0.03 0.04 0.03 0.02 0.02 0.04 0.02 0.04 0.04 
0.04 0.03 0.04 0.02 0.02 0.04 0.05 0.03 0.03 0.04 
0.04 0.04 0.04 0.05 0.04 0.03 0.05 0.05 0.02 0.03 
0.05 0.03 0.04 0.02 0.03 0.02 0.02 0.03 0.05 0.02 
0.03 0.05 0.03 0.03 0.04 0.05 0.03 0.02 0.05 0.04 
0.03 0.02 0.04 0.05 0.04 0.03 0.04 0.05 0.02 0.04 
0.05 0.02 0.04 0.03 0.02 0.03 0.02 0.03 0.02 0.05 
0.04 0.05 0.05 0.05 0.03 0.04 0.05 0.03 0.03 0.02 
0.04 0.02 0.04 0.03 0.03 0.03 0.02 0.04 0.02 0.04 
0.02 0.05 0.03 0.03 0.05 0.02 0.04 0.02 0.05 0.04 
0.03 0.04 0.03 0.05 0.03 0.02 0.02 0.05 0.03 0.03 
0.02 0.03 0.05 0.03 0.05 0.03 0.05 0.03 0.05 0.02 
0.04 0.05 0.04 0.04 0.05 0.04 0.05 0.04 0.05 0.04 
0.02 0.05 0.02 0.04 0.02 0.04 0.02 0.02 0.05 0.04 
0.05 0.03 0.02 0.03 0.03 0.04 0.02 0.02 0.04 0.02 
0.02 0.02 0.05 0.04 0.05 0.05 0.04 0.05 0.04 0.02 
0.02 0.04 0.05 0.05 0.02 0.04 0.05 0.05 0.04 0.04 
0.03 0.04 0.02 0.03 0.03 0.04 0.02 0.02 0.04 0.05 
0.02 0.05 0.05 0.02 0.05 0.04 0.02 0.02 0.04 0.03 
0.02 0.02 0.04 0.03 0.03 0.02 0.02 0.03 0.04 0.02 
0.02 0.05 0.02 0.05 0.03 0.05 0.02 0.02 0.02 0.02 
0.04 0.05 0.05 0.02 0.04 0.04 0.05 0.05 0.03 0.03 
0.04 0.02 0.02 0.04 0.03 0.04 0.03 0.03 0.05 0.05 
0.02 0.05 0.05 0.04 0.02 0.05 0.02 0.04 0.05 0.02 
0.05 0.03 0.04 0.02 0.04 0.04 0.03 0.02 0.02 0.05 
1.6335e-07 2.7225e-07 1.089e-07 2.7225e-07 1.6335e-07 1.6335e-07 2.7225e-07 1.6335e-07 1.6335e-07 1.089e-07 
1.6335e-07 2.7225e-07 2.7225e-07 2.178e-07 1.089e-07 2.178e-07 1.6335e-07 2.178e-07 1.089e-07 2.7225e-07 
1.089e-07 2.178e-07 1.6335e-07 2.7225e-07 1.6335e-07 2.7225e-07 1.089e-07 1.6335e-07 2.178e-07 1.089e-07 
2.178e-07 1.089e-07 2.7225e-07 1.089e-07 2.7225e-07 0.129444 0.122642 1.6335e-07 1.6335e-07 2.178e-07 
2.7225e-07 1.089e-07 1.6335e-07 1.089e-07 1.089e-07 2.7225e-07 2.178e-07 1.6335e-07 1.6335e-07 2.7225e-07 
2.178e-07 1.089e-07 1.6335e-07 1.089e-07 0.134627 1.089e-07 1.6335e-07 2.178e-07 1.089e-07 2.178e-07 
2.178e-07 2.7225e-07 1.089e-07 0.132154 1.089e-07 2.178e-07 2.7225e-07 2.178e-07 1.6335e-07 1.6335e-07 
2.178e-07 2.178e-07 2.7225e-07 1.6335e-07 0.126398 2.7225e-07 1.6335e-07 1.089e-07 1.089e-07 1.6335e-07 
1.6335e-07 2.7225e-07 2.7225e-07 2.178e-07 2.7225e-07 0.130711 0.137729 1.089e-07 1.6335e-07 1.089e-07 
1.6335e-07 1.6335e-07 2.7225e-07 2.7225e-07 2.7225e-07 2.178e-07 1.089e-07 2.178e-07 1.6335e-07 2.7225e-07 
0.05 0.03 0.02 0.02 0.03 0.05 0.03 0.02 0.03 0.05 
0.04 0.02 0.02 0.03 0.03 0.02 0.04 0.05 0.02 0.04 
0.05 0.05 0.04 0.05 0.02 0.05 0.05 0.02 0.04 0.04 
0.03 0.05 0.02 0.02 0.03 0.05 0.02 0.04 0.03 0.02 
0.03 0.05 0.05 0.05 0.05 0.03 0.04 0.04 0.05 0.04 
0.02 0.03 0.03 0.02 0.02 0.02 0.03 0.03 0.04 0.03 
0.05 0.05 0.03 0.03 0.05 0.04 0.02 0.03 0.05 0.05 
0.02 0.02 0.05 0.02 0.03 0.02 0.05 0.04 0.05 0.05 
0.02 0.03 0.02 0.02 0.03 0.02 0.03 0.02 0.02 0.04 
0.04 0.03 0.02 0.03 0.02 0.04 0.02 0.05 0.04 0.05 
0.02 0.02 0.05 0.02 0.03 0.03 0.02 0.03 0.03 0.03 
0.03 0.02 0.04 0.03 0.05 0.05 0.04 0.02 0.02 0.03 
0.02 0.02 0.04 0.03 0.03 0.04 0.03 0.02 0.02 0.05 
0.02 0.05 0.05 0.04 0.04 0.04 0.04 0.03 0.02 0.04 
0.04 0.05 0.02 0.03 0.04 0.04 0.04 0.05 0.02 0.03 
0.05 0.04 0.03 0.05 0.05 0.05 0.02 0.04 0.03 0.02 
0.04 0.05 0.02 0.02 0.03 0.03 0.02 0.03 0.03 0.02 
0.03 0.04 0.02 0.04 0.04 0.02 0.03 0.03 0.03 0.04 
0.05 0.05 0.02 0.02 0.02 0.03 0.04 0.03 0.02 0.03 
0.03 0.03 0.05 0.03 0.04 0.05 0.05 0.02 0.02 0.05 
0.02 0.03 0.04 0.02 0.04 0.04 0.05 0.04 0.04 0.05 
0.02 0.02 0.02 0.05 0.02 0.02 0.03 0.02 0.05 0.05 
0.03 0.05 0.05 0.03 0.03 0.03 0.04 0.05 0.04 0.03 
0.02 0.04 0.04 0.04 0.03 0.05 0.02 0.03 0.02 0.05 
0.03 0.03 0.05 0.02 0.05 0.02 0.05 0.02 0.03 0.04 
0.03 0.04 0.04 0.04 0.05 0.03 0.03 0.05 0.04 0.05 
0.02 0.05 0.02 0.03 0.05 0.03 0.02 0.03 0.05 0.02 
0.03 0.05 0.02 0.03 0.04 0.05 0.03 0.04 0.02 0.04 
0.04 0.04 0.05 0.05 0.02 0.03 0.02 0.05 0.04 0.04 
0.04 0.05 0.02 0.05 0.05 0.02 0.05 0.05 0.05 0.05 
0.02 0.03 0.04 0.03 0.03 0.03 0.04 0.03 0.03 0.03 
0.04 0.04 0.04 0.05 0.04 0.04 0.04 0.04 0.04 0.05 
0.05 0.02 0.02 0.04 0.04 0.05 0.03 0.02 0.02 0.05 
0.03 0.02 0.05 0.02 0.05 0.05 0.04 0.04 0.04 0.05 
0.04 0.03 0.04 0.02 0.03 0.05 0.04 0.03 0.04 0.04 
0.03 0.05 0.05 0.02 0.04 0.05 0.05 0.02 0.04 0.04 
0.03 0.04 0.04 0.03 0.04 0.02 0.02 0.02 0.05 0.05 
0.02 0.03 0.04 0.02 0.03 0.02 0.02 0.02 0.02 0.03 
0.05 0.03 0.04 0.04 0.04 0.02 0.05 0.05 0.03 0.03 
0.03 0.05 0.04 0.03 0.02 0.03 0.05 0.04 0.02 0.04 
