0.05 0.04 0.03 0.05 0.04 0.04 0.05 0.03 0.02 0.03 
0.04 0.03 0.04 0.04 0.02 0.02 0.05 0.03 0.02 0.04 
0.04 0.04 0.04 0.04 0.04 0.05 0.02 0.03 0.02 0.03 
0.05 0.03 0.02 0.03 0.04 0.03 0.04 0.05 0.04 0.03 
0.03 0.04 0.05 0.02 0.02 0.04 0.05 0.03 0.05 0.04 
0.02 0.05 0.03 0.05 0.03 0.03 0.05 0.05 0.05 0.05 
0.05 0.04 0.04 0.03 0.02 0.04 0.03 0.02 0.04 0.03 
0.04 0.04 0.02 0.02 0.02 0.02 0.04 0.04 0.04 0.03 
0.04 0.04 0.03 0.03 0.04 0.04 0.02 0.04 0.02 0.04 
0.04 0.05 0.02 0.02 0.03 0.02 0.02 0.02 0.03 0.02 
0.02 0.05 0.03 0.03 0.03 0.03 0.05 0.04 0.02 0.05 
0.02 0.03 0.03 0.03 0.03 0.05 0.03 0.02 0.02 0.03 
0.04 0.05 0.02 0.02 0.03 0.04 0.02 0.05 0.02 0.04 
0.05 0.02 0.05 0.05 0.05 0.03 0.04 0.03 0.02 0.02 
0.05 0.02 0.05 0.05 0.03 0.02 0.02 0.04 0.03 0.05 
0.04 0.05 0.03 0.03 0.03 0.03 0.04 0.04 0.04 0.05 
0.04 0.04 0.03 0.02 0.05 0.02 0.03 0.03 0.04 0.04 
0.04 0.02 0.03 0.05 0.03 0.02 0.02 0.04 0.03 0.03 
0.03 0.02 0.02 0.03 0.04 0.03 0.02 0.02 0.03 0.05 
0.02 0.04 0.05 0.04 0.02 0.05 0.04 0.02 0.04 0.03 
0.04 0.03 0.02 0.02 0.03 0.02 0.02 0.02 0.03 0.05 
0.05 0.03 0.04 0.02 0.04 0.04 0.04 0.03 0.04 0.04 
0.02 0.04 0.02 0.04 0.02 0.04 0.02 0.05 0.04 0.04 
0.05 0.03 0.04 0.04 0.05 0.04 0.04 0.02 0.02 0.02 
0.02 0.05 0.03 0.04 0.05 0.03 0.03 0.05 0.02 0.04 
0.03 0.02 0.03 0.02 0.05 0.03 0.02 0.02 0.02 0.02 
0.02 0.05 0.03 0.04 0.04 0.04 0.05 0.04 0.02 0.04 
0.03 0.02 0.05 0.04 0.02 0.05 0.02 0.05 0.05 0.05 
0.03 0.02 0.05 0.05 0.03 0.05 0.02 0.05 0.05 0.04 
0.02 0.02 0.02 0.02 0.05 0.05 0.05 0.03 0.04 0.02 
0.03 0.05 0.03 0.04 0.05 0.03 0.02 0.03 0.02 0.04 
0.05 0.04 0.05 0.03 0.05 0.02 0.03 0.02 0.05 0.05 
0.02 0.03 0.03 0.02 0.05 0.03 0.02 0.04 0.02 0.03 
0.05 0.04 0.02 0.03 0.02 0.05 0.04 0.02 0.03 0.03 
0.05 0.02 0.04 0.05 0.02 0.02 0.02 0.04 0.05 0.02 
0.02 0.04 0.04 0.02 0.04 0.02 0.05 0.05 0.02 0.04 
0.03 0.05 0.05 0.02 0.02 0.02 0.05 0.03 0.02 0.04 
0.02 0.05 0.02 0.04 0.05 0.03 0.03 0.04 0.03 0.03 
0.02 0.05 0.05 0.02 0.05 0.03 0.05 0.02 0.04 0.02 
0.05 0.04 0.03 0.05 0.03 0.03 0.05 0.02 0.03 0.05 
0.0388256 0.048532 0.048532 0.0194128 0.0291192 0.0194128 0.048532 0.048532 0.0388256 0.0388256 
0.0194128 0.0388256 0.0388256 0.0291192 0.0194128 0.0388256 0.0388256 0.0291192 0.0194128 0.0194128 
0.048532 0.048532 0.0194128 0.0194128 0.048532 0.048532 0.048532 0.0194128 0.048532 0.0291192 
0.0291192 0.0194128 0.048532 0.0388256 0.0194128 0.0291289 0.0291192 0.0291192 0.0388256 0.0291192 
0.0194128 0.048532 0.0291192 0.048532 0.0194128 0.0688832 0.0291192 0.048532 0.048532 0.0291192 
0.048532 0.048532 0.0194128 0.0291192 0.0194128 0.0511975 0.0291192 0.0291192 0.0388256 0.048532 
0.048532 0.048532 0.0388256 0.0291192 0.048532 0.050709 0.0291192 0.0194128 0.0291192 0.048532 
0.048532 0.0388256 0.048532 0.048532 0.0388256 0.0566399 0.048532 0.048532 0.0388256 0.048532 
0.048532 0.048532 0.048532 0.048532 0.048532 0.0590929 0.0388256 0.048532 0.048532 0.0194128 
0.0291192 0.0388256 0.0388256 0.048532 0.0194128 0.0423535 0.0453211 0.0385554 0.0388256 0.048532 
0.03 0.02 0.02 0.05 0.04 0.02 0.02 0.02 0.03 0.03 
0.05 0.04 0.02 0.05 0.04 0.04 0.02 0.04 0.03 0.05 
0.02 0.02 0.02 0.02 0.03 0.04 0.05 0.04 0.04 0.04 
0.04 0.03 0.04 0.03 0.02 0.05 0.04 0.03 0.03 0.05 
0.02 0.03 0.02 0.02 0.05 0.04 0.03 0.02 0.03 0.05 
0.03 0.04 0.05 0.05 0.02 0.04 0.04 0.05 0.02 0.03 
0.04 0.03 0.04 0.03 0.04 0.04 0.04 0.02 0.04 0.04 
0.04 0.02 0.02 0.03 0.02 0.03 0.02 0.04 0.05 0.03 
0.03 0.03 0.04 0.05 0.05 0.02 0.02 0.02 0.03 0.05 
0.02 0.04 0.02 0.03 0.03 0.05 0.04 0.03 0.05 0.04 
0.05 0.04 0.05 0.04 0.05 0.02 0.05 0.02 0.03 0.05 
0.03 0.03 0.02 0.02 0.03 0.04 0.03 0.03 0.04 0.04 
0.02 0.02 0.05 0.04 0.03 0.03 0.05 0.05 0.02 0.05 
0.05 0.03 0.03 0.03 0.04 0.03 0.04 0.02 0.05 0.05 
0.04 0.04 0.02 0.05 0.03 0.02 0.02 0.02 0.05 0.02 
0.03 0.02 0.03 0.04 0.03 0.05 0.03 0.03 0.02 0.03 
0.03 0.03 0.03 0.05 0.03 0.02 0.04 0.05 0.04 0.05 
0.05 0.05 0.02 0.02 0.05 0.03 0.05 0.05 0.02 0.02 
0.03 0.05 0.02 0.02 0.04 0.05 0.02 0.02 0.05 0.03 
0.05 0.03 0.03 0.02 0.03 0.05 0.04 0.03 0.05 0.05 
0.05 0.03 0.04 0.05 0.02 0.02 0.02 0.05 0.03 0.04 
0.03 0.03 0.04 0.02 0.03 0.03 0.03 0.05 0.02 0.03 
0.04 0.03 0.04 0.04 0.05 0.03 0.04 0.05 0.03 0.03 
0.03 0.03 0.02 0.04 0.02 0.05 0.03 0.03 0.05 0.02 
0.02 0.02 0.03 0.05 0.03 0.03 0.05 0.02 0.04 0.03 
0.05 0.03 0.04 0.03 0.04 0.02 0.03 0.04 0.03 0.04 
0.04 0.04 0.02 0.02 0.04 0.05 0.03 0.05 0.03 0.02 
0.03 0.03 0.03 0.02 0.03 0.05 0.02 0.02 0.04 0.02 
0.04 0.03 0.02 0.02 0.05 0.03 0.03 0.02 0.02 0.02 
0.04 0.05 0.04 0.05 0.02 0.03 0.05 0.05 0.04 0.05 
0.05 0.02 0.03 0.02 0.04 0.04 0.03 0.02 0.04 0.05 
0.02 0.05 0.02 0.03 0.04 0.02 0.03 0.05 0.04 0.04 
0.03 0.05 0.04 0.04 0.02 0.02 0.05 0.02 0.03 0.03 
0.03 0.04 0.02 0.02 0.05 0.03 0.05 0.03 0.02 0.02 
0.04 0.03 0.05 0.03 0.02 0.04 0.05 0.02 0.04 0.04 
0.04 0.03 0.05 0.04 0.03 0.05 0.03 0.05 0.04 0.05 
0.04 0.03 0.03 0.02 0.03 0.04 0.02 0.02 0.05 0.04 
0.05 0.05 0.05 0.04 0.03 0.05 0.02 0.02 0.03 0.04 
0.02 0.03 0.05 0.04 0.05 0.05 0.02 0.05 0.02 0.03 
0.05 0.03 0.05 0.03 0.04 0.02 0.03 0.04 0.04 0.03 
0.05 0.05 0.02 0.05 0.04 0.02 0.04 0.05 0.03 0.05 
0.04 0.02 0.02 0.05 0.05 0.03 0.03 0.05 0.02 0.04 
0.02 0.02 0.04 0.05 0.02 0.05 0.04 0.05 0.04 0.02 
0.04 0.05 0.05 0.04 0.03 0.04 0.04 0.05 0.03 0.02 
0.04 0.03 0.05 0.03 0.05 0.05 0.05 0.05 0.03 0.03 
0.05 0.03 0.04 0.04 0.04 0.04 0.04 0.05 0.05 0.04 
0.05 0.05 0.02 0.02 0.04 0.05 0.04 0.04 0.04 0.05 
0.04 0.04 0.05 0.05 0.02 0.04 0.04 0.05 0.04 0.03 
0.02 0.02 0.02 0.05 0.02 0.03 0.05 0.03 0.05 0.05 
0.04 0.03 0.02 0.02 0.04 0.02 0.05 0.04 0.02 0.03 
0.05 0.05 0.04 0.02 0.03 0.04 0.02 0.03 0.05 0.04 
0.04 0.02 0.05 0.05 0.04 0.04 0.02 0.02 0.03 0.03 
0.02 0.04 0.02 0.05 0.02 0.04 0.03 0.04 0.03 0.03 
0.02 0.02 0.03 0.02 0.02 0.02 0.05 0.05 0.04 0.02 
0.05 0.05 0.02 0.04 0.02 0.05 0.03 0.02 0.02 0.05 
0.05 0.02 0.04 0.05 0.03 0.04 0.02 0.04 0.05 0.04 
0.05 0.05 0.02 0.04 0.04 0.02 0.05 0.05 0.04 0.04 
0.04 0.03 0.02 0.04 0.04 0.03 0.05 0.05 0.04 0.02 
0.02 0.04 0.04 0.04 0.03 0.03 0.05 0.03 0.05 0.02 
0.03 0.02 0.03 0.05 0.05 0.05 0.05 0.05 0.04 0.02 
0.03 0.02 0.03 0.03 0.04 0.04 0.05 0.02 0.04 0.04 
0.04 0.02 0.05 0.02 0.03 0.03 0.02 0.04 0.02 0.05 
0.04 0.03 0.04 0.05 0.05 0.02 0.04 0.04 0.05 0.05 
0.02 0.04 0.05 0.02 0.04 0.05 0.02 0.02 0.05 0.04 
0.05 0.04 0.03 0.04 0.02 0.05 0.02 0.03 0.02 0.05 
0.05 0.05 0.02 0.02 0.05 0.05 0.02 0.04 0.03 0.02 
0.05 0.02 0.03 0.04 0.04 0.04 0.04 0.02 0.02 0.02 
0.02 0.02 0.03 0.04 0.05 0.03 0.03 0.05 0.02 0.05 
0.04 0.04 0.05 0.03 0.02 0.04 0.05 0.02 0.02 0.05 
0.02 0.03 0.04 0.04 0.03 0.03 0.04 0.05 0.04 0.03 
0.02 0.04 0.03 0.03 0.02 0.02 0.03 0.05 0.04 0.04 
0.05 0.02 0.03 0.02 0.03 0.04 0.03 0.04 0.04 0.04 
0.03 0.05 0.02 0.02 0.02 0.05 0.05 0.03 0.04 0.05 
0.02 0.04 0.05 0.04 0.05 0.04 0.03 0.05 0.05 0.03 
0.04 0.03 0.03 0.02 0.05 0.02 0.02 0.05 0.02 0.05 
0.04 0.02 0.05 0.05 0.02 0.05 0.03 0.05 0.04 0.05 
0.04 0.05 0.05 0.05 0.05 0.05 0.04 0.04 0.04 0.04 
0.03 0.03 0.02 0.04 0.04 0.03 0.03 0.03 0.03 0.02 
0.02 0.04 0.02 0.02 0.02 0.02 0.05 0.04 0.02 0.03 
0.05 0.05 0.03 0.02 0.03 0.04 0.02 0.04 0.03 0.04 
0.03 0.03 0.04 0.02 0.04 0.02 0.02 0.05 0.05 0.03 
0.02 0.02 0.05 0.05 0.04 0.02 0.02 0.05 0.03 0.05 
0.03 0.04 0.05 0.02 0.04 0.03 0.05 0.04 0.05 0.05 
0.03 0.02 0.02 0.04 0.02 0.05 0.05 0.02 0.02 0.05 
0.04 0.04 0.04 0.02 0.05 0.03 0.03 0.04 0.04 0.05 
0.05 0.03 0.04 0.03 0.05 0.05 0.03 0.04 0.05 0.02 
0.02 0.05 0.02 0.05 0.04 0.05 0.05 0.04 0.05 0.05 
0.02 0.04 0.02 0.02 0.02 0.04 0.02 0.02 0.05 0.04 
0.05 0.03 0.04 0.05 0.05 0.02 0.02 0.02 0.05 0.02 
0.04 0.05 0.03 0.04 0.05 0.04 0.04 0.03 0.04 0.02 
0.02 0.05 0.03 0.04 0.03 0.04 0.02 0.02 0.03 0.04 
0.04 0.05 0.05 0.03 0.02 0.05 0.03 0.05 0.04 0.05 
0.05 0.05 0.03 0.03 0.02 0.04 0.04 0.04 0.04 0.03 
0.05 0.02 0.05 0.05 0.05 0.03 0.04 0.04 0.03 0.03 
0.03 0.04 0.02 0.04 0.05 0.04 0.03 0.02 0.04 0.04 
0.02 0.05 0.04 0.03 0.03 0.03 0.02 0.04 0.05 0.03 
0.04 0.04 0.04 0.02 0.03 0.03 0.02 0.04 0.04 0.03 
0.03 0.04 0.04 0.02 0.02 0.05 0.02 0.04 0.04 0.02 
0.02 0.03 0.04 0.05 0.05 0.02 0.03 0.05 0.04 0.02 
0.03 0.05 0.05 0.02 0.03 0.02 0.05 0.05 0.02 0.05 
0.03 0.04 0.03 0.05 0.05 0.05 0.03 0.05 0.05 0.05 
0.03 0.04 0.04 0.03 0.03 0.05 0.05 0.04 0.04 0.05 
0.02 0.04 0.05 0.05 0.04 0.03 0.02 0.02 0.04 0.04 
0.02 0.02 0.02 0.02 0.03 0.05 0.04 0.05 0.04 0.05 
0.03 0.05 0.02 0.02 0.02 0.03 0.04 0.02 0.05 0.02 
0.02 0.04 0.02 0.05 0.04 0.02 0.02 0.03 0.04 0.05 
0.02 0.05 0.03 0.04 0.02 0.03 0.04 0.03 0.05 0.02 
0.03 0.05 0.02 0.05 0.02 0.04 0.05 0.02 0.05 0.02 
0.03 0.03 0.02 0.03 0.03 0.03 0.04 0.03 0.02 0.03 
0.05 0.02 0.04 0.03 0.02 0.04 0.04 0.03 0.03 0.02 
0.02 0.03 0.05 0.05 0.02 0.02 0.02 0.04 0.03 0.03 
0.05 0.05 0.02 0.02 0.05 0.05 0.02 0.03 0.03 0.02 
0.04 0.03 0.04 0.02 0.03 0.04 0.04 0.04 0.05 0.05 
0.03 0.04 0.05 0.03 0.05 0.02 0.03 0.03 0.02 0.05 
0.02 0.02 0.03 0.02 0.03 0.04 0.03 0.02 0.05 0.02 
0.02 0.02 0.03 0.04 0.02 0.02 0.05 0.02 0.05 0.05 
0.04 0.05 0.02 0.02 0.05 0.02 0.02 0.04 0.04 0.02 
0.05 0.03 0.05 0.05 0.03 0.03 0.05 0.05 0.04 0.05 
0.02 0.04 0.04 0.02 0.02 0.04 0.05 0.02 0.04 0.04 
0.03 0.03 0.02 0.03 0.03 0.03 0.04 0.04 0.02 0.02 
0.04 0.05 0.03 0.03 0.03 0.02 0.05 0.04 0.03 0.03 
0.03 0.04 0.04 0.04 0.03 0.02 0.04 0.04 0.02 0.03 
0.03 0.03 0.05 0.03 0.05 0.03 0.02 0.03 0.05 0.03 
0.03 0.03 0.05 0.05 0.04 0.03 0.03 0.02 0.02 0.03 
0.03 0.03 0.05 0.03 0.04 0.05 0.02 0.03 0.05 0.04 
0.04 0.05 0.04 0.05 0.02 0.02 0.02 0.05 0.04 0.04 
0.03 0.03 0.02 0.04 0.02 0.04 0.05 0.03 0.03 0.04 
0.02 0.04 0.04 0.02 0.03 0.02 0.03 0.03 0.02 0.02 
0.02 0.03 0.04 0.05 0.03 0.05 0.04 0.02 0.04 0.04 
0.04 0.02 0.03 0.02 0.02 0.03 0.04 0.02 0.05 0.04 
0.05 0.02 0.02 0.03 0.04 0.03 0.03 0.02 0.04 0.05 
0.02 0.04 0.04 0.02 0.03 0.03 0.04 0.02 0.02 0.03 
0.04 0.05 0.05 0.03 0.03 0.02 0.05 0.02 0.05 0.05 
0.04 0.04 0.03 0.04 0.05 0.05 0.04 0.05 0.04 0.02 
0.03 0.03 0.03 0.02 0.02 0.02 0.04 0.05 0.03 0.03 
0.04 0.04 0.03 0.03 0.02 0.04 0.03 0.05 0.02 0.03 
0.05 0.05 0.05 0.05 0.02 0.04 0.03 0.05 0.03 0.02 
0.05 0.05 0.02 0.04 0.02 0.03 0.04 0.05 0.03 0.05 
0.02 0.04 0.02 0.05 0.05 0.03 0.04 0.04 0.05 0.02 
0.05 0.02 0.04 0.05 0.05 0.04 0.05 0.02 0.03 0.05 
0.02 0.04 0.03 0.02 0.02 0.04 0.03 0.03 0.03 0.04 
0.03 0.04 0.05 0.03 0.03 0.04 0.02 0.05 0.05 0.05 
0.04 0.04 0.03 0.02 0.04 0.02 0.02 0.03 0.03 0.05 
0.04 0.05 0.02 0.03 0.02 0.05 0.02 0.05 0.03 0.05 
0.02 0.02 0.04 0.03 0.05 0.03 0.02 0.05 0.02 0.02 
0.03 0.02 0.04 0.05 0.03 0.05 0.02 0.03 0.02 0.05 
0.05 0.05 0.04 0.05 0.04 0.05 0.02 0.02 0.02 0.02 
0.03 0.03 0.03 0.03 0.04 0.05 0.04 0.03 0.03 0.03 
0.02 0.05 0.04 0.02 0.03 0.05 0.05 0.04 0.04 0.05 
0.02 0.04 0.03 0.02 0.04 0.04 0.05 0.03 0.03 0.03 
0.02 0.02 0.03 0.04 0.04 0.05 0.04 0.04 0.03 0.05 
0.03 0.04 0.05 0.05 0.02 0.03 0.05 0.02 0.05 0.03 
0.02 0.04 0.03 0.02 0.03 0.05 0.05 0.02 0.04 0.05 
0.02 0.02 0.05 0.04 0.05 0.04 0.03 0.03 0.02 0.05 
0.02 0.05 0.02 0.04 0.05 0.04 0.03 0.04 0.03 0.04 
0.04 0.02 0.04 0.03 0.02 0.03 0.03 0.02 0.03 0.04 
0.03 0.04 0.02 0.05 0.02 0.05 0.02 0.04 0.03 0.05 
0.05 0.05 0.03 0.03 0.04 0.05 0.03 0.05 0.04 0.04 
0.02 0.04 0.04 0.05 0.05 0.02 0.04 0.04 0.02 0.03 
0.04 0.04 0.02 0.02 0.03 0.05 0.05 0.02 0.05 0.03 
0.02 0.05 0.03 0.03 0.04 0.03 0.02 0.04 0.05 0.04 
0.05 0.04 0.05 0.02 0.05 0.04 0.05 0.05 0.05 0.02 
0.03 0.04 0.04 0.05 0.04 0.05 0.04 0.04 0.03 0.02 
0.02 0.02 0.04 0.04 0.03 0.02 0.04 0.04 0.02 0.05 
0.02 0.02 0.04 0.04 0.05 0.03 0.02 0.03 0.05 0.03 
0.02 0.03 0.04 0.03 0.03 0.03 0.04 0.05 0.05 0.05 
0.04 0.02 0.02 0.03 0.04 0.02 0.05 0.05 0.03 0.05 
0.04 0.03 0.05 0.04 0.04 0.03 0.04 0.04 0.03 0.03 
0.05 0.02 0.05 0.04 0.05 0.04 0.03 0.05 0.04 0.02 
0.03 0.05 0.02 0.04 0.04 0.05 0.03 0.03 0.03 0.05 
0.05 0.05 0.03 0.03 0.03 0.05 0.04 0.05 0.04 0.05 
0.02 0.05 0.02 0.02 0.04 0.04 0.05 0.04 0.03 0.05 
0.02 0.05 0.02 0.02 0.03 0.04 0.03 0.03 0.02 0.05 
0.04 0.03 0.03 0.04 0.04 0.04 0.05 0.03 0.05 0.03 
0.04 0.04 0.02 0.05 0.03 0.05 0.04 0.05 0.03 0.04 
0.04 0.04 0.05 0.02 0.05 0.03 0.02 0.03 0.03 0.04 
0.04 0.02 0.04 0.02 0.03 0.04 0.04 0.05 0.02 0.02 
0.04 0.05 0.05 0.04 0.04 0.04 0.05 0.05 0.03 0.03 
0.03 0.04 0.05 0.05 0.03 0.05 0.03 0.03 0.04 0.04 
0.04 0.04 0.03 0.05 0.05 0.04 0.05 0.03 0.05 0.02 
0.03 0.05 0.02 0.03 0.03 0.04 0.03 0.02 0.04 0.04 
0.03 0.03 0.04 0.03 0.02 0.05 0.02 0.05 0.03 0.03 
0.02 0.05 0.02 0.03 0.04 0.03 0.03 0.03 0.02 0.02 
0.02 0.05 0.02 0.03 0.03 0.04 0.02 0.04 0.02 0.05 
0.02 0.05 0.05 0.03 0.05 0.04 0.02 0.04 0.05 0.03 
0.04 0.02 0.05 0.02 0.03 0.03 0.03 0.04 0.04 0.03 
0.05 0.02 0.03 0.03 0.03 0.05 0.04 0.04 0.04 0.02 
0.03 0.04 0.05 0.02 0.03 0.03 0.04 0.05 0.04 0.04 
0.04 0.04 0.02 0.03 0.02 0.03 0.04 0.04 0.03 0.02 
0.04 0.05 0.05 0.03 0.05 0.04 0.05 0.03 0.05 0.03 
0.04 0.02 0.04 0.05 0.04 0.05 0.03 0.02 0.04 0.05 
0.03 0.03 0.05 0.04 0.02 0.04 0.02 0.05 0.02 0.02 
0.02 0.02 0.03 0.04 0.03 0.03 0.03 0.03 0.04 0.03 
0.02 0.05 0.04 0.02 0.04 0.03 0.05 0.04 0.05 0.05 
0.04 0.02 0.03 0.05 0.02 0.03 0.02 0.05 0.05 0.03 
0.04 0.05 0.02 0.04 0.02 0.04 0.05 0.02 0.04 0.02 
0.05 0.02 0.03 0.02 0.02 0.05 0.03 0.04 0.04 0.04 
0.04 0.05 0.05 0.03 0.03 0.02 0.02 0.03 0.05 0.02 
0.03 0.02 0.04 0.05 0.03 0.04 0.05 0.02 0.05 0.02 
0.02 0.04 0.03 0.05 0.05 0.02 0.05 0.03 0.03 0.03 
0.02 0.05 0.03 0.02 0.02 0.05 0.04 0.03 0.03 0.03 
0.02 0.05 0.04 0.05 0.03 0.04 0.03 0.03 0.02 0.03 
0.04 0.02 0.05 0.02 0.04 0.05 0.02 0.03 0.02 0.03 
0.03 0.03 0.02 0.04 0.04 0.04 0.03 0.03 0.02 0.02 
0.02 0.04 0.02 0.03 0.04 0.03 0.04 0.05 0.04 0.02 
0.05 0.04 0.04 0.02 0.05 0.04 0.05 0.03 0.03 0.04 
0.04 0.05 0.03 0.05 0.03 0.03 0.02 0.04 0.05 0.03 
0.05 0.03 0.02 0.04 0.02 0.05 0.03 0.02 0.04 0.02 
0.02 0.04 0.05 0.04 0.05 0.02 0.03 0.03 0.03 0.03 
0.04 0.04 0.05 0.04 0.05 0.02 0.04 0.05 0.05 0.03 
0.02 0.02 0.05 0.03 0.03 0.05 0.04 0.02 0.02 0.05 
0.04 0.04 0.03 0.03 0.04 0.05 0.04 0.02 0.05 0.03 
0.05 0.05 0.05 0.05 0.03 0.04 0.02 0.04 0.03 0.05 
0.03 0.03 0.02 0.02 0.04 0.03 0.03 0.05 0.03 0.02 
0.05 0.05 0.05 0.05 0.05 0.04 0.05 0.03 0.02 0.05 
0.03 0.05 0.05 0.03 0.04 0.02 0.04 0.05 0.02 0.03 
0.03 0.04 0.03 0.03 0.02 0.05 0.03 0.03 0.03 0.03 
0.04 0.02 0.04 0.05 0.05 0.02 0.03 0.02 0.04 0.05 
0.05 0.05 0.05 0.03 0.04 0.02 0.04 0.02 0.03 0.03 
0.04 0.03 0.02 0.03 0.04 0.03 0.03 0.04 0.03 0.04 
0.05 0.05 0.05 0.05 0.04 0.02 0.02 0.03 0.04 0.02 
0.03 0.05 0.05 0.04 0.03 0.05 0.02 0.03 0.05 0.03 
0.04 0.05 0.02 0.03 0.02 0.03 0.02 0.02 0.04 0.05 
0.05 0.02 0.03 0.02 0.04 0.04 0.05 0.04 0.03 0.03 
0.04 0.03 0.03 0.04 0.05 0.02 0.03 0.03 0.04 0.02 
0.02 0.05 0.03 0.02 0.02 0.04 0.05 0.03 0.05 0.04 
0.02 0.05 0.03 0.03 0.03 0.05 0.05 0.04 0.05 0.03 
0.03 0.02 0.05 0.02 0.03 0.03 0.02 0.02 0.03 0.02 
0.02 0.03 0.05 0.05 0.03 0.02 0.05 0.03 0.05 0.02 
0.04 0.02 0.04 0.05 0.02 0.02 0.03 0.04 0.03 0.05 
0.02 0.05 0.04 0.05 0.02 0.02 0.05 0.03 0.05 0.04 
0.03 0.03 0.05 0.04 0.04 0.04 0.02 0.05 0.02 0.03 
0.05 0.02 0.05 0.05 0.05 0.02 0.04 0.04 0.02 0.03 
0.02 0.03 0.05 0.03 0.03 0.02 0.05 0.05 0.03 0.02 
0.04 0.02 0.02 0.03 0.02 0.05 0.03 0.03 0.03 0.03 
0.02 0.03 0.02 0.03 0.04 0.04 0.04 0.03 0.05 0.05 
0.04 0.03 0.02 0.05 0.03 0.04 0.03 0.04 0.02 0.05 
0.02 0.05 0.04 0.05 0.04 0.04 0.03 0.04 0.02 0.04 
0.05 0.03 0.04 0.04 0.05 0.02 0.04 0.05 0.04 0.03 
0.02 0.05 0.02 0.03 0.03 0.04 0.03 0.04 0.02 0.03 
0.04 0.02 0.03 0.05 0.03 0.03 0.02 0.05 0.04 0.03 
0.03 0.04 0.04 0.03 0.03 0.02 0.05 0.04 0.05 0.02 
0.04 0.02 0.04 0.04 0.05 0.02 0.04 0.02 0.03 0.03 
0.04 0.04 0.05 0.04 0.02 0.05 0.02 0.02 0.04 0.02 
0.04 0.02 0.02 0.04 0.02 0.03 0.02 0.02 0.02 0.02 
0.05 0.02 0.03 0.02 0.02 0.02 0.05 0.02 0.05 0.02 
0.03 0.05 0.02 0.03 0.03 0.04 0.04 0.03 0.04 0.02 
0.04 0.03 0.03 0.05 0.02 0.04 0.02 0.03 0.02 0.05 
0.03 0.03 0.03 0.02 0.04 0.03 0.05 0.03 0.02 0.05 
0.02 0.05 0.02 0.03 0.03 0.02 0.03 0.03 0.03 0.03 
0.03 0.02 0.02 0.03 0.02 0.03 0.03 0.05 0.05 0.03 
0.04 0.03 0.03 0.02 0.02 0.03 0.05 0.05 0.04 0.05 
0.04 0.05 0.02 0.03 0.04 0.05 0.05 0.03 0.05 0.02 
0.04 0.03 0.04 0.05 0.04 0.04 0.04 0.02 0.05 0.05 
0.03 0.02 0.04 0.02 0.02 0.03 0.02 0.02 0.05 0.04 
0.04 0.03 0.03 0.05 0.03 0.02 0.04 0.02 0.05 0.03 
0.05 0.03 0.05 0.05 0.05 0.03 0.05 0.04 0.02 0.02 
0.03 0.02 0.02 0.04 0.03 0.04 0.03 0.02 0.04 0.02 
0.03 0.02 0.02 0.03 0.05 0.04 0.02 0.02 0.05 0.03 
0.05 0.04 0.03 0.03 0.04 0.02 0.04 0.03 0.05 0.02 
0.05 0.03 0.05 0.05 0.04 0.04 0.05 0.04 0.05 0.05 
0.02 0.04 0.03 0.02 0.05 0.04 0.05 0.02 0.02 0.02 
0.04 0.04 0.03 0.03 0.03 0.02 0.04 0.02 0.02 0.04 
0.05 0.04 0.05 0.04 0.05 0.03 0.03 0.05 0.05 0.03 
0.02 0.04 0.05 0.03 0.02 0.03 0.02 0.04 0.03 0.05 
0.02 0.02 0.04 0.03 0.05 0.05 0.03 0.03 0.04 0.04 
0.04 0.05 0.04 0.02 0.03 0.03 0.04 0.04 0.04 0.02 
0.04 0.03 0.04 0.05 0.05 0.04 0.05 0.02 0.04 0.05 
0.03 0.05 0.05 0.05 0.04 0.04 0.04 0.04 0.04 0.05 
0.04 0.04 0.02 0.04 0.04 0.05 0.03 0.04 0.03 0.03 
0.05 0.05 0.04 0.02 0.04 0.05 0.05 0.03 0.04 0.02 
0.03 0.05 0.05 0.05 0.05 0.05 0.02 0.04 0.02 0.04 
0.02 0.05 0.04 0.04 0.02 0.04 0.04 0.05 0.03 0.02 
0.03 0.04 0.04 0.03 0.05 0.02 0.04 0.03 0.04 0.02 
0.04 0.03 0.05 0.03 0.03 0.03 0.02 0.05 0.04 0.05 
0.03 0.02 0.04 0.03 0.03 0.03 0.03 0.04 0.03 0.05 
0.05 0.03 0.03 0.04 0.02 0.04 0.02 0.04 0.03 0.04 
0.02 0.03 0.04 0.05 0.03 0.05 0.02 0.02 0.03 0.03 
0.05 0.03 0.03 0.03 0.02 0.04 0.05 0.03 0.03 0.05 
0.02 0.03 0.05 0.05 0.04 0.02 0.05 0.03 0.05 0.04 
0.02 0.03 0.02 0.03 0.03 0.04 0.04 0.02 0.03 0.03 
0.04 0.04 0.05 0.02 0.04 0.05 0.03 0.02 0.02 0.04 
0.04 0.03 0.03 0.05 0.05 0.04 0.02 0.02 0.03 0.04 
0.04 0.04 0.02 0.03 0.03 0.02 0.02 0.03 0.02 0.02 
0.04 0.05 0.05 0.04 0.05 0.04 0.04 0.05 0.05 0.02 
0.05 0.03 0.04 0.05 0.02 0.04 0.04 0.02 0.05 0.03 
0.05 0.02 0.02 0.04 0.03 0.02 0.04 0.03 0.02 0.04 
0.04 0.02 0.05 0.02 0.04 0.03 0.03 0.05 0.03 0.05 
0.05 0.02 0.02 0.02 0.02 0.04 0.02 0.02 0.04 0.05 
0.02 0.04 0.03 0.03 0.03 0.02 0.03 0.04 0.03 0.02 
0.02 0.03 0.02 0.03 0.03 0.02 0.05 0.05 0.05 0.03 
0.05 0.03 0.02 0.03 0.04 0.04 0.03 0.02 0.05 0.05 
0.04 0.02 0.04 0.03 0.03 0.03 0.05 0.04 0.03 0.05 
0.04 0.02 0.02 0.02 0.02 0.02 0.05 0.05 0.02 0.04 
0.05 0.04 0.03 0.02 0.03 0.03 0.02 0.02 0.02 0.02 
0.02 0.04 0.02 0.03 0.03 0.02 0.02 0.02 0.04 0.03 
0.05 0.05 0.03 0.03 0.04 0.03 0.03 0.05 0.04 0.04 
0.04 0.02 0.04 0.03 0.04 0.02 0.02 0.04 0.05 0.03 
0.03 0.04 0.04 0.02 0.03 0.05 0.03 0.04 0.03 0.05 
0.03 0.02 0.04 0.03 0.05 0.02 0.02 0.04 0.04 0.02 
0.03 0.05 0.04 0.02 0.05 0.05 0.04 0.02 0.02 0.05 
0.03 0.03 0.04 0.02 0.05 0.04 0.04 0.05 0.02 0.04 
0.05 0.04 0.05 0.04 0.05 0.04 0.03 0.05 0.02 0.03 
0.04 0.04 0.03 0.05 0.05 0.02 0.05 0.04 0.03 0.04 
0.04 0.02 0.03 0.02 0.03 0.03 0.03 0.04 0.03 0.03 
0.03 0.05 0.04 0.04 0.04 0.02 0.05 0.05 0.02 0.04 
0.04 0.03 0.05 0.05 0.05 0.04 0.03 0.05 0.04 0.04 
0.02 0.05 0.04 0.04 0.05 0.03 0.02 0.05 0.05 0.02 
0.04 0.03 0.02 0.02 0.05 0.02 0.03 0.02 0.03 0.05 
0.04 0.05 0.03 0.04 0.04 0.04 0.02 0.03 0.04 0.04 
0.03 0.03 0.02 0.02 0.05 0.04 0.04 0.02 0.04 0.04 
0.03 0.02 0.02 0.05 0.03 0.04 0.03 0.04 0.04 0.03 
0.04 0.03 0.03 0.05 0.02 0.02 0.05 0.04 0.05 0.02 
0.02 0.05 0.04 0.05 0.04 0.05 0.04 0.04 0.03 0.05 
0.04 0.02 0.05 0.05 0.04 0.02 0.05 0.05 0.03 0.05 
0.02 0.05 0.04 0.04 0.02 0.02 0.02 0.05 0.02 0.04 
0.03 0.03 0.04 0.05 0.05 0.04 0.02 0.03 0.04 0.02 
0.02 0.03 0.05 0.03 0.04 0.04 0.03 0.03 0.02 0.02 
0.02 0.03 0.04 0.05 0.02 0.04 0.02 0.02 0.05 0.04 
0.02 0.02 0.04 0.05 0.04 0.05 0.02 0.05 0.03 0.04 
0.05 0.05 0.02 0.02 0.03 0.02 0.04 0.02 0.02 0.03 
0.03 0.04 0.02 0.04 0.02 0.02 0.04 0.03 0.03 0.03 
0.04 0.02 0.04 0.05 0.04 0.04 0.04 0.04 0.03 0.05 
0.03 0.03 0.03 0.03 0.04 0.03 0.04 0.05 0.05 0.03 
0.03 0.03 0.03 0.05 0.04 0.03 0.02 0.02 0.05 0.02 
0.04 0.04 0.03 0.02 0.05 0.05 0.03 0.03 0.04 0.04 
0.02 0.02 0.05 0.02 0.05 0.03 0.05 0.04 0.02 0.03 
0.03 0.05 0.04 0.03 0.04 0.03 0.02 0.03 0.02 0.03 
0.04 0.04 0.04 0.02 0.02 0.04 0.04 0.05 0.02 0.02 
0.03 0.04 0.05 0.03 0.03 0.05 0.05 0.05 0.03 0.05 
0.03 0.02 0.02 0.05 0.02 0.02 0.05 0.02 0.03 0.03 
0.05 0.05 0.02 0.02 0.03 0.05 0.02 0.05 0.02 0.05 
0.04 0.05 0.03 0.03 0.05 0.05 0.05 0.05 0.04 0.05 
0.02 0.02 0.03 0.04 0.05 0.02 0.02 0.05 0.02 0.04 
0.04 0.02 0.04 0.05 0.04 0.04 0.03 0.04 0.02 0.04 
0.02 0.03 0.02 0.05 0.02 0.02 0.02 0.04 0.03 0.02 
0.03 0.05 0.05 0.05 0.04 0.03 0.04 0.04 0.05 0.04 
0.03 0.02 0.05 0.04 0.02 0.02 0.02 0.02 0.03 0.03 
0.02 0.04 0.02 0.02 0.05 0.04 0.04 0.03 0.03 0.05 
0.02 0.04 0.02 0.04 0.04 0.05 0.05 0.02 0.02 0.03 
0.02 0.04 0.03 0.03 0.03 0.02 0.05 0.02 0.02 0.03 
0.04 0.02 0.02 0.02 0.05 0.04 0.04 0.03 0.02 0.05 
0.02 0.03 0.02 0.04 0.03 0.02 0.04 0.05 0.02 0.03 
0.03 0.04 0.04 0.05 0.03 0.03 0.04 0.05 0.03 0.05 
0.03 0.03 0.04 0.02 0.04 0.04 0.04 0.05 0.05 0.03 
0.05 0.03 0.03 0.02 0.03 0.05 0.03 0.04 0.04 0.03 
0.02 0.04 0.05 0.02 0.03 0.03 0.02 0.04 0.03 0.05 
0.05 0.02 0.05 0.05 0.05 0.03 0.04 0.03 0.03 0.05 
0.02 0.05 0.03 0.03 0.05 0.03 0.03 0.05 0.05 0.02 
0.05 0.03 0.03 0.02 0.03 0.02 0.03 0.03 0.05 0.05 
0.05 0.05 0.02 0.05 0.05 0.02 0.02 0.05 0.03 0.02 
0.05 0.04 0.02 0.03 0.05 0.03 0.05 0.02 0.04 0.02 
0.04 0.02 0.02 0.04 0.05 0.04 0.02 0.03 0.05 0.05 
0.02 0.02 0.02 0.05 0.02 0.05 0.02 0.05 0.03 0.03 
0.05 0.04 0.03 0.03 0.04 0.02 0.02 0.05 0.03 0.04 
0.03 0.02 0.05 0.04 0.03 0.04 0.05 0.03 0.03 0.02 
0.05 0.05 0.05 0.02 0.03 0.03 0.03 0.02 0.05 0.03 
0.05 0.03 0.03 0.03 0.04 0.05 0.04 0.02 0.04 0.04 
0.05 0.04 0.05 0.02 0.02 0.05 0.03 0.02 0.02 0.05 
0.05 0.05 0.05 0.03 0.05 0.05 0.04 0.04 0.03 0.03 
0.02 0.02 0.04 0.05 0.03 0.04 0.05 0.03 0.03 0.05 
0.03 0.05 0.02 0.02 0.05 0.03 0.02 0.05 0.04 0.02 
0.04 0.03 0.03 0.02 0.05 0.03 0.02 0.03 0.05 0.02 
0.02 0.02 0.05 0.04 0.05 0.02 0.05 0.04 0.04 0.04 
0.04 0.02 0.05 0.03 0.04 0.03 0.04 0.05 0.02 0.03 
0.05 0.03 0.05 0.04 0.03 0.05 0.02 0.02 0.02 0.04 
0.02 0.04 0.05 0.03 0.02 0.04 0.03 0.03 0.03 0.03 
0.05 0.04 0.05 0.02 0.05 0.03 0.02 0.05 0.02 0.03 
0.03 0.02 0.04 0.04 0.02 0.05 0.03 0.04 0.02 0.05 
0.03 0.05 0.03 0.03 0.04 0.04 0.05 0.02 0.05 0.03 
0.03 0.04 0.05 0.04 0.02 0.05 0.04 0.02 0.04 0.05 
0.02 0.02 0.05 0.03 0.02 0.05 0.05 0.02 0.02 0.04 
0.04 0.04 0.04 0.03 0.02 0.03 0.02 0.03 0.05 0.02 
0.03 0.02 0.04 0.02 0.02 0.02 0.04 0.05 0.02 0.03 
0.02 0.05 0.02 0.05 0.04 0.04 0.04 0.02 0.05 0.02 
0.04 0.02 0.03 0.03 0.03 0.05 0.04 0.02 0.05 0.03 
0.05 0.05 0.02 0.04 0.05 0.05 0.04 0.04 0.03 0.05 
0.05 0.03 0.02 0.03 0.05 0.04 0.05 0.03 0.03 0.04 
0.04 0.03 0.02 0.05 0.05 0.05 0.02 0.05 0.02 0.05 
0.02 0.04 0.05 0.05 0.04 0.03 0.05 0.03 0.03 0.02 
0.05 0.03 0.03 0.02 0.02 0.03 0.04 0.05 0.02 0.04 
0.04 0.04 0.03 0.03 0.02 0.05 0.03 0.05 0.02 0.04 
0.02 0.05 0.02 0.05 0.05 0.03 0.02 0.04 0.03 0.04 
0.02 0.04 0.05 0.03 0.05 0.03 0.04 0.04 0.02 0.05 
0.03 0.05 0.04 0.03 0.03 0.03 0.02 0.05 0.03 0.03 
0.02 0.02 0.04 0.03 0.03 0.03 0.03 0.02 0.05 0.05 
0.03 0.04 0.04 0.02 0.02 0.02 0.02 0.04 0.03 0.05 
0.03 0.05 0.04 0.05 0.02 0.03 0.02 0.03 0.05 0.05 
0.05 0.02 0.05 0.02 0.02 0.05 0.02 0.05 0.02 0.03 
0.04 0.04 0.02 0.03 0.02 0.03 0.04 0.02 0.05 0.05 
0.03 0.03 0.03 0.05 0.02 0.05 0.05 0.03 0.02 0.03 
0.03 0.02 0.05 0.05 0.04 0.03 0.03 0.05 0.05 0.05 
0.05 0.05 0.02 0.02 0.03 0.04 0.02 0.05 0.04 0.02 
0.04 0.02 0.05 0.02 0.02 0.05 0.04 0.05 0.04 0.03 
0.02 0.04 0.03 0.03 0.04 0.04 0.02 0.03 0.04 0.02 
0.05 0.04 0.03 0.05 0.02 0.04 0.03 0.05 0.05 0.04 
0.03 0.03 0.05 0.02 0.05 0.03 0.03 0.02 0.02 0.02 
0.05 0.02 0.05 0.03 0.05 0.05 0.02 0.05 0.05 0.05 
0.02 0.04 0.02 0.04 0.05 0.05 0.04 0.05 0.05 0.02 
0.05 0.04 0.04 0.05 0.03 0.02 0.03 0.03 0.03 0.04 
0.03 0.03 0.02 0.02 0.03 0.03 0.04 0.03 0.02 0.03 
0.04 0.05 0.04 0.04 0.02 0.05 0.02 0.05 0.04 0.03 
0.04 0.04 0.05 0.05 0.02 0.05 0.04 0.02 0.03 0.03 
0.02 0.02 0.03 0.05 0.05 0.03 0.02 0.04 0.03 0.04 
0.03 0.04 0.02 0.03 0.04 0.02 0.05 0.03 0.04 0.04 
0.04 0.05 0.02 0.04 0.04 0.02 0.04 0.05 0.05 0.05 
0.03 0.03 0.04 0.04 0.02 0.02 0.05 0.02 0.02 0.02 
0.03 0.05 0.04 0.04 0.05 0.03 0.02 0.05 0.05 0.04 
0.04 0.04 0.05 0.04 0.05 0.02 0.03 0.04 0.04 0.05 
0.03 0.04 0.04 0.05 0.05 0.04 0.05 0.02 0.03 0.02 
0.02 0.02 0.04 0.05 0.05 0.02 0.05 0.04 0.05 0.03 
0.05 0.03 0.05 0.05 0.03 0.04 0.02 0.03 0.04 0.04 
0.02 0.04 0.05 0.04 0.03 0.04 0.02 0.05 0.05 0.02 
0.02 0.04 0.02 0.04 0.02 0.02 0.02 0.03 0.04 0.04 
0.04 0.05 0.04 0.03 0.04 0.04 0.05 0.05 0.03 0.03 
0.02 0.04 0.05 0.02 0.05 0.03 0.03 0.03 0.03 0.05 
0.03 0.04 0.02 0.04 0.02 0.04 0.04 0.05 0.02 0.02 
0.04 0.04 0.04 0.04 0.02 0.05 0.05 0.04 0.04 0.05 
0.02 0.03 0.05 0.03 0.03 0.03 0.05 0.02 0.02 0.04 
0.03 0.05 0.04 0.04 0.03 0.05 0.03 0.03 0.02 0.05 
0.04 0.04 0.02 0.04 0.02 0.05 0.05 0.05 0.04 0.04 
0.02 0.05 0.05 0.05 0.03 0.03 0.03 0.02 0.02 0.05 
0.03 0.02 0.05 0.03 0.05 0.03 0.04 0.03 0.04 0.05 
0.05 0.04 0.04 0.03 0.05 0.02 0.02 0.02 0.05 0.03 
0.02 0.04 0.04 0.03 0.05 0.02 0.03 0.03 0.03 0.03 
0.05 0.04 0.04 0.03 0.02 0.05 0.03 0.05 0.05 0.04 
0.05 0.02 0.05 0.02 0.04 0.03 0.03 0.04 0.04 0.02 
0.05 0.04 0.04 0.02 0.02 0.02 0.05 0.05 0.03 0.04 
0.02 0.02 0.05 0.04 0.02 0.03 0.03 0.05 0.03 0.04 
0.03 0.05 0.05 0.03 0.05 0.03 0.05 0.05 0.03 0.04 
0.02 0.02 0.04 0.03 0.04 0.04 0.04 0.05 0.03 0.05 
0.05 0.03 0.03 0.02 0.03 0.05 0.05 0.04 0.05 0.04 
0.05 0.05 0.04 0.02 0.02 0.02 0.05 0.03 0.02 0.05 
0.03 0.03 0.03 0.05 0.04 0.04 0.04 0.04 0.04 0.02 
0.05 0.05 0.05 0.04 0.02 0.02 0.02 0.04 0.03 0.03 
0.02 0.04 0.04 0.03 0.04 0.02 0.04 0.04 0.03 0.03 
0.04 0.04 0.05 0.03 0.03 0.04 0.04 0.03 0.03 0.04 
0.03 0.03 0.02 0.04 0.03 0.04 0.03 0.02 0.05 0.04 
0.04 0.02 0.03 0.03 0.02 0.05 0.02 0.04 0.02 0.03 
0.05 0.04 0.05 0.02 0.05 0.05 0.03 0.02 0.02 0.04 
0.05 0.02 0.05 0.02 0.03 0.03 0.02 0.04 0.03 0.02 
0.05 0.05 0.03 0.05 0.04 0.05 0.04 0.03 0.04 0.05 
0.05 0.03 0.05 0.05 0.05 0.04 0.05 0.05 0.05 0.02 
0.04 0.02 0.03 0.02 0.05 0.02 0.04 0.02 0.03 0.04 
0.02 0.02 0.02 0.04 0.04 0.05 0.03 0.04 0.04 0.05 
0.04 0.02 0.02 0.03 0.02 0.05 0.05 0.02 0.04 0.02 
0.02 0.03 0.05 0.03 0.02 0.02 0.05 0.05 0.03 0.02 
0.04 0.04 0.05 0.02 0.02 0.03 0.03 0.03 0.05 0.05 
0.02 0.05 0.05 0.02 0.02 0.04 0.03 0.04 0.02 0.05 
0.03 0.05 0.03 0.04 0.02 0.03 0.02 0.03 0.03 0.04 
0.04 0.02 0.04 0.05 0.03 0.03 0.03 0.02 0.05 0.03 
0.03 0.03 0.05 0.03 0.04 0.05 0.03 0.05 0.02 0.04 
0.05 0.04 0.02 0.03 0.03 0.03 0.05 0.04 0.05 0.04 
0.03 0.03 0.04 0.04 0.05 0.05 0.02 0.05 0.02 0.02 
0.02 0.04 0.02 0.04 0.04 0.03 0.03 0.03 0.03 0.03 
0.03 0.05 0.02 0.02 0.03 0.04 0.03 0.02 0.05 0.03 
0.04 0.05 0.03 0.02 0.03 0.02 0.03 0.05 0.05 0.02 
0.02 0.05 0.05 0.03 0.05 0.02 0.04 0.02 0.05 0.02 
0.02 0.05 0.03 0.04 0.03 0.02 0.02 0.03 0.05 0.03 
0.03 0.04 0.02 0.03 0.03 0.05 0.05 0.02 0.04 0.02 
0.02 0.03 0.05 0.02 0.02 0.03 0.02 0.03 0.04 0.04 
0.03 0.05 0.02 0.05 0.03 0.03 0.04 0.04 0.04 0.05 
0.05 0.03 0.05 0.02 0.03 0.05 0.04 0.03 0.04 0.04 
0.03 0.03 0.02 0.03 0.03 0.03 0.05 0.05 0.04 0.05 
0.05 0.04 0.05 0.02 0.02 0.04 0.03 0.02 0.04 0.05 
0.05 0.05 0.02 0.05 0.04 0.03 0.02 0.04 0.04 0.02 
0.05 0.02 0.05 0.02 0.03 0.03 0.04 0.02 0.04 0.03 
0.02 0.03 0.03 0.02 0.05 0.03 0.05 0.02 0.03 0.02 
0.05 0.04 0.05 0.03 0.05 0.05 0.04 0.03 0.02 0.04 
0.03 0.02 0.02 0.02 0.03 0.04 0.03 0.02 0.02 0.05 
0.05 0.05 0.02 0.04 0.02 0.05 0.02 0.02 0.03 0.05 
0.04 0.03 0.03 0.02 0.04 0.03 0.03 0.02 0.04 0.02 
0.02 0.05 0.03 0.05 0.03 0.03 0.04 0.03 0.02 0.02 
0.04 0.03 0.05 0.04 0.02 0.02 0.02 0.05 0.03 0.04 
0.02 0.02 0.04 0.02 0.03 0.02 0.03 0.05 0.04 0.02 
0.04 0.04 0.04 0.05 0.03 0.03 0.03 0.02 0.03 0.05 
0.04 0.03 0.05 0.05 0.04 0.02 0.05 0.04 0.04 0.05 
0.02 0.05 0.04 0.05 0.05 0.04 0.05 0.05 0.02 0.02 
0.05 0.05 0.05 0.05 0.05 0.02 0.04 0.03 0.04 0.05 
0.04 0.04 0.03 0.02 0.04 0.03 0.04 0.04 0.04 0.03 
0.03 0.05 0.05 0.02 0.04 0.02 0.05 0.02 0.04 0.02 
0.03 0.02 0.05 0.03 0.02 0.04 0.02 0.03 0.03 0.03 
0.05 0.03 0.03 0.03 0.04 0.05 0.02 0.02 0.05 0.03 
0.05 0.04 0.05 0.03 0.03 0.03 0.05 0.02 0.02 0.04 
0.05 0.02 0.02 0.03 0.05 0.03 0.02 0.02 0.04 0.05 
0.05 0.03 0.05 0.02 0.03 0.05 0.03 0.03 0.02 0.05 
0.02 0.02 0.02 0.02 0.04 0.05 0.05 0.04 0.05 0.02 
0.04 0.04 0.04 0.02 0.03 0.04 0.03 0.05 0.02 0.03 
0.03 0.03 0.03 0.03 0.04 0.02 0.03 0.04 0.04 0.05 
0.02 0.02 0.03 0.03 0.03 0.04 0.04 0.04 0.03 0.02 
0.03 0.02 0.05 0.03 0.03 0.05 0.03 0.04 0.03 0.02 
0.04 0.02 0.04 0.02 0.03 0.02 0.04 0.03 0.05 0.02 
0.05 0.02 0.02 0.04 0.05 0.02 0.05 0.05 0.04 0.04 
0.04 0.02 0.03 0.04 0.05 0.05 0.05 0.03 0.04 0.04 
0.05 0.04 0.04 0.04 0.05 0.02 0.03 0.05 0.03 0.03 
0.03 0.05 0.05 0.05 0.02 0.04 0.03 0.02 0.02 0.03 
0.05 0.02 0.02 0.03 0.04 0.02 0.03 0.04 0.03 0.03 
0.04 0.05 0.02 0.02 0.03 0.05 0.03 0.05 0.05 0.05 
0.03 0.02 0.05 0.04 0.05 0.03 0.02 0.05 0.03 0.04 
0.02 0.02 0.05 0.04 0.02 0.02 0.02 0.03 0.05 0.02 
0.03 0.02 0.04 0.03 0.04 0.04 0.03 0.02 0.05 0.04 
0.02 0.04 0.02 0.04 0.04 0.02 0.04 0.05 0.04 0.02 
0.02 0.05 0.04 0.03 0.04 0.04 0.05 0.04 0.04 0.04 
0.05 0.02 0.03 0.04 0.04 0.04 0.05 0.03 0.02 0.03 
0.04 0.02 0.02 0.05 0.04 0.03 0.04 0.05 0.03 0.03 
0.02 0.03 0.04 0.03 0.03 0.05 0.02 0.02 0.05 0.05 
0.03 0.03 0.03 0.05 0.04 0.02 0.02 0.02 0.02 0.04 
0.05 0.05 0.03 0.02 0.02 0.04 0.05 0.02 0.05 0.03 
0.02 0.02 0.03 0.04 0.02 0.04 0.04 0.03 0.03 0.05 
0.04 0.03 0.04 0.05 0.03 0.03 0.03 0.02 0.02 0.04 
0.03 0.04 0.02 0.03 0.04 0.05 0.03 0.03 0.05 0.03 
0.04 0.05 0.04 0.02 0.03 0.02 0.03 0.04 0.03 0.05 
0.04 0.03 0.02 0.04 0.03 0.05 0.02 0.03 0.05 0.04 
0.02 0.05 0.05 0.05 0.05 0.05 0.02 0.04 0.02 0.04 
0.05 0.05 0.03 0.04 0.04 0.04 0.04 0.05 0.03 0.05 
0.04 0.05 0.04 0.02 0.02 0.04 0.02 0.04 0.03 0.03 
0.05 0.05 0.03 0.05 0.05 0.02 0.05 0.02 0.04 0.04 
0.04 0.02 0.04 0.04 0.04 0.04 0.05 0.02 0.05 0.04 
0.04 0.05 0.02 0.02 0.04 0.02 0.04 0.02 0.05 0.02 
0.04 0.04 0.02 0.05 0.02 0.04 0.02 0.03 0.03 0.03 
0.03 0.03 0.04 0.04 0.04 0.04 0.05 0.04 0.03 0.05 
0.02 0.05 0.05 0.03 0.05 0.05 0.03 0.03 0.04 0.04 
0.04 0.05 0.05 0.03 0.02 0.05 0.05 0.03 0.05 0.03 
0.05 0.04 0.03 0.04 0.03 0.02 0.02 0.03 0.05 0.04 
0.04 0.03 0.03 0.03 0.04 0.04 0.02 0.02 0.04 0.02 
0.04 0.04 0.05 0.02 0.04 0.04 0.05 0.02 0.02 0.04 
0.02 0.04 0.03 0.04 0.04 0.05 0.04 0.05 0.04 0.04 
0.02 0.05 0.04 0.05 0.02 0.05 0.05 0.05 0.03 0.04 
0.02 0.05 0.04 0.05 0.04 0.03 0.04 0.02 0.04 0.05 
0.04 0.03 0.02 0.05 0.04 0.04 0.03 0.05 0.03 0.04 
0.02 0.05 0.03 0.03 0.02 0.05 0.03 0.03 0.04 0.04 
0.03 0.03 0.02 0.03 0.02 0.05 0.04 0.02 0.04 0.03 
0.04 0.05 0.04 0.04 0.04 0.02 0.05 0.04 0.03 0.03 
0.04 0.02 0.04 0.04 0.02 0.02 0.04 0.02 0.04 0.04 
0.02 0.04 0.03 0.04 0.03 0.03 0.05 0.02 0.05 0.03 
0.02 0.02 0.05 0.03 0.04 0.04 0.05 0.03 0.05 0.03 
0.04 0.03 0.04 0.03 0.02 0.05 0.05 0.04 0.02 0.05 
0.02 0.05 0.03 0.02 0.03 0.05 0.02 0.02 0.03 0.03 
0.03 0.03 0.03 0.03 0.03 0.04 0.03 0.04 0.03 0.05 
0.02 0.03 0.02 0.04 0.04 0.04 0.05 0.04 0.03 0.03 
0.04 0.04 0.04 0.02 0.05 0.05 0.03 0.05 0.04 0.02 
0.05 0.02 0.03 0.04 0.05 0.04 0.03 0.03 0.03 0.02 
0.03 0.04 0.05 0.03 0.02 0.05 0.04 0.02 0.05 0.02 
0.02 0.02 0.04 0.02 0.02 0.02 0.05 0.03 0.03 0.04 
0.03 0.05 0.03 0.02 0.04 0.03 0.05 0.02 0.04 0.02 
0.04 0.02 0.04 0.04 0.04 0.02 0.04 0.02 0.02 0.02 
0.03 0.02 0.04 0.04 0.02 0.04 0.03 0.04 0.04 0.03 
0.04 0.05 0.02 0.03 0.02 0.02 0.02 0.04 0.05 0.02 
0.03 0.02 0.04 0.04 0.03 0.02 0.02 0.05 0.03 0.03 
0.04 0.03 0.03 0.02 0.03 0.03 0.04 0.05 0.03 0.04 
0.02 0.03 0.05 0.03 0.05 0.05 0.02 0.03 0.05 0.03 
0.04 0.03 0.03 0.05 0.03 0.05 0.02 0.05 0.03 0.04 
0.02 0.02 0.03 0.05 0.05 0.05 0.03 0.03 0.02 0.05 
0.03 0.02 0.02 0.03 0.03 0.05 0.02 0.03 0.04 0.04 
0.03 0.03 0.03 0.05 0.04 0.02 0.02 0.02 0.04 0.02 
0.03 0.05 0.02 0.02 0.04 0.04 0.05 0.02 0.05 0.04 
0.03 0.03 0.03 0.05 0.05 0.04 0.02 0.03 0.02 0.04 
0.05 0.02 0.02 0.05 0.02 0.04 0.05 0.03 0.03 0.03 
0.04 0.03 0.05 0.02 0.02 0.04 0.03 0.03 0.04 0.05 
0.05 0.02 0.02 0.02 0.05 0.04 0.04 0.03 0.04 0.02 
0.04 0.05 0.03 0.04 0.02 0.02 0.05 0.02 0.03 0.05 
0.05 0.04 0.03 0.03 0.02 0.03 0.03 0.05 0.02 0.03 
0.02 0.04 0.05 0.05 0.02 0.05 0.05 0.05 0.02 0.03 
0.02 0.03 0.02 0.03 0.04 0.04 0.02 0.02 0.03 0.04 
0.03 0.04 0.05 0.04 0.03 0.04 0.02 0.02 0.05 0.05 
0.05 0.03 0.02 0.02 0.05 0.04 0.03 0.03 0.04 0.04 
0.03 0.04 0.03 0.02 0.05 0.02 0.04 0.02 0.02 0.02 
0.03 0.05 0.03 0.04 0.05 0.03 0.03 0.03 0.05 0.03 
0.04 0.03 0.03 0.04 0.03 0.03 0.03 0.05 0.02 0.02 
0.02 0.05 0.03 0.02 0.02 0.04 0.03 0.05 0.02 0.03 
0.0290763 0.0484605 0.0290763 0.0484605 0.0290763 0.0387684 0.0193842 0.0290763 0.0290763 0.0484605 
0.0484605 0.0484605 0.0387684 0.0387684 0.0387684 0.0193842 0.0290763 0.0290763 0.0290763 0.0193842 
0.0484605 0.0193842 0.0290763 0.0387684 0.0387684 0.0484605 0.0290763 0.0193842 0.0193842 0.0387684 
0.0193842 0.0484605 0.0387684 0.0484605 0.0193842 0.0387901 0.0193842 0.0193842 0.0290763 0.0484605 
0.0290763 0.0387684 0.0193842 0.0290763 0.0387684 0.0687819 0.0484605 0.0387684 0.0484605 0.0193842 
0.0387684 0.0290763 0.0193842 0.0484605 0.0290763 0.0511259 0.0193842 0.0290763 0.0484605 0.0387684 
0.0484605 0.0484605 0.0193842 0.0484605 0.0387684 0.0506375 0.0484605 0.0290763 0.0290763 0.0290763 
0.0193842 0.0193842 0.0387684 0.0193842 0.0484605 0.0565566 0.0193842 0.0387684 0.0290763 0.0484605 
0.0387684 0.0484605 0.0290763 0.0387684 0.0484605 0.0590162 0.0484605 0.0290763 0.0484605 0.0193842 
0.0290763 0.0484605 0.0290763 0.0387684 0.0484605 0.0229118 0.0646552 0.0482056 0.0387684 0.0484605 
0.05 0.03 0.04 0.03 0.04 0.04 0.05 0.04 0.04 0.03 
0.05 0.03 0.03 0.04 0.02 0.05 0.02 0.03 0.03 0.02 
0.02 0.05 0.05 0.03 0.02 0.03 0.05 0.03 0.04 0.05 
0.04 0.04 0.04 0.04 0.02 0.05 0.04 0.04 0.02 0.05 
0.05 0.04 0.02 0.02 0.05 0.03 0.02 0.05 0.02 0.05 
0.04 0.05 0.05 0.03 0.02 0.05 0.02 0.05 0.03 0.03 
0.03 0.05 0.04 0.03 0.05 0.02 0.02 0.05 0.03 0.03 
0.05 0.04 0.04 0.04 0.04 0.03 0.02 0.03 0.05 0.04 
0.03 0.04 0.02 0.03 0.02 0.03 0.02 0.04 0.02 0.04 
0.05 0.03 0.05 0.05 0.03 0.04 0.03 0.04 0.03 0.04 
0.0386048 0.0193024 0.0289536 0.0193024 0.0386048 0.0386048 0.0289536 0.0193024 0.0386048 0.0193024 
0.0289536 0.0193024 0.0289536 0.0386048 0.0482559 0.0193024 0.0386048 0.0193024 0.0193024 0.0482559 
0.0482559 0.0482559 0.0193024 0.0386048 0.0482559 0.0289536 0.0482559 0.0482559 0.0289536 0.0193024 
0.0386048 0.0482559 0.0193024 0.0386048 0.0193024 0.0386048 0.0193024 0.0289536 0.0289536 0.0386048 
0.0482559 0.0289536 0.0386048 0.0359604 0.0193024 0.0193024 0.0386048 0.062818 0.0386048 0.0482559 
0.0386048 0.0386048 0.0482559 0.0482559 0.0577862 0.0193024 0.0668213 0.0289536 0.0386048 0.0482559 
0.0193024 0.0386048 0.0386048 0.0386048 0.0193024 0.02452 0.0193024 0.0289536 0.0193024 0.0386048 
0.0482559 0.0193024 0.0289536 0.0386048 0.0363963 0.0386048 0.0565975 0.0193024 0.0193024 0.0193024 
0.0289536 0.0289536 0.0289536 0.0603177 0.0289536 0.0482559 0.0386048 0.0672627 0.0386048 0.0482559 
0.0193024 0.0386048 0.0386048 0.0289536 0.0289536 0.0386048 0.0482559 0.0386048 0.0289536 0.0289536 
0.04 0.02 0.04 0.03 0.05 0.04 0.05 0.03 0.02 0.03 
0.05 0.02 0.04 0.02 0.03 0.04 0.04 0.04 0.02 0.05 
0.03 0.02 0.05 0.02 0.05 0.03 0.02 0.04 0.03 0.04 
0.04 0.05 0.04 0.05 0.02 0.04 0.02 0.02 0.03 0.04 
0.02 0.02 0.03 0.04 0.05 0.02 0.02 0.04 0.05 0.02 
0.05 0.05 0.02 0.02 0.05 0.05 0.02 0.03 0.03 0.05 
0.04 0.04 0.04 0.02 0.02 0.02 0.03 0.02 0.05 0.05 
0.04 0.03 0.02 0.04 0.04 0.04 0.02 0.02 0.02 0.02 
0.02 0.04 0.05 0.04 0.03 0.04 0.02 0.02 0.02 0.05 
0.04 0.02 0.05 0.05 0.05 0.02 0.02 0.05 0.02 0.05 
0.02 0.02 0.02 0.04 0.03 0.04 0.04 0.04 0.04 0.02 
0.03 0.04 0.05 0.04 0.05 0.03 0.05 0.03 0.04 0.04 
0.05 0.04 0.04 0.02 0.05 0.05 0.03 0.02 0.04 0.02 
0.02 0.02 0.02 0.04 0.05 0.02 0.03 0.03 0.03 0.03 
0.03 0.05 0.03 0.02 0.03 0.04 0.04 0.04 0.04 0.02 
0.05 0.04 0.03 0.05 0.04 0.02 0.05 0.04 0.03 0.05 
0.05 0.02 0.03 0.02 0.05 0.04 0.03 0.04 0.02 0.05 
0.05 0.03 0.02 0.02 0.03 0.04 0.02 0.02 0.04 0.05 
0.05 0.05 0.02 0.04 0.05 0.03 0.04 0.04 0.03 0.03 
0.03 0.02 0.03 0.03 0.02 0.03 0.03 0.02 0.05 0.02 
0.05 0.04 0.04 0.02 0.03 0.02 0.05 0.03 0.02 0.05 
0.05 0.03 0.03 0.03 0.02 0.04 0.02 0.04 0.04 0.02 
0.03 0.02 0.03 0.04 0.02 0.04 0.04 0.04 0.02 0.02 
0.04 0.04 0.04 0.03 0.04 0.04 0.05 0.05 0.05 0.03 
0.04 0.03 0.03 0.02 0.04 0.03 0.03 0.04 0.05 0.05 
0.05 0.04 0.03 0.04 0.02 0.03 0.05 0.03 0.04 0.03 
0.04 0.05 0.02 0.04 0.05 0.05 0.02 0.05 0.04 0.05 
0.05 0.03 0.02 0.02 0.05 0.02 0.05 0.04 0.02 0.02 
0.03 0.05 0.02 0.03 0.03 0.03 0.04 0.05 0.03 0.04 
0.02 0.04 0.02 0.02 0.05 0.04 0.05 0.03 0.04 0.02 
0.03 0.02 0.04 0.03 0.02 0.04 0.03 0.03 0.02 0.04 
0.02 0.04 0.04 0.04 0.03 0.04 0.02 0.05 0.04 0.03 
0.02 0.02 0.03 0.05 0.03 0.05 0.04 0.02 0.04 0.03 
0.02 0.03 0.05 0.02 0.04 0.05 0.04 0.05 0.03 0.05 
0.03 0.03 0.05 0.03 0.04 0.04 0.02 0.05 0.05 0.02 
0.03 0.04 0.03 0.02 0.04 0.05 0.04 0.05 0.02 0.03 
0.04 0.05 0.03 0.02 0.05 0.04 0.02 0.05 0.02 0.02 
0.02 0.02 0.05 0.05 0.02 0.02 0.02 0.04 0.02 0.04 
0.04 0.02 0.04 0.04 0.03 0.02 0.04 0.05 0.03 0.05 
0.05 0.04 0.04 0.02 0.02 0.05 0.05 0.04 0.04 0.05 
0.03 0.02 0.02 0.03 0.03 0.04 0.03 0.04 0.02 0.03 
0.02 0.03 0.05 0.05 0.02 0.02 0.05 0.02 0.04 0.03 
0.03 0.03 0.02 0.03 0.04 0.04 0.02 0.05 0.02 0.05 
0.02 0.02 0.03 0.02 0.04 0.02 0.03 0.02 0.03 0.05 
0.02 0.05 0.02 0.05 0.05 0.02 0.05 0.02 0.04 0.05 
0.05 0.05 0.04 0.04 0.04 0.02 0.05 0.02 0.04 0.05 
0.02 0.05 0.02 0.05 0.03 0.02 0.05 0.02 0.05 0.03 
0.03 0.04 0.05 0.04 0.04 0.04 0.02 0.02 0.02 0.02 
0.05 0.04 0.03 0.04 0.04 0.05 0.02 0.05 0.04 0.03 
0.04 0.04 0.03 0.05 0.04 0.02 0.03 0.02 0.02 0.04 
0.05 0.02 0.05 0.03 0.05 0.03 0.05 0.03 0.03 0.02 
0.03 0.03 0.03 0.04 0.05 0.03 0.04 0.02 0.04 0.05 
0.03 0.03 0.03 0.02 0.03 0.04 0.02 0.03 0.02 0.04 
0.05 0.02 0.03 0.03 0.05 0.05 0.03 0.05 0.02 0.02 
0.05 0.04 0.02 0.02 0.03 0.05 0.05 0.03 0.04 0.02 
0.04 0.05 0.04 0.04 0.03 0.02 0.03 0.05 0.02 0.05 
0.04 0.04 0.02 0.04 0.02 0.02 0.03 0.03 0.05 0.04 
0.04 0.03 0.05 0.05 0.04 0.03 0.03 0.05 0.03 0.05 
0.03 0.04 0.03 0.04 0.03 0.05 0.05 0.04 0.03 0.04 
0.02 0.02 0.04 0.03 0.02 0.04 0.02 0.05 0.03 0.05 
0.02 0.05 0.04 0.02 0.05 0.05 0.04 0.02 0.04 0.04 
0.05 0.02 0.04 0.05 0.02 0.05 0.05 0.02 0.02 0.03 
0.04 0.02 0.04 0.04 0.02 0.03 0.04 0.03 0.04 0.02 
0.02 0.03 0.05 0.05 0.04 0.05 0.04 0.04 0.04 0.03 
0.02 0.02 0.02 0.04 0.02 0.04 0.02 0.04 0.02 0.04 
0.04 0.04 0.03 0.05 0.05 0.03 0.03 0.02 0.03 0.04 
0.03 0.04 0.02 0.02 0.02 0.05 0.04 0.05 0.05 0.03 
0.05 0.04 0.02 0.02 0.04 0.05 0.05 0.04 0.05 0.02 
0.03 0.04 0.03 0.04 0.03 0.02 0.02 0.05 0.03 0.05 
0.05 0.03 0.03 0.03 0.05 0.04 0.03 0.02 0.05 0.02 
0.03 0.02 0.05 0.03 0.05 0.02 0.02 0.02 0.03 0.03 
0.03 0.03 0.05 0.05 0.02 0.04 0.05 0.05 0.02 0.03 
0.05 0.05 0.03 0.03 0.04 0.02 0.03 0.02 0.02 0.02 
0.03 0.02 0.02 0.04 0.04 0.02 0.03 0.05 0.05 0.03 
0.04 0.05 0.05 0.02 0.04 0.03 0.03 0.05 0.04 0.02 
0.05 0.02 0.03 0.02 0.05 0.05 0.02 0.03 0.05 0.03 
0.03 0.03 0.05 0.02 0.03 0.04 0.03 0.04 0.03 0.04 
0.02 0.02 0.04 0.05 0.03 0.05 0.02 0.05 0.02 0.03 
0.02 0.04 0.05 0.03 0.04 0.04 0.04 0.04 0.04 0.02 
0.05 0.03 0.04 0.02 0.02 0.05 0.02 0.02 0.05 0.05 
0.02 0.04 0.04 0.05 0.05 0.02 0.03 0.04 0.05 0.02 
0.03 0.03 0.02 0.05 0.05 0.02 0.03 0.02 0.04 0.03 
0.02 0.02 0.05 0.03 0.03 0.05 0.03 0.04 0.05 0.04 
0.02 0.02 0.05 0.03 0.05 0.05 0.05 0.04 0.03 0.03 
0.05 0.04 0.02 0.05 0.05 0.03 0.03 0.04 0.04 0.03 
0.02 0.05 0.02 0.05 0.04 0.05 0.05 0.02 0.02 0.02 
0.03 0.03 0.02 0.02 0.05 0.05 0.05 0.05 0.03 0.03 
0.04 0.04 0.05 0.03 0.03 0.05 0.03 0.02 0.04 0.03 
0.05 0.05 0.04 0.03 0.02 0.04 0.05 0.04 0.03 0.03 
0.02 0.04 0.03 0.02 0.05 0.05 0.02 0.02 0.04 0.02 
0.05 0.02 0.05 0.02 0.05 0.02 0.02 0.05 0.04 0.02 
0.03 0.04 0.05 0.02 0.02 0.04 0.02 0.05 0.02 0.05 
0.04 0.02 0.04 0.03 0.02 0.04 0.04 0.02 0.05 0.04 
0.02 0.02 0.05 0.03 0.03 0.02 0.02 0.03 0.04 0.02 
0.04 0.05 0.04 0.02 0.03 0.05 0.03 0.03 0.03 0.02 
0.04 0.04 0.05 0.02 0.03 0.04 0.04 0.02 0.03 0.03 
0.04 0.03 0.05 0.02 0.02 0.05 0.04 0.04 0.02 0.03 
0.02 0.03 0.04 0.05 0.04 0.02 0.05 0.02 0.04 0.05 
0.02 0.05 0.02 0.04 0.03 0.05 0.02 0.04 0.03 0.02 
0.03 0.02 0.03 0.04 0.02 0.05 0.02 0.03 0.04 0.05 
0.05 0.04 0.02 0.02 0.05 0.05 0.05 0.03 0.03 0.04 
0.04 0.03 0.05 0.04 0.04 0.05 0.02 0.04 0.05 0.02 
0.04 0.04 0.04 0.04 0.05 0.04 0.03 0.02 0.04 0.02 
0.05 0.02 0.05 0.04 0.04 0.02 0.05 0.04 0.04 0.05 
0.04 0.03 0.02 0.03 0.02 0.05 0.03 0.02 0.02 0.03 
0.04 0.05 0.04 0.05 0.05 0.04 0.03 0.02 0.04 0.02 
0.04 0.04 0.04 0.02 0.02 0.05 0.04 0.04 0.03 0.04 
0.02 0.02 0.03 0.02 0.02 0.04 0.02 0.05 0.05 0.03 
0.02 0.02 0.02 0.05 0.04 0.03 0.02 0.03 0.03 0.02 
0.05 0.05 0.03 0.02 0.04 0.05 0.03 0.03 0.02 0.03 
0.04 0.05 0.05 0.05 0.02 0.03 0.02 0.05 0.05 0.03 
0.05 0.02 0.04 0.03 0.05 0.05 0.04 0.05 0.03 0.05 
0.04 0.04 0.04 0.02 0.03 0.04 0.05 0.04 0.02 0.02 
0.03 0.02 0.02 0.02 0.05 0.02 0.02 0.02 0.04 0.05 
0.02 0.02 0.02 0.02 0.03 0.04 0.02 0.05 0.02 0.05 
0.04 0.04 0.02 0.03 0.02 0.05 0.03 0.05 0.05 0.05 
0.04 0.04 0.05 0.05 0.02 0.02 0.04 0.05 0.03 0.04 
0.05 0.03 0.03 0.05 0.03 0.03 0.03 0.02 0.03 0.05 
0.04 0.03 0.03 0.02 0.05 0.04 0.03 0.02 0.05 0.03 
0.03 0.02 0.02 0.05 0.04 0.03 0.05 0.02 0.02 0.02 
0.02 0.02 0.03 0.02 0.04 0.02 0.05 0.03 0.03 0.03 
0.03 0.05 0.04 0.05 0.04 0.02 0.03 0.02 0.05 0.03 
0.05 0.04 0.04 0.05 0.03 0.02 0.04 0.05 0.05 0.05 
0.03 0.04 0.05 0.05 0.04 0.03 0.02 0.04 0.03 0.04 
0.02 0.04 0.03 0.03 0.05 0.04 0.02 0.02 0.04 0.03 
0.05 0.02 0.04 0.03 0.02 0.05 0.02 0.04 0.04 0.02 
0.05 0.05 0.05 0.05 0.02 0.03 0.02 0.03 0.02 0.03 
0.05 0.05 0.03 0.03 0.04 0.02 0.04 0.04 0.03 0.05 
0.02 0.02 0.05 0.02 0.04 0.02 0.05 0.04 0.04 0.04 
0.05 0.05 0.02 0.03 0.03 0.05 0.03 0.04 0.04 0.04 
0.03 0.02 0.02 0.05 0.05 0.04 0.05 0.02 0.05 0.02 
0.05 0.02 0.04 0.03 0.05 0.02 0.04 0.04 0.02 0.05 
0.02 0.05 0.03 0.05 0.04 0.05 0.05 0.03 0.02 0.05 
0.04 0.04 0.03 0.05 0.03 0.02 0.05 0.04 0.03 0.02 
0.05 0.05 0.04 0.04 0.05 0.05 0.05 0.04 0.03 0.04 
0.03 0.03 0.02 0.03 0.05 0.03 0.04 0.05 0.03 0.04 
0.03 0.05 0.03 0.03 0.05 0.02 0.05 0.02 0.02 0.05 
0.05 0.04 0.05 0.02 0.02 0.05 0.02 0.04 0.02 0.05 
0.03 0.02 0.05 0.03 0.04 0.05 0.03 0.02 0.04 0.05 
0.02 0.05 0.02 0.03 0.03 0.03 0.03 0.03 0.04 0.02 
0.04 0.05 0.03 0.03 0.04 0.05 0.04 0.04 0.02 0.02 
0.05 0.03 0.05 0.03 0.02 0.05 0.03 0.03 0.02 0.03 
0.03 0.03 0.03 0.03 0.03 0.05 0.04 0.02 0.02 0.05 
0.04 0.03 0.03 0.05 0.03 0.04 0.04 0.05 0.02 0.05 
0.05 0.05 0.05 0.05 0.04 0.04 0.02 0.03 0.03 0.02 
0.04 0.02 0.04 0.05 0.04 0.05 0.02 0.03 0.02 0.03 
0.03 0.02 0.04 0.02 0.03 0.04 0.02 0.03 0.04 0.02 
0.02 0.05 0.03 0.03 0.04 0.05 0.04 0.02 0.02 0.04 
0.02 0.03 0.04 0.03 0.05 0.04 0.03 0.05 0.02 0.04 
0.03 0.05 0.05 0.05 0.04 0.02 0.02 0.02 0.02 0.04 
0.05 0.02 0.02 0.02 0.02 0.04 0.02 0.05 0.05 0.03 
0.02 0.05 0.05 0.05 0.02 0.05 0.05 0.04 0.03 0.03 
0.04 0.05 0.03 0.04 0.02 0.04 0.04 0.04 0.04 0.05 
0.05 0.05 0.02 0.05 0.03 0.03 0.04 0.05 0.04 0.02 
0.02 0.04 0.03 0.05 0.03 0.03 0.03 0.04 0.03 0.02 
0.03 0.02 0.04 0.04 0.02 0.05 0.05 0.04 0.02 0.02 
0.05 0.02 0.04 0.02 0.02 0.04 0.05 0.02 0.04 0.03 
0.03 0.03 0.02 0.04 0.04 0.03 0.05 0.05 0.02 0.04 
0.02 0.02 0.05 0.02 0.05 0.04 0.02 0.02 0.04 0.03 
0.02 0.04 0.03 0.05 0.03 0.02 0.03 0.02 0.02 0.02 
0.05 0.03 0.04 0.04 0.02 0.05 0.02 0.03 0.05 0.03 
0.02 0.03 0.03 0.04 0.03 0.02 0.05 0.04 0.02 0.03 
0.05 0.03 0.03 0.02 0.05 0.03 0.04 0.02 0.05 0.04 
0.05 0.05 0.05 0.03 0.02 0.05 0.02 0.04 0.03 0.02 
0.05 0.04 0.05 0.02 0.03 0.03 0.02 0.05 0.04 0.05 
0.04 0.02 0.02 0.03 0.02 0.05 0.02 0.05 0.02 0.05 
0.02 0.04 0.05 0.03 0.02 0.02 0.02 0.05 0.05 0.05 
0.05 0.03 0.04 0.04 0.05 0.05 0.04 0.04 0.05 0.05 
0.03 0.05 0.02 0.02 0.05 0.05 0.03 0.03 0.04 0.02 
0.03 0.03 0.02 0.04 0.04 0.02 0.02 0.03 0.02 0.02 
0.04 0.02 0.02 0.03 0.04 0.02 0.04 0.02 0.05 0.04 
0.02 0.02 0.05 0.02 0.04 0.02 0.05 0.05 0.04 0.03 
0.02 0.05 0.02 0.03 0.04 0.04 0.02 0.03 0.04 0.03 
0.02 0.04 0.04 0.02 0.04 0.05 0.03 0.04 0.04 0.05 
0.04 0.03 0.04 0.05 0.04 0.02 0.03 0.04 0.02 0.02 
0.03 0.05 0.04 0.04 0.03 0.02 0.02 0.02 0.04 0.03 
0.02 0.02 0.03 0.02 0.04 0.02 0.05 0.03 0.02 0.04 
0.03 0.02 0.04 0.03 0.03 0.02 0.03 0.02 0.03 0.04 
0.05 0.02 0.03 0.04 0.05 0.03 0.05 0.02 0.02 0.03 
0.04 0.05 0.05 0.02 0.05 0.05 0.03 0.02 0.02 0.03 
0.05 0.02 0.03 0.04 0.02 0.03 0.02 0.05 0.02 0.02 
0.05 0.02 0.02 0.05 0.04 0.03 0.03 0.04 0.05 0.03 
0.04 0.05 0.04 0.03 0.03 0.02 0.02 0.05 0.04 0.05 
0.04 0.02 0.05 0.03 0.04 0.03 0.04 0.04 0.05 0.04 
0.02 0.04 0.05 0.05 0.05 0.03 0.05 0.04 0.05 0.03 
0.02 0.04 0.02 0.03 0.03 0.02 0.02 0.04 0.03 0.05 
0.03 0.03 0.03 0.05 0.04 0.04 0.04 0.04 0.02 0.03 
0.03 0.03 0.04 0.03 0.03 0.05 0.05 0.04 0.03 0.04 
0.05 0.05 0.04 0.05 0.04 0.04 0.05 0.04 0.02 0.03 
0.04 0.03 0.04 0.05 0.05 0.03 0.05 0.04 0.04 0.03 
0.02 0.02 0.03 0.04 0.05 0.02 0.05 0.03 0.03 0.03 
0.04 0.03 0.03 0.05 0.03 0.04 0.02 0.05 0.03 0.05 
0.05 0.05 0.04 0.03 0.04 0.02 0.05 0.02 0.04 0.05 
0.04 0.03 0.04 0.04 0.03 0.02 0.05 0.04 0.03 0.04 
0.04 0.04 0.05 0.03 0.03 0.04 0.02 0.05 0.02 0.04 
0.04 0.03 0.02 0.04 0.03 0.05 0.03 0.02 0.02 0.04 
0.02 0.04 0.05 0.03 0.04 0.05 0.05 0.03 0.04 0.02 
0.04 0.02 0.03 0.04 0.03 0.03 0.05 0.04 0.02 0.03 
0.05 0.02 0.03 0.03 0.03 0.05 0.04 0.05 0.02 0.02 
0.03 0.03 0.03 0.05 0.05 0.04 0.04 0.05 0.04 0.02 
0.05 0.03 0.05 0.04 0.05 0.05 0.05 0.04 0.02 0.04 
0.04 0.02 0.03 0.02 0.05 0.02 0.03 0.02 0.03 0.03 
0.05 0.05 0.02 0.05 0.03 0.05 0.05 0.02 0.02 0.05 
0.04 0.05 0.05 0.04 0.03 0.04 0.03 0.02 0.02 0.03 
0.04 0.05 0.02 0.03 0.03 0.02 0.04 0.03 0.03 0.03 
0.04 0.05 0.03 0.03 0.03 0.04 0.03 0.02 0.05 0.04 
0.05 0.02 0.03 0.03 0.03 0.02 0.02 0.05 0.03 0.05 
0.05 0.05 0.05 0.03 0.04 0.05 0.05 0.05 0.03 0.03 
0.02 0.02 0.03 0.03 0.04 0.04 0.05 0.05 0.04 0.05 
0.04 0.05 0.05 0.04 0.05 0.05 0.03 0.03 0.02 0.04 
0.02 0.02 0.05 0.02 0.04 0.05 0.04 0.05 0.05 0.04 
0.05 0.05 0.03 0.03 0.03 0.03 0.05 0.04 0.04 0.03 
0.04 0.04 0.02 0.05 0.05 0.04 0.05 0.03 0.02 0.03 
0.03 0.02 0.02 0.05 0.02 0.05 0.04 0.05 0.02 0.02 
0.04 0.05 0.05 0.05 0.03 0.05 0.03 0.03 0.02 0.04 
0.02 0.05 0.04 0.05 0.05 0.05 0.03 0.04 0.03 0.04 
0.05 0.04 0.04 0.05 0.03 0.04 0.04 0.04 0.03 0.05 
0.02 0.02 0.02 0.03 0.03 0.03 0.04 0.04 0.02 0.05 
0.02 0.05 0.05 0.03 0.05 0.03 0.03 0.05 0.04 0.02 
0.03 0.04 0.02 0.05 0.02 0.05 0.03 0.04 0.04 0.05 
0.03 0.05 0.04 0.05 0.03 0.05 0.03 0.04 0.02 0.05 
0.02 0.02 0.05 0.02 0.04 0.04 0.03 0.04 0.04 0.04 
0.03 0.02 0.04 0.05 0.05 0.05 0.05 0.03 0.03 0.04 
0.04 0.02 0.03 0.03 0.02 0.02 0.02 0.02 0.03 0.02 
0.03 0.03 0.02 0.05 0.05 0.02 0.05 0.04 0.03 0.03 
0.02 0.02 0.04 0.04 0.03 0.03 0.04 0.04 0.03 0.05 
0.05 0.03 0.02 0.02 0.03 0.05 0.04 0.03 0.02 0.04 
0.02 0.02 0.05 0.02 0.05 0.05 0.04 0.04 0.05 0.05 
0.03 0.05 0.03 0.03 0.05 0.05 0.03 0.05 0.05 0.02 
0.02 0.02 0.04 0.04 0.02 0.03 0.05 0.02 0.05 0.04 
0.03 0.04 0.03 0.02 0.04 0.03 0.04 0.02 0.03 0.04 
0.05 0.05 0.03 0.04 0.05 0.05 0.04 0.04 0.05 0.05 
0.03 0.05 0.05 0.02 0.04 0.04 0.05 0.03 0.05 0.03 
0.03 0.03 0.02 0.03 0.04 0.05 0.03 0.03 0.02 0.02 
0.02 0.02 0.03 0.04 0.05 0.04 0.05 0.03 0.05 0.03 
0.02 0.03 0.02 0.03 0.05 0.03 0.03 0.02 0.05 0.02 
0.02 0.04 0.05 0.05 0.05 0.02 0.04 0.04 0.05 0.04 
0.05 0.04 0.03 0.03 0.04 0.05 0.04 0.05 0.04 0.05 
0.03 0.02 0.05 0.02 0.02 0.02 0.04 0.05 0.02 0.05 
0.03 0.02 0.05 0.03 0.03 0.03 0.04 0.03 0.03 0.02 
0.03 0.05 0.03 0.03 0.04 0.04 0.05 0.02 0.03 0.02 
0.02 0.02 0.03 0.04 0.03 0.02 0.03 0.04 0.02 0.05 
0.02 0.03 0.04 0.03 0.03 0.04 0.04 0.05 0.03 0.05 
0.05 0.02 0.04 0.03 0.03 0.02 0.02 0.05 0.04 0.04 
0.04 0.03 0.02 0.03 0.04 0.02 0.02 0.03 0.02 0.02 
0.03 0.02 0.04 0.02 0.03 0.03 0.02 0.05 0.02 0.02 
0.03 0.05 0.02 0.02 0.03 0.03 0.03 0.02 0.03 0.04 
0.03 0.05 0.03 0.03 0.05 0.02 0.04 0.04 0.03 0.02 
0.03 0.02 0.02 0.04 0.02 0.05 0.04 0.04 0.05 0.02 
0.03 0.05 0.02 0.03 0.04 0.03 0.02 0.02 0.05 0.02 
0.05 0.03 0.02 0.02 0.02 0.05 0.04 0.03 0.05 0.05 
0.05 0.03 0.02 0.04 0.03 0.03 0.05 0.05 0.05 0.04 
0.04 0.04 0.04 0.02 0.05 0.05 0.04 0.03 0.03 0.04 
0.04 0.03 0.02 0.04 0.03 0.02 0.05 0.04 0.05 0.04 
0.05 0.03 0.03 0.05 0.03 0.03 0.04 0.04 0.02 0.04 
0.05 0.03 0.02 0.02 0.05 0.03 0.02 0.04 0.04 0.05 
0.03 0.03 0.04 0.04 0.03 0.04 0.05 0.02 0.04 0.05 
0.04 0.05 0.02 0.04 0.05 0.05 0.05 0.02 0.04 0.05 
0.04 0.05 0.05 0.02 0.03 0.05 0.03 0.05 0.02 0.04 
0.04 0.03 0.05 0.05 0.03 0.04 0.03 0.05 0.02 0.02 
0.03 0.05 0.03 0.03 0.03 0.03 0.04 0.03 0.02 0.05 
0.03 0.03 0.04 0.03 0.02 0.05 0.04 0.03 0.02 0.04 
0.03 0.05 0.02 0.05 0.03 0.03 0.02 0.05 0.02 0.02 
0.04 0.03 0.03 0.04 0.05 0.04 0.04 0.04 0.04 0.04 
0.03 0.04 0.04 0.03 0.04 0.04 0.05 0.03 0.04 0.03 
0.03 0.02 0.03 0.04 0.03 0.05 0.02 0.03 0.05 0.05 
0.03 0.02 0.02 0.04 0.05 0.04 0.04 0.05 0.02 0.02 
0.04 0.04 0.03 0.02 0.05 0.03 0.03 0.02 0.02 0.03 
0.05 0.03 0.05 0.02 0.02 0.04 0.05 0.02 0.05 0.04 
0.02 0.02 0.05 0.03 0.02 0.02 0.02 0.04 0.05 0.02 
0.05 0.05 0.04 0.05 0.05 0.05 0.04 0.03 0.05 0.02 
0.05 0.05 0.04 0.02 0.03 0.03 0.05 0.04 0.02 0.02 
0.03 0.05 0.03 0.03 0.04 0.04 0.03 0.04 0.03 0.02 
0.05 0.03 0.05 0.04 0.05 0.04 0.03 0.02 0.05 0.02 
0.02 0.05 0.05 0.05 0.02 0.05 0.02 0.04 0.05 0.05 
0.02 0.03 0.04 0.03 0.02 0.02 0.04 0.02 0.04 0.04 
0.04 0.03 0.04 0.02 0.02 0.04 0.05 0.03 0.03 0.04 
0.04 0.04 0.04 0.05 0.04 0.03 0.05 0.05 0.02 0.03 
0.05 0.03 0.04 0.02 0.03 0.02 0.02 0.03 0.05 0.02 
0.03 0.05 0.03 0.03 0.04 0.05 0.03 0.02 0.05 0.04 
0.03 0.02 0.04 0.05 0.04 0.03 0.04 0.05 0.02 0.04 
0.05 0.02 0.04 0.03 0.02 0.03 0.02 0.03 0.02 0.05 
0.04 0.05 0.05 0.05 0.03 0.04 0.05 0.03 0.03 0.02 
0.04 0.02 0.04 0.03 0.03 0.03 0.02 0.04 0.02 0.04 
0.02 0.05 0.03 0.03 0.05 0.02 0.04 0.02 0.05 0.04 
0.03 0.04 0.03 0.05 0.03 0.02 0.02 0.05 0.03 0.03 
0.02 0.03 0.05 0.03 0.05 0.03 0.05 0.03 0.05 0.02 
0.04 0.05 0.04 0.04 0.05 0.04 0.05 0.04 0.05 0.04 
0.02 0.05 0.02 0.04 0.02 0.04 0.02 0.02 0.05 0.04 
0.05 0.03 0.02 0.03 0.03 0.04 0.02 0.02 0.04 0.02 
0.02 0.02 0.05 0.04 0.05 0.05 0.04 0.05 0.04 0.02 
0.02 0.04 0.05 0.05 0.02 0.04 0.05 0.05 0.04 0.04 
0.03 0.04 0.02 0.03 0.03 0.04 0.02 0.02 0.04 0.05 
0.02 0.05 0.05 0.02 0.05 0.04 0.02 0.02 0.04 0.03 
0.02 0.02 0.04 0.03 0.03 0.02 0.02 0.03 0.04 0.02 
0.02 0.05 0.02 0.05 0.03 0.05 0.02 0.02 0.02 0.02 
0.04 0.05 0.05 0.02 0.04 0.04 0.05 0.05 0.03 0.03 
0.04 0.02 0.02 0.04 0.03 0.04 0.03 0.03 0.05 0.05 
0.02 0.05 0.05 0.04 0.02 0.05 0.02 0.04 0.05 0.02 
0.05 0.03 0.04 0.02 0.04 0.04 0.03 0.02 0.02 0.05 
0.00321205 0.00535341 0.00214137 0.00535341 0.00321205 0.00321205 0.00535341 0.00321205 0.00321205 0.00214137 
0.00321205 0.00535341 0.00535341 0.00428273 0.00214137 0.00428273 0.00321205 0.00428273 0.00214137 0.00535341 
0.00214137 0.00428273 0.00321205 0.00535341 0.00321205 0.00535341 0.00214137 0.00321205 0.00428273 0.00214137 
0.00428273 0.00214137 0.00535341 0.00214137 0.00535341 0.143346 0.141126 0.00321205 0.00321205 0.00428273 
0.00535341 0.00214137 0.00321205 0.107142 0.00214137 0.130847 0.00428273 0.0412456 0.00321205 0.00535341 
0.00428273 0.00214137 0.00321205 0.00214137 0.141126 0.0929895 0.105695 0.00428273 0.00214137 0.00428273 
0.00428273 0.00535341 0.00214137 0.0839219 0.00214137 0.141126 0.00535341 0.00428273 0.00321205 0.00321205 
0.00428273 0.00428273 0.00535341 0.00321205 0.137829 0.147767 0.0617267 0.00214137 0.00214137 0.00321205 
0.00321205 0.00535341 0.00535341 0.111898 0.00535341 0.137829 0.0551518 0.099193 0.00321205 0.00214137 
0.00321205 0.00321205 0.00535341 0.00535341 0.00535341 0.143346 0.146664 0.148845 0.00321205 0.00535341 
0.05 0.03 0.02 0.02 0.03 0.05 0.03 0.02 0.03 0.05 
0.04 0.02 0.02 0.03 0.03 0.02 0.04 0.05 0.02 0.04 
0.05 0.05 0.04 0.05 0.02 0.05 0.05 0.02 0.04 0.04 
0.03 0.05 0.02 0.02 0.03 0.05 0.02 0.04 0.03 0.02 
0.03 0.05 0.05 0.05 0.05 0.03 0.04 0.04 0.05 0.04 
0.02 0.03 0.03 0.02 0.02 0.02 0.03 0.03 0.04 0.03 
0.05 0.05 0.03 0.03 0.05 0.04 0.02 0.03 0.05 0.05 
0.02 0.02 0.05 0.02 0.03 0.02 0.05 0.04 0.05 0.05 
0.02 0.03 0.02 0.02 0.03 0.02 0.03 0.02 0.02 0.04 
0.04 0.03 0.02 0.03 0.02 0.04 0.02 0.05 0.04 0.05 
0.02 0.02 0.05 0.02 0.03 0.03 0.02 0.03 0.03 0.03 
0.03 0.02 0.04 0.03 0.05 0.05 0.04 0.02 0.02 0.03 
0.02 0.02 0.04 0.03 0.03 0.04 0.03 0.02 0.02 0.05 
0.02 0.05 0.05 0.04 0.04 0.04 0.04 0.03 0.02 0.04 
0.04 0.05 0.02 0.03 0.04 0.04 0.04 0.05 0.02 0.03 
0.05 0.04 0.03 0.05 0.05 0.05 0.02 0.04 0.03 0.02 
0.04 0.05 0.02 0.02 0.03 0.03 0.02 0.03 0.03 0.02 
0.03 0.04 0.02 0.04 0.04 0.02 0.03 0.03 0.03 0.04 
0.05 0.05 0.02 0.02 0.02 0.03 0.04 0.03 0.02 0.03 
0.03 0.03 0.05 0.03 0.04 0.05 0.05 0.02 0.02 0.05 
0.02 0.03 0.04 0.02 0.04 0.04 0.05 0.04 0.04 0.05 
0.02 0.02 0.02 0.05 0.02 0.02 0.03 0.02 0.05 0.05 
0.03 0.05 0.05 0.03 0.03 0.03 0.04 0.05 0.04 0.03 
0.02 0.04 0.04 0.04 0.03 0.05 0.02 0.03 0.02 0.05 
0.03 0.03 0.05 0.02 0.05 0.02 0.05 0.02 0.03 0.04 
0.03 0.04 0.04 0.04 0.05 0.03 0.03 0.05 0.04 0.05 
0.02 0.05 0.02 0.03 0.05 0.03 0.02 0.03 0.05 0.02 
0.03 0.05 0.02 0.03 0.04 0.05 0.03 0.04 0.02 0.04 
0.04 0.04 0.05 0.05 0.02 0.03 0.02 0.05 0.04 0.04 
0.04 0.05 0.02 0.05 0.05 0.02 0.05 0.05 0.05 0.05 
0.02 0.03 0.04 0.03 0.03 0.03 0.04 0.03 0.03 0.03 
0.04 0.04 0.04 0.05 0.04 0.04 0.04 0.04 0.04 0.05 
0.05 0.02 0.02 0.04 0.04 0.05 0.03 0.02 0.02 0.05 
0.03 0.02 0.05 0.02 0.05 0.05 0.04 0.04 0.04 0.05 
0.04 0.03 0.04 0.02 0.03 0.05 0.04 0.03 0.04 0.04 
0.03 0.05 0.05 0.02 0.04 0.05 0.05 0.02 0.04 0.04 
0.03 0.04 0.04 0.03 0.04 0.02 0.02 0.02 0.05 0.05 
0.02 0.03 0.04 0.02 0.03 0.02 0.02 0.02 0.02 0.03 
0.05 0.03 0.04 0.04 0.04 0.02 0.05 0.05 0.03 0.03 
0.03 0.05 0.04 0.03 0.02 0.03 0.05 0.04 0.02 0.04 
