0.05 0.04 0.05 0.04 0.04 0.04 0.04 0.02 0.05 0.02 
0.05 0.04 0.05 0.05 0.04 0.05 0.03 0.02 0.03 0.05 
0.02 0.02 0.03 0.02 0.04 0.03 0.02 0.04 0.03 0.03 
0.02 0.02 0.03 0.02 0.02 0.03 0.05 0.04 0.04 0.05 
0.05 0.04 0.03 0.04 0.03 0.04 0.02 0.04 0.03 0.04 
0.02 0.02 0.02 0.04 0.05 0.03 0.05 0.03 0.04 0.03 
0.02 0.04 0.03 0.05 0.02 0.04 0.02 0.05 0.02 0.05 
0.05 0.02 0.04 0.03 0.02 0.02 0.05 0.02 0.02 0.02 
0.03 0.04 0.05 0.04 0.04 0.05 0.04 0.02 0.02 0.05 
0.05 0.04 0.05 0.03 0.03 0.05 0.04 0.02 0.05 0.03 
0.03 0.05 0.05 0.03 0.02 0.04 0.05 0.02 0.04 0.05 
0.03 0.05 0.02 0.03 0.04 0.04 0.04 0.04 0.05 0.02 
0.05 0.03 0.02 0.04 0.05 0.02 0.03 0.03 0.05 0.05 
0.02 0.03 0.05 0.05 0.05 0.05 0.04 0.04 0.02 0.05 
0.02 0.02 0.03 0.05 0.02 0.02 0.03 0.04 0.04 0.03 
0.05 0.05 0.03 0.05 0.03 0.02 0.02 0.02 0.03 0.02 
0.02 0.02 0.04 0.04 0.04 0.02 0.03 0.04 0.03 0.02 
0.05 0.03 0.02 0.03 0.04 0.05 0.02 0.03 0.05 0.02 
0.03 0.04 0.04 0.05 0.03 0.05 0.05 0.05 0.05 0.02 
0.02 0.03 0.04 0.03 0.05 0.05 0.03 0.03 0.02 0.04 
0.04 0.04 0.04 0.04 0.02 0.04 0.02 0.03 0.04 0.05 
0.04 0.03 0.03 0.02 0.03 0.02 0.04 0.05 0.04 0.03 
0.04 0.04 0.04 0.05 0.02 0.05 0.03 0.02 0.03 0.03 
0.04 0.03 0.04 0.05 0.05 0.04 0.04 0.04 0.05 0.03 
0.05 0.03 0.02 0.03 0.05 0.04 0.02 0.03 0.04 0.03 
0.04 0.05 0.03 0.05 0.04 0.05 0.02 0.05 0.03 0.04 
0.03 0.02 0.05 0.02 0.05 0.05 0.04 0.02 0.03 0.02 
0.03 0.04 0.02 0.05 0.02 0.04 0.02 0.04 0.02 0.04 
0.02 0.04 0.04 0.03 0.05 0.04 0.02 0.05 0.02 0.02 
0.03 0.05 0.04 0.02 0.05 0.03 0.05 0.02 0.04 0.03 
0.02 0.03 0.03 0.02 0.02 0.03 0.03 0.03 0.02 0.02 
0.02 0.02 0.04 0.05 0.04 0.04 0.03 0.02 0.03 0.03 
0.04 0.03 0.03 0.02 0.05 0.02 0.03 0.05 0.02 0.05 
0.02 0.02 0.04 0.02 0.05 0.05 0.03 0.02 0.02 0.02 
0.02 0.02 0.04 0.04 0.05 0.04 0.04 0.02 0.02 0.05 
0.03 0.03 0.04 0.04 0.05 0.05 0.04 0.03 0.03 0.04 
0.03 0.03 0.03 0.05 0.02 0.02 0.05 0.05 0.02 0.04 
0.02 0.04 0.03 0.03 0.05 0.04 0.02 0.04 0.03 0.02 
0.03 0.03 0.04 0.04 0.03 0.04 0.03 0.05 0.03 0.02 
0.02 0.04 0.05 0.02 0.03 0.05 0.05 0.04 0.05 0.05 
0.02 0.04 0.05 0.02 0.02 0.05 0.05 0.05 0.04 0.05 
0.02 0.02 0.04 0.04 0.03 0.02 0.03 0.05 0.04 0.03 
0.04 0.04 0.04 0.02 0.03 0.05 0.04 0.03 0.03 0.05 
0.04 0.04 0.04 0.05 0.05 0.05 0.04 0.05 0.03 0.05 
0.02 0.02 0.02 0.02 0.03 0.04 0.05 0.02 0.05 0.03 
0.04 0.03 0.03 0.02 0.02 0.03 0.05 0.04 0.03 0.05 
0.02 0.04 0.03 0.02 0.05 0.02 0.03 0.02 0.05 0.04 
0.03 0.05 0.04 0.03 0.04 0.05 0.04 0.05 0.04 0.05 
0.03 0.05 0.05 0.05 0.03 0.05 0.04 0.05 0.02 0.05 
0.02 0.04 0.05 0.03 0.03 0.03 0.04 0.02 0.03 0.05 
0.02 0.02 0.02 0.05 0.05 0.03 0.04 0.04 0.04 0.03 
0.05 0.04 0.03 0.05 0.02 0.05 0.02 0.02 0.05 0.05 
0.05 0.05 0.04 0.04 0.03 0.05 0.03 0.05 0.04 0.04 
0.02 0.03 0.03 0.02 0.05 0.03 0.02 0.04 0.05 0.02 
0.04 0.04 0.03 0.04 0.04 0.02 0.03 0.02 0.02 0.03 
0.04 0.03 0.02 0.03 0.02 0.05 0.05 0.02 0.05 0.05 
0.04 0.02 0.02 0.03 0.03 0.02 0.05 0.02 0.04 0.05 
0.04 0.05 0.02 0.03 0.02 0.03 0.05 0.02 0.05 0.05 
0.04 0.02 0.02 0.03 0.04 0.04 0.02 0.02 0.04 0.02 
0.02 0.02 0.05 0.03 0.04 0.05 0.05 0.04 0.05 0.02 
0.02 0.02 0.04 0.02 0.05 0.05 0.04 0.02 0.04 0.05 
0.03 0.03 0.03 0.05 0.04 0.04 0.03 0.04 0.02 0.05 
0.03 0.04 0.02 0.05 0.02 0.02 0.02 0.05 0.04 0.04 
0.05 0.05 0.05 0.04 0.02 0.02 0.05 0.05 0.02 0.03 
0.03 0.03 0.03 0.03 0.04 0.04 0.04 0.05 0.05 0.02 
0.05 0.03 0.05 0.04 0.02 0.02 0.04 0.03 0.05 0.03 
0.02 0.05 0.05 0.05 0.05 0.04 0.02 0.02 0.05 0.03 
0.03 0.05 0.03 0.05 0.02 0.05 0.05 0.04 0.04 0.02 
0.02 0.03 0.03 0.05 0.05 0.04 0.03 0.05 0.03 0.04 
0.02 0.03 0.04 0.02 0.02 0.04 0.02 0.05 0.05 0.03 
0.03 0.02 0.03 0.03 0.05 0.02 0.04 0.03 0.05 0.04 
0.03 0.05 0.05 0.05 0.04 0.04 0.05 0.02 0.03 0.02 
0.05 0.02 0.03 0.05 0.03 0.04 0.04 0.02 0.04 0.02 
0.02 0.05 0.04 0.04 0.03 0.04 0.04 0.05 0.02 0.03 
0.04 0.05 0.03 0.04 0.05 0.05 0.02 0.02 0.04 0.05 
0.03 0.05 0.04 0.02 0.05 0.04 0.04 0.03 0.05 0.03 
0.05 0.05 0.03 0.05 0.05 0.02 0.03 0.02 0.02 0.05 
0.02 0.04 0.05 0.04 0.02 0.02 0.02 0.05 0.02 0.02 
0.02 0.03 0.04 0.05 0.02 0.03 0.05 0.02 0.02 0.05 
0.04 0.03 0.03 0.02 0.04 0.04 0.02 0.04 0.02 0.02 
0.03 0.04 0.04 0.04 0.03 0.05 0.04 0.03 0.02 0.04 
0.04 0.03 0.03 0.04 0.03 0.04 0.03 0.02 0.04 0.04 
0.04 0.04 0.05 0.04 0.05 0.03 0.03 0.05 0.03 0.02 
0.03 0.04 0.04 0.02 0.04 0.05 0.05 0.04 0.03 0.05 
0.02 0.02 0.03 0.05 0.05 0.04 0.03 0.03 0.03 0.03 
0.05 0.03 0.04 0.03 0.02 0.03 0.02 0.02 0.02 0.02 
0.05 0.05 0.04 0.04 0.04 0.02 0.03 0.04 0.03 0.02 
0.05 0.02 0.03 0.05 0.05 0.05 0.02 0.04 0.04 0.02 
0.02 0.04 0.02 0.04 0.04 0.04 0.05 0.04 0.03 0.03 
0.03 0.05 0.05 0.02 0.02 0.04 0.04 0.03 0.04 0.02 
0.03 0.03 0.04 0.03 0.05 0.04 0.02 0.05 0.05 0.02 
0.02 0.04 0.04 0.04 0.02 0.05 0.03 0.04 0.02 0.02 
0.02 0.05 0.05 0.05 0.03 0.04 0.03 0.03 0.02 0.05 
0.04 0.05 0.03 0.04 0.02 0.03 0.02 0.02 0.02 0.02 
0.02 0.02 0.03 0.03 0.05 0.05 0.03 0.05 0.03 0.03 
0.02 0.03 0.04 0.04 0.05 0.02 0.02 0.02 0.05 0.02 
0.03 0.05 0.05 0.03 0.05 0.02 0.02 0.05 0.05 0.03 
0.04 0.03 0.03 0.04 0.03 0.04 0.05 0.04 0.05 0.04 
0.02 0.04 0.05 0.04 0.05 0.02 0.02 0.03 0.03 0.05 
0.05 0.04 0.05 0.02 0.04 0.04 0.03 0.05 0.05 0.05 
0.04 0.05 0.02 0.03 0.04 0.02 0.03 0.02 0.04 0.05 
0.03 0.02 0.03 0.02 0.04 0.05 0.03 0.02 0.05 0.05 
0.05 0.03 0.04 0.03 0.02 0.03 0.04 0.02 0.05 0.05 
0.02 0.05 0.02 0.02 0.04 0.04 0.02 0.02 0.05 0.04 
0.02 0.02 0.05 0.02 0.04 0.02 0.02 0.05 0.03 0.02 
0.04 0.03 0.03 0.04 0.02 0.02 0.05 0.04 0.03 0.03 
0.05 0.05 0.05 0.04 0.03 0.03 0.05 0.02 0.05 0.02 
0.03 0.02 0.02 0.03 0.03 0.03 0.03 0.02 0.05 0.03 
0.03 0.04 0.03 0.05 0.05 0.04 0.02 0.04 0.02 0.05 
0.05 0.04 0.05 0.02 0.04 0.05 0.02 0.05 0.04 0.04 
0.02 0.04 0.02 0.02 0.05 0.03 0.04 0.02 0.03 0.04 
0.04 0.03 0.03 0.03 0.05 0.03 0.05 0.04 0.05 0.05 
0.04 0.05 0.03 0.03 0.05 0.03 0.05 0.05 0.05 0.02 
0.02 0.03 0.05 0.03 0.04 0.03 0.05 0.04 0.02 0.05 
0.04 0.03 0.04 0.02 0.03 0.05 0.03 0.04 0.05 0.05 
0.05 0.02 0.05 0.03 0.03 0.04 0.04 0.03 0.04 0.05 
0.05 0.02 0.05 0.05 0.02 0.05 0.05 0.04 0.03 0.05 
0.04 0.03 0.02 0.03 0.02 0.05 0.05 0.03 0.05 0.03 
0.02 0.05 0.03 0.05 0.02 0.04 0.03 0.05 0.05 0.04 
0.03 0.04 0.04 0.02 0.05 0.02 0.05 0.04 0.04 0.04 
0.02 0.02 0.05 0.05 0.04 0.03 0.04 0.04 0.04 0.04 
0.04 0.03 0.02 0.05 0.03 0.05 0.05 0.04 0.02 0.02 
0.03 0.02 0.05 0.03 0.03 0.03 0.03 0.04 0.03 0.03 
0.05 0.04 0.05 0.05 0.02 0.05 0.05 0.04 0.02 0.03 
0.05 0.05 0.02 0.02 0.04 0.03 0.05 0.04 0.02 0.05 
0.02 0.03 0.05 0.04 0.03 0.04 0.05 0.04 0.02 0.02 
0.05 0.05 0.04 0.02 0.03 0.03 0.03 0.04 0.02 0.02 
0.05 0.04 0.05 0.02 0.02 0.05 0.02 0.03 0.04 0.04 
0.05 0.03 0.03 0.04 0.04 0.05 0.05 0.03 0.03 0.02 
0.04 0.05 0.05 0.04 0.03 0.02 0.03 0.03 0.02 0.03 
0.04 0.03 0.04 0.02 0.03 0.02 0.05 0.03 0.05 0.02 
0.05 0.04 0.05 0.03 0.03 0.02 0.03 0.03 0.03 0.04 
0.05 0.02 0.04 0.05 0.02 0.03 0.02 0.03 0.05 0.02 
0.02 0.04 0.05 0.03 0.02 0.04 0.05 0.04 0.05 0.03 
0.02 0.04 0.02 0.03 0.04 0.03 0.03 0.02 0.04 0.04 
0.04 0.02 0.02 0.02 0.02 0.02 0.05 0.04 0.05 0.04 
0.04 0.02 0.05 0.05 0.04 0.04 0.03 0.04 0.04 0.05 
0.05 0.04 0.04 0.02 0.04 0.05 0.05 0.05 0.04 0.04 
0.04 0.05 0.05 0.02 0.03 0.05 0.05 0.03 0.04 0.05 
0.04 0.05 0.02 0.03 0.05 0.04 0.03 0.04 0.03 0.04 
0.04 0.02 0.05 0.03 0.04 0.03 0.03 0.04 0.03 0.03 
0.02 0.02 0.03 0.02 0.05 0.03 0.03 0.05 0.04 0.04 
0.05 0.04 0.02 0.03 0.02 0.04 0.02 0.03 0.03 0.02 
0.05 0.03 0.04 0.03 0.02 0.04 0.05 0.04 0.04 0.02 
0.05 0.02 0.03 0.02 0.02 0.05 0.05 0.04 0.04 0.02 
0.03 0.04 0.02 0.02 0.03 0.04 0.05 0.03 0.03 0.04 
0.05 0.05 0.04 0.02 0.02 0.04 0.03 0.04 0.05 0.02 
0.02 0.05 0.05 0.04 0.05 0.03 0.03 0.02 0.03 0.02 
0.03 0.04 0.02 0.02 0.03 0.04 0.05 0.04 0.04 0.03 
0.02 0.04 0.05 0.03 0.02 0.05 0.05 0.03 0.04 0.05 
0.02 0.02 0.05 0.03 0.02 0.05 0.04 0.02 0.04 0.05 
0.05 0.02 0.05 0.02 0.05 0.05 0.02 0.03 0.05 0.03 
0.02 0.05 0.02 0.03 0.05 0.05 0.02 0.03 0.05 0.04 
0.03 0.03 0.03 0.02 0.05 0.02 0.03 0.02 0.04 0.03 
0.03 0.03 0.05 0.05 0.03 0.04 0.04 0.03 0.04 0.03 
0.03 0.03 0.04 0.02 0.05 0.02 0.02 0.02 0.03 0.04 
0.02 0.03 0.04 0.02 0.03 0.04 0.02 0.04 0.03 0.02 
0.02 0.05 0.03 0.05 0.02 0.03 0.04 0.02 0.05 0.03 
0.02 0.05 0.05 0.04 0.05 0.04 0.03 0.04 0.04 0.04 
0.02 0.04 0.05 0.05 0.03 0.03 0.04 0.02 0.05 0.02 
0.02 0.02 0.03 0.05 0.04 0.03 0.04 0.02 0.02 0.04 
0.03 0.04 0.03 0.03 0.02 0.02 0.03 0.05 0.05 0.02 
0.04 0.03 0.02 0.02 0.03 0.02 0.04 0.02 0.02 0.03 
0.05 0.03 0.05 0.03 0.02 0.04 0.05 0.02 0.03 0.02 
0.04 0.05 0.05 0.03 0.04 0.05 0.04 0.02 0.05 0.03 
0.05 0.04 0.02 0.05 0.03 0.05 0.03 0.05 0.02 0.04 
0.03 0.05 0.03 0.05 0.03 0.04 0.03 0.04 0.04 0.05 
0.05 0.05 0.04 0.02 0.05 0.02 0.03 0.03 0.05 0.03 
0.02 0.05 0.03 0.02 0.03 0.03 0.04 0.05 0.02 0.04 
0.03 0.04 0.05 0.04 0.02 0.03 0.05 0.04 0.05 0.05 
0.0389358 0.0486697 0.0292018 0.0292018 0.0194679 0.0486697 0.0389358 0.0389358 0.0194679 0.0292018 
0.0194679 0.0292018 0.0194679 0.0486697 0.0194679 0.0292018 0.0486697 0.0486697 0.0389358 0.0486697 
0.0194679 0.0292018 0.0389358 0.0292018 0.0292018 0.0194679 0.0194679 0.0486697 0.0292018 0.0389358 
0.0194679 0.0194679 0.0194679 0.0389358 0.0486697 0.0377796 0.0606483 0.0292018 0.0292018 0.0194679 
0.0486697 0.0486697 0.0389358 0.0389358 0.0486697 0.0389358 0.0292018 0.0389358 0.0292018 0.0486697 
0.0389358 0.0292018 0.0486697 0.0389358 0.0634723 0.0486697 0.0292018 0.0194679 0.0292018 0.0486697 
0.0292018 0.0486697 0.0486697 0.0668167 0.0194679 0.0486697 0.0389358 0.0486697 0.0292018 0.0486697 
0.0194679 0.0292018 0.0486697 0.0194679 0.0599942 0.0486697 0.0292018 0.0194679 0.0194679 0.0194679 
0.0194679 0.0389358 0.0292018 0.0389358 0.0194679 0.0265961 0.0335546 0.0292018 0.0486697 0.0486697 
0.0389358 0.0292018 0.0389358 0.0486697 0.0389358 0.0389358 0.0389358 0.0389358 0.0486697 0.0486697 
0.02 0.03 0.03 0.04 0.03 0.02 0.04 0.03 0.05 0.04 
0.04 0.04 0.02 0.05 0.02 0.03 0.05 0.04 0.05 0.05 
0.03 0.02 0.03 0.04 0.04 0.05 0.05 0.04 0.05 0.05 
0.03 0.02 0.04 0.02 0.04 0.02 0.05 0.04 0.05 0.04 
0.05 0.04 0.05 0.05 0.02 0.05 0.05 0.03 0.02 0.04 
0.03 0.02 0.03 0.05 0.02 0.05 0.02 0.04 0.04 0.02 
0.05 0.04 0.04 0.05 0.03 0.03 0.02 0.05 0.02 0.03 
0.03 0.03 0.02 0.03 0.03 0.02 0.02 0.02 0.03 0.02 
0.03 0.03 0.04 0.05 0.02 0.02 0.02 0.04 0.02 0.05 
0.02 0.02 0.02 0.03 0.02 0.05 0.04 0.02 0.02 0.03 
0.04 0.04 0.04 0.04 0.03 0.03 0.02 0.03 0.04 0.05 
0.05 0.04 0.03 0.03 0.04 0.04 0.03 0.04 0.05 0.03 
0.04 0.02 0.03 0.05 0.02 0.02 0.04 0.02 0.05 0.03 
0.02 0.04 0.02 0.03 0.03 0.05 0.02 0.03 0.02 0.02 
0.04 0.02 0.04 0.02 0.04 0.04 0.04 0.04 0.03 0.02 
0.02 0.02 0.02 0.05 0.04 0.03 0.04 0.05 0.03 0.02 
0.02 0.03 0.05 0.02 0.05 0.03 0.04 0.05 0.03 0.03 
0.02 0.03 0.05 0.02 0.03 0.04 0.02 0.04 0.02 0.05 
0.03 0.02 0.04 0.03 0.05 0.04 0.04 0.04 0.05 0.05 
0.02 0.03 0.05 0.05 0.03 0.04 0.05 0.05 0.02 0.02 
0.04 0.04 0.03 0.05 0.02 0.02 0.04 0.04 0.04 0.05 
0.05 0.05 0.02 0.03 0.02 0.04 0.04 0.03 0.03 0.05 
0.03 0.04 0.03 0.04 0.05 0.04 0.03 0.02 0.02 0.04 
0.04 0.02 0.05 0.04 0.04 0.05 0.04 0.03 0.03 0.05 
0.04 0.03 0.05 0.04 0.04 0.04 0.04 0.02 0.04 0.05 
0.03 0.04 0.03 0.02 0.03 0.02 0.04 0.03 0.03 0.02 
0.04 0.03 0.04 0.03 0.05 0.02 0.02 0.03 0.04 0.03 
0.03 0.05 0.04 0.03 0.03 0.04 0.04 0.03 0.02 0.02 
0.04 0.05 0.02 0.04 0.03 0.05 0.02 0.04 0.03 0.05 
0.02 0.03 0.02 0.05 0.02 0.05 0.03 0.02 0.05 0.02 
0.03 0.05 0.04 0.05 0.02 0.02 0.05 0.05 0.02 0.03 
0.04 0.04 0.05 0.03 0.02 0.05 0.04 0.04 0.04 0.02 
0.02 0.04 0.04 0.05 0.03 0.02 0.02 0.02 0.04 0.03 
0.04 0.02 0.03 0.03 0.03 0.05 0.02 0.04 0.04 0.05 
0.04 0.03 0.05 0.05 0.04 0.04 0.05 0.02 0.03 0.04 
0.03 0.03 0.05 0.02 0.02 0.03 0.02 0.02 0.03 0.02 
0.03 0.05 0.02 0.05 0.02 0.04 0.04 0.03 0.02 0.04 
0.05 0.03 0.04 0.02 0.02 0.04 0.02 0.03 0.02 0.03 
0.03 0.05 0.02 0.05 0.05 0.02 0.03 0.04 0.04 0.02 
0.03 0.04 0.05 0.03 0.05 0.02 0.05 0.03 0.03 0.04 
0.05 0.04 0.03 0.02 0.03 0.04 0.04 0.05 0.04 0.03 
0.04 0.02 0.02 0.04 0.05 0.02 0.05 0.05 0.05 0.02 
0.04 0.02 0.03 0.04 0.04 0.03 0.05 0.02 0.05 0.05 
0.03 0.03 0.03 0.03 0.05 0.03 0.04 0.03 0.02 0.03 
0.02 0.05 0.02 0.04 0.05 0.02 0.04 0.03 0.05 0.04 
0.05 0.05 0.04 0.05 0.04 0.05 0.05 0.05 0.03 0.04 
0.02 0.04 0.04 0.02 0.05 0.03 0.02 0.05 0.04 0.04 
0.04 0.04 0.02 0.03 0.03 0.03 0.05 0.04 0.02 0.05 
0.02 0.02 0.05 0.04 0.04 0.04 0.05 0.05 0.03 0.03 
0.02 0.02 0.05 0.05 0.04 0.04 0.02 0.03 0.03 0.05 
0.03 0.03 0.05 0.04 0.03 0.03 0.04 0.02 0.05 0.03 
0.02 0.02 0.05 0.02 0.05 0.03 0.04 0.04 0.04 0.03 
0.04 0.05 0.04 0.02 0.04 0.05 0.03 0.03 0.04 0.05 
0.04 0.02 0.02 0.05 0.02 0.02 0.02 0.03 0.05 0.05 
0.05 0.05 0.02 0.05 0.04 0.05 0.04 0.02 0.02 0.02 
0.04 0.02 0.04 0.04 0.02 0.05 0.03 0.05 0.02 0.03 
0.02 0.02 0.02 0.05 0.05 0.04 0.04 0.03 0.05 0.05 
0.04 0.05 0.03 0.05 0.05 0.05 0.03 0.02 0.04 0.03 
0.04 0.02 0.04 0.05 0.04 0.04 0.03 0.04 0.03 0.04 
0.02 0.03 0.05 0.03 0.04 0.04 0.03 0.04 0.02 0.04 
0.05 0.04 0.04 0.04 0.03 0.04 0.04 0.03 0.03 0.02 
0.05 0.02 0.02 0.05 0.05 0.03 0.05 0.03 0.02 0.05 
0.02 0.02 0.03 0.04 0.04 0.02 0.02 0.04 0.04 0.04 
0.04 0.03 0.04 0.05 0.05 0.02 0.02 0.02 0.02 0.05 
0.04 0.02 0.05 0.02 0.02 0.05 0.05 0.02 0.05 0.03 
0.04 0.04 0.03 0.03 0.05 0.05 0.04 0.05 0.04 0.04 
0.04 0.05 0.05 0.02 0.04 0.03 0.03 0.04 0.02 0.05 
0.02 0.04 0.04 0.05 0.04 0.04 0.03 0.04 0.03 0.03 
0.03 0.02 0.02 0.03 0.04 0.05 0.02 0.03 0.02 0.03 
0.03 0.03 0.02 0.05 0.05 0.03 0.02 0.04 0.05 0.03 
0.00735227 0.0147045 0.0110284 0.00735227 0.0147045 0.0183807 0.00735227 0.0110284 0.0147045 0.0183807 
0.0110284 0.0110284 0.00735227 0.0147045 0.0183807 0.0183807 0.0110284 0.0147045 0.0183807 0.00735227 
0.0183807 0.00735227 0.0110284 0.0183807 0.0147045 0.00735227 0.0147045 0.0183807 0.00735227 0.0110284 
0.0183807 0.0183807 0.0183807 0.0183807 0.0147045 0.148779 0.00735227 0.0110284 0.0147045 0.0183807 
0.0183807 0.0183807 0.0110284 0.00735227 0.0110284 0.146352 0.00735227 0.0110284 0.0147045 0.0110284 
0.00735227 0.0147045 0.0183807 0.0183807 0.0183807 0.146352 0.0110284 0.00735227 0.0147045 0.0110284 
0.0110284 0.0147045 0.00735227 0.0147045 0.00735227 0.141639 0.00735227 0.0110284 0.00735227 0.00735227 
0.0110284 0.0147045 0.0147045 0.0147045 0.00735227 0.146352 0.0147045 0.0110284 0.0110284 0.00735227 
0.0147045 0.0147045 0.00735227 0.0147045 0.00735227 0.148779 0.0183807 0.0147045 0.0147045 0.0183807 
0.0110284 0.0147045 0.00735227 0.0147045 0.0110284 0.15 0.141639 0.146352 0.0110284 0.00735227 
0.05 0.04 0.02 0.03 0.04 0.04 0.04 0.05 0.02 0.03 
0.05 0.03 0.02 0.05 0.05 0.03 0.04 0.02 0.02 0.02 
0.02 0.05 0.02 0.03 0.04 0.02 0.04 0.03 0.03 0.05 
0.04 0.05 0.04 0.02 0.05 0.02 0.05 0.05 0.02 0.02 
0.03 0.03 0.02 0.05 0.05 0.04 0.04 0.05 0.05 0.03 
0.03 0.02 0.04 0.05 0.03 0.03 0.04 0.02 0.05 0.05 
0.03 0.03 0.04 0.03 0.02 0.02 0.03 0.04 0.03 0.05 
0.05 0.03 0.04 0.04 0.02 0.03 0.04 0.04 0.02 0.05 
0.04 0.02 0.02 0.04 0.02 0.02 0.05 0.03 0.02 0.05 
0.02 0.03 0.02 0.02 0.05 0.04 0.04 0.05 0.04 0.04 
0.03 0.02 0.03 0.05 0.03 0.03 0.04 0.04 0.04 0.03 
0.05 0.03 0.05 0.04 0.04 0.03 0.05 0.05 0.02 0.04 
0.05 0.02 0.04 0.03 0.02 0.04 0.03 0.03 0.05 0.04 
0.03 0.03 0.03 0.05 0.04 0.04 0.04 0.04 0.04 0.02 
0.03 0.03 0.02 0.05 0.04 0.03 0.02 0.03 0.04 0.05 
0.05 0.02 0.02 0.02 0.05 0.03 0.05 0.05 0.04 0.05 
0.03 0.03 0.02 0.03 0.03 0.04 0.04 0.05 0.05 0.04 
0.02 0.02 0.05 0.05 0.02 0.05 0.04 0.04 0.03 0.03 
0.04 0.03 0.03 0.03 0.02 0.05 0.05 0.05 0.05 0.02 
0.05 0.02 0.02 0.04 0.02 0.05 0.04 0.03 0.05 0.03 
0.02 0.03 0.05 0.04 0.02 0.03 0.05 0.05 0.04 0.03 
0.02 0.05 0.05 0.04 0.03 0.05 0.04 0.04 0.04 0.02 
0.02 0.04 0.02 0.04 0.05 0.04 0.03 0.05 0.03 0.04 
0.04 0.03 0.04 0.04 0.02 0.05 0.03 0.05 0.02 0.05 
0.05 0.05 0.05 0.05 0.02 0.04 0.04 0.05 0.02 0.04 
0.04 0.02 0.03 0.03 0.02 0.05 0.02 0.02 0.04 0.04 
0.02 0.04 0.02 0.05 0.04 0.03 0.03 0.02 0.03 0.02 
0.02 0.02 0.03 0.05 0.05 0.02 0.05 0.04 0.05 0.02 
0.02 0.02 0.05 0.05 0.03 0.03 0.02 0.03 0.02 0.05 
0.03 0.03 0.05 0.02 0.04 0.04 0.04 0.05 0.02 0.05 
0.05 0.05 0.02 0.03 0.02 0.05 0.03 0.03 0.02 0.02 
0.04 0.04 0.04 0.05 0.02 0.02 0.05 0.02 0.03 0.03 
0.02 0.04 0.02 0.03 0.05 0.02 0.05 0.05 0.03 0.04 
0.04 0.05 0.04 0.02 0.03 0.02 0.05 0.05 0.02 0.02 
0.02 0.02 0.02 0.04 0.04 0.04 0.05 0.03 0.03 0.04 
0.02 0.03 0.03 0.05 0.02 0.03 0.03 0.05 0.03 0.04 
0.03 0.03 0.03 0.05 0.02 0.04 0.02 0.04 0.03 0.03 
0.03 0.05 0.04 0.05 0.04 0.04 0.04 0.02 0.02 0.05 
0.04 0.03 0.02 0.03 0.04 0.02 0.02 0.03 0.05 0.04 
0.04 0.03 0.04 0.03 0.05 0.04 0.04 0.04 0.04 0.05 
0.04 0.04 0.02 0.04 0.02 0.05 0.05 0.04 0.04 0.05 
0.02 0.04 0.04 0.05 0.03 0.05 0.02 0.05 0.02 0.04 
0.03 0.05 0.05 0.02 0.05 0.02 0.03 0.02 0.02 0.04 
0.02 0.04 0.05 0.05 0.04 0.03 0.03 0.05 0.02 0.04 
0.05 0.03 0.04 0.03 0.05 0.02 0.04 0.05 0.03 0.05 
0.03 0.02 0.02 0.03 0.02 0.05 0.04 0.02 0.02 0.05 
0.03 0.05 0.03 0.05 0.03 0.04 0.05 0.03 0.05 0.05 
0.02 0.03 0.02 0.05 0.04 0.05 0.05 0.03 0.03 0.05 
0.03 0.05 0.05 0.04 0.03 0.05 0.02 0.05 0.02 0.04 
0.04 0.04 0.02 0.02 0.04 0.04 0.05 0.04 0.04 0.03 
0.05 0.05 0.04 0.02 0.05 0.05 0.03 0.05 0.03 0.03 
0.02 0.03 0.04 0.03 0.02 0.04 0.05 0.05 0.05 0.05 
0.03 0.04 0.03 0.05 0.03 0.05 0.03 0.04 0.04 0.05 
0.04 0.04 0.05 0.05 0.02 0.02 0.02 0.03 0.04 0.04 
0.04 0.03 0.02 0.03 0.04 0.03 0.04 0.03 0.03 0.02 
0.04 0.02 0.03 0.05 0.05 0.02 0.05 0.04 0.02 0.02 
0.02 0.02 0.03 0.05 0.04 0.05 0.03 0.05 0.03 0.05 
0.05 0.02 0.02 0.03 0.05 0.02 0.05 0.04 0.05 0.02 
0.03 0.05 0.04 0.03 0.05 0.02 0.05 0.03 0.03 0.04 
0.02 0.05 0.04 0.03 0.02 0.04 0.03 0.05 0.05 0.03 
0.02 0.05 0.05 0.04 0.02 0.03 0.02 0.03 0.05 0.05 
0.05 0.03 0.04 0.02 0.04 0.04 0.03 0.04 0.02 0.03 
0.05 0.05 0.02 0.05 0.04 0.03 0.02 0.02 0.02 0.03 
0.04 0.03 0.04 0.05 0.02 0.05 0.03 0.04 0.02 0.05 
0.03 0.02 0.03 0.04 0.04 0.04 0.02 0.05 0.02 0.05 
0.02 0.03 0.04 0.04 0.04 0.03 0.03 0.05 0.04 0.04 
0.04 0.03 0.02 0.03 0.04 0.04 0.03 0.02 0.04 0.04 
0.02 0.03 0.04 0.03 0.02 0.03 0.04 0.03 0.05 0.05 
0.05 0.05 0.04 0.02 0.05 0.05 0.02 0.02 0.04 0.04 
0.05 0.04 0.02 0.04 0.04 0.04 0.05 0.05 0.05 0.03 
0.02 0.03 0.05 0.02 0.02 0.03 0.05 0.05 0.02 0.04 
0.05 0.05 0.05 0.05 0.04 0.05 0.04 0.04 0.04 0.05 
0.05 0.03 0.04 0.05 0.05 0.05 0.04 0.03 0.03 0.02 
0.04 0.05 0.03 0.04 0.03 0.02 0.05 0.03 0.02 0.02 
0.04 0.04 0.04 0.05 0.04 0.04 0.04 0.02 0.05 0.03 
0.05 0.05 0.03 0.02 0.04 0.04 0.05 0.05 0.03 0.03 
0.04 0.05 0.02 0.02 0.02 0.04 0.03 0.03 0.02 0.05 
0.04 0.05 0.02 0.04 0.04 0.04 0.05 0.05 0.03 0.03 
0.03 0.03 0.03 0.05 0.02 0.04 0.02 0.05 0.02 0.04 
0.02 0.03 0.04 0.02 0.03 0.05 0.05 0.05 0.03 0.04 
0.05 0.03 0.05 0.02 0.05 0.02 0.05 0.02 0.03 0.04 
0.02 0.04 0.02 0.02 0.04 0.02 0.02 0.05 0.03 0.03 
0.05 0.02 0.04 0.05 0.02 0.02 0.04 0.03 0.05 0.04 
0.04 0.04 0.04 0.05 0.05 0.05 0.03 0.03 0.04 0.04 
0.04 0.03 0.04 0.05 0.03 0.05 0.02 0.03 0.04 0.05 
0.05 0.03 0.05 0.04 0.04 0.05 0.03 0.05 0.03 0.04 
0.03 0.03 0.04 0.04 0.04 0.02 0.03 0.04 0.03 0.04 
0.02 0.05 0.03 0.04 0.04 0.05 0.05 0.03 0.03 0.03 
0.05 0.02 0.02 0.05 0.02 0.04 0.02 0.03 0.04 0.04 
0.02 0.03 0.03 0.03 0.03 0.03 0.02 0.03 0.05 0.02 
0.03 0.03 0.04 0.04 0.02 0.03 0.05 0.03 0.03 0.05 
0.02 0.04 0.02 0.05 0.05 0.05 0.05 0.03 0.04 0.05 
0.03 0.03 0.04 0.05 0.05 0.02 0.04 0.03 0.03 0.02 
0.03 0.05 0.02 0.04 0.02 0.04 0.05 0.03 0.03 0.04 
0.03 0.02 0.03 0.04 0.05 0.02 0.05 0.05 0.05 0.02 
0.04 0.04 0.05 0.04 0.04 0.04 0.03 0.03 0.05 0.03 
0.04 0.02 0.03 0.03 0.03 0.04 0.05 0.02 0.03 0.02 
0.03 0.02 0.02 0.04 0.04 0.02 0.02 0.02 0.03 0.04 
0.03 0.04 0.04 0.02 0.02 0.04 0.04 0.05 0.04 0.04 
0.05 0.02 0.05 0.05 0.02 0.05 0.04 0.05 0.02 0.03 
0.02 0.03 0.05 0.05 0.02 0.04 0.03 0.03 0.05 0.05 
0.04 0.03 0.02 0.04 0.04 0.04 0.04 0.04 0.03 0.04 
0.04 0.03 0.02 0.03 0.03 0.04 0.02 0.02 0.02 0.04 
0.04 0.02 0.05 0.04 0.02 0.03 0.02 0.05 0.05 0.02 
0.03 0.03 0.02 0.03 0.03 0.05 0.05 0.03 0.05 0.04 
0.03 0.03 0.03 0.03 0.04 0.03 0.04 0.05 0.02 0.02 
0.03 0.05 0.02 0.03 0.04 0.04 0.02 0.03 0.04 0.04 
0.02 0.05 0.03 0.05 0.04 0.05 0.04 0.02 0.02 0.03 
0.05 0.04 0.03 0.02 0.04 0.02 0.02 0.05 0.04 0.04 
0.02 0.03 0.04 0.04 0.05 0.04 0.04 0.03 0.02 0.04 
0.05 0.03 0.03 0.03 0.04 0.05 0.03 0.02 0.05 0.03 
0.03 0.05 0.03 0.02 0.02 0.04 0.03 0.03 0.03 0.02 
0.02 0.04 0.04 0.04 0.02 0.02 0.05 0.03 0.03 0.03 
0.03 0.03 0.03 0.04 0.05 0.05 0.02 0.02 0.05 0.05 
0.05 0.04 0.05 0.02 0.02 0.03 0.04 0.03 0.03 0.05 
0.05 0.05 0.04 0.02 0.04 0.05 0.02 0.02 0.02 0.05 
0.04 0.02 0.03 0.03 0.03 0.04 0.03 0.04 0.02 0.05 
0.03 0.04 0.04 0.04 0.04 0.04 0.04 0.05 0.05 0.03 
0.05 0.04 0.03 0.04 0.05 0.03 0.04 0.02 0.05 0.02 
0.03 0.04 0.05 0.04 0.03 0.05 0.02 0.03 0.04 0.03 
0.04 0.04 0.02 0.02 0.05 0.03 0.04 0.04 0.02 0.03 
0.03 0.03 0.05 0.04 0.04 0.03 0.04 0.03 0.05 0.05 
0.02 0.03 0.02 0.05 0.02 0.04 0.02 0.04 0.05 0.02 
0.03 0.04 0.05 0.02 0.03 0.02 0.03 0.02 0.03 0.05 
0.05 0.02 0.04 0.02 0.04 0.05 0.02 0.02 0.03 0.05 
0.05 0.03 0.04 0.05 0.03 0.03 0.05 0.05 0.05 0.05 
0.03 0.05 0.04 0.02 0.02 0.04 0.02 0.02 0.03 0.02 
0.04 0.04 0.05 0.02 0.04 0.03 0.03 0.02 0.03 0.05 
0.03 0.05 0.02 0.05 0.02 0.05 0.03 0.02 0.04 0.03 
0.03 0.04 0.03 0.05 0.04 0.03 0.04 0.03 0.02 0.03 
0.03 0.05 0.03 0.03 0.03 0.03 0.05 0.04 0.05 0.04 
0.02 0.04 0.03 0.02 0.02 0.02 0.05 0.05 0.02 0.02 
0.02 0.05 0.05 0.05 0.02 0.02 0.03 0.05 0.03 0.04 
0.05 0.04 0.03 0.04 0.05 0.02 0.05 0.04 0.02 0.05 
0.03 0.03 0.03 0.02 0.02 0.03 0.03 0.04 0.02 0.05 
0.02 0.04 0.05 0.05 0.04 0.05 0.05 0.02 0.02 0.02 
0.02 0.05 0.05 0.05 0.02 0.04 0.03 0.05 0.05 0.04 
0.02 0.05 0.04 0.04 0.04 0.04 0.05 0.04 0.04 0.03 
0.05 0.02 0.03 0.04 0.03 0.04 0.05 0.03 0.05 0.05 
0.03 0.03 0.03 0.04 0.05 0.03 0.03 0.04 0.04 0.05 
0.03 0.04 0.05 0.04 0.03 0.04 0.03 0.05 0.05 0.03 
0.03 0.03 0.02 0.04 0.02 0.03 0.04 0.05 0.03 0.03 
0.02 0.03 0.04 0.04 0.03 0.04 0.02 0.04 0.03 0.02 
0.02 0.03 0.05 0.02 0.05 0.03 0.02 0.02 0.05 0.05 
0.02 0.05 0.03 0.03 0.05 0.03 0.02 0.02 0.04 0.02 
0.05 0.02 0.02 0.05 0.03 0.05 0.02 0.02 0.05 0.02 
0.05 0.05 0.02 0.04 0.02 0.04 0.03 0.03 0.02 0.02 
0.05 0.05 0.05 0.02 0.05 0.02 0.04 0.03 0.04 0.05 
0.05 0.02 0.03 0.03 0.04 0.03 0.04 0.03 0.02 0.02 
0.02 0.02 0.05 0.04 0.05 0.04 0.03 0.02 0.03 0.02 
0.03 0.03 0.02 0.03 0.04 0.03 0.05 0.04 0.05 0.02 
0.05 0.04 0.03 0.05 0.02 0.02 0.02 0.03 0.04 0.04 
0.05 0.04 0.04 0.02 0.02 0.02 0.05 0.04 0.04 0.05 
0.04 0.04 0.05 0.02 0.05 0.04 0.04 0.03 0.03 0.04 
0.05 0.02 0.03 0.02 0.03 0.02 0.02 0.05 0.04 0.05 
0.04 0.05 0.05 0.03 0.03 0.03 0.04 0.03 0.02 0.02 
0.03 0.04 0.03 0.04 0.03 0.05 0.05 0.03 0.02 0.02 
0.05 0.05 0.02 0.04 0.02 0.04 0.04 0.02 0.02 0.02 
0.04 0.03 0.04 0.04 0.05 0.04 0.03 0.04 0.04 0.02 
0.03 0.02 0.02 0.05 0.02 0.03 0.04 0.02 0.05 0.05 
0.03 0.03 0.04 0.04 0.02 0.05 0.03 0.04 0.03 0.02 
0.04 0.05 0.05 0.04 0.05 0.03 0.05 0.03 0.05 0.02 
0.04 0.04 0.02 0.02 0.05 0.03 0.02 0.04 0.02 0.05 
0.02 0.05 0.02 0.05 0.03 0.04 0.05 0.02 0.02 0.04 
0.05 0.04 0.02 0.02 0.04 0.02 0.04 0.02 0.02 0.05 
0.05 0.04 0.04 0.02 0.02 0.03 0.03 0.03 0.04 0.02 
0.05 0.05 0.04 0.05 0.02 0.03 0.02 0.03 0.02 0.03 
0.04 0.02 0.05 0.02 0.04 0.04 0.04 0.05 0.04 0.04 
0.02 0.05 0.05 0.03 0.03 0.02 0.03 0.02 0.04 0.03 
0.05 0.05 0.02 0.04 0.04 0.03 0.02 0.02 0.03 0.03 
0.03 0.05 0.04 0.03 0.05 0.05 0.02 0.03 0.03 0.05 
0.05 0.04 0.02 0.03 0.03 0.02 0.04 0.03 0.03 0.03 
0.03 0.04 0.03 0.05 0.05 0.05 0.03 0.02 0.05 0.03 
0.05 0.05 0.04 0.05 0.05 0.02 0.05 0.04 0.05 0.03 
0.05 0.04 0.03 0.04 0.04 0.04 0.05 0.04 0.04 0.05 
0.02 0.04 0.02 0.03 0.05 0.03 0.05 0.05 0.05 0.02 
0.04 0.05 0.04 0.04 0.03 0.05 0.04 0.05 0.02 0.02 
0.05 0.03 0.05 0.02 0.02 0.02 0.04 0.05 0.02 0.03 
0.04 0.04 0.04 0.05 0.03 0.03 0.03 0.05 0.04 0.02 
0.04 0.02 0.04 0.02 0.02 0.04 0.04 0.03 0.04 0.03 
0.05 0.05 0.05 0.03 0.05 0.03 0.04 0.02 0.04 0.02 
0.04 0.02 0.02 0.02 0.03 0.02 0.03 0.04 0.02 0.02 
0.05 0.05 0.02 0.02 0.02 0.03 0.05 0.05 0.03 0.05 
0.04 0.02 0.04 0.04 0.05 0.02 0.03 0.05 0.02 0.05 
0.05 0.04 0.04 0.03 0.05 0.03 0.04 0.05 0.02 0.03 
0.02 0.05 0.02 0.03 0.04 0.04 0.03 0.05 0.05 0.04 
0.05 0.04 0.02 0.04 0.05 0.03 0.03 0.05 0.05 0.02 
0.04 0.03 0.04 0.04 0.04 0.03 0.04 0.05 0.05 0.05 
0.03 0.02 0.03 0.04 0.02 0.03 0.02 0.02 0.02 0.02 
0.05 0.05 0.02 0.02 0.02 0.05 0.05 0.05 0.02 0.03 
0.05 0.03 0.03 0.05 0.05 0.02 0.04 0.02 0.04 0.04 
0.04 0.05 0.02 0.04 0.05 0.05 0.02 0.02 0.03 0.04 
0.03 0.02 0.02 0.04 0.05 0.05 0.02 0.05 0.03 0.05 
0.05 0.03 0.05 0.03 0.04 0.02 0.04 0.04 0.04 0.05 
0.04 0.04 0.03 0.02 0.04 0.02 0.03 0.04 0.04 0.05 
0.03 0.02 0.04 0.02 0.03 0.05 0.02 0.04 0.05 0.04 
0.04 0.04 0.03 0.05 0.02 0.05 0.04 0.05 0.05 0.03 
0.04 0.05 0.04 0.04 0.03 0.05 0.05 0.05 0.05 0.04 
0.03 0.03 0.05 0.04 0.04 0.05 0.02 0.05 0.02 0.05 
0.05 0.04 0.05 0.05 0.04 0.02 0.05 0.03 0.05 0.03 
0.03 0.05 0.04 0.04 0.05 0.04 0.04 0.04 0.05 0.04 
0.04 0.05 0.02 0.03 0.02 0.05 0.04 0.05 0.02 0.04 
0.03 0.03 0.03 0.02 0.04 0.05 0.03 0.03 0.04 0.05 
0.03 0.03 0.05 0.02 0.04 0.02 0.02 0.04 0.03 0.04 
0.02 0.05 0.02 0.03 0.05 0.02 0.03 0.05 0.03 0.03 
0.03 0.05 0.04 0.04 0.04 0.04 0.05 0.05 0.02 0.05 
0.04 0.02 0.03 0.04 0.04 0.03 0.04 0.04 0.04 0.02 
0.05 0.02 0.02 0.02 0.02 0.03 0.02 0.05 0.05 0.05 
0.05 0.03 0.03 0.04 0.02 0.05 0.04 0.03 0.02 0.05 
0.05 0.04 0.03 0.05 0.03 0.05 0.02 0.03 0.03 0.03 
0.05 0.05 0.02 0.03 0.03 0.04 0.02 0.02 0.04 0.04 
0.05 0.04 0.04 0.04 0.03 0.02 0.04 0.03 0.05 0.02 
0.03 0.02 0.02 0.02 0.03 0.04 0.03 0.05 0.03 0.02 
0.04 0.03 0.03 0.05 0.05 0.05 0.03 0.05 0.04 0.05 
0.03 0.03 0.03 0.04 0.04 0.02 0.02 0.05 0.02 0.04 
0.05 0.04 0.02 0.03 0.05 0.03 0.04 0.04 0.05 0.03 
0.03 0.04 0.04 0.03 0.02 0.05 0.04 0.03 0.03 0.05 
0.04 0.02 0.02 0.05 0.03 0.04 0.05 0.02 0.04 0.02 
0.03 0.05 0.04 0.04 0.04 0.04 0.05 0.05 0.02 0.04 
0.03 0.03 0.05 0.04 0.02 0.02 0.04 0.03 0.02 0.02 
0.03 0.03 0.04 0.02 0.05 0.05 0.02 0.05 0.04 0.05 
0.04 0.02 0.02 0.04 0.05 0.02 0.05 0.05 0.05 0.04 
0.04 0.03 0.05 0.05 0.03 0.05 0.02 0.05 0.04 0.04 
0.02 0.03 0.05 0.05 0.03 0.03 0.04 0.05 0.05 0.05 
0.04 0.03 0.02 0.04 0.03 0.04 0.05 0.02 0.05 0.05 
0.05 0.04 0.04 0.04 0.02 0.04 0.03 0.05 0.03 0.04 
0.05 0.03 0.02 0.04 0.03 0.05 0.02 0.04 0.02 0.03 
0.04 0.02 0.03 0.04 0.05 0.05 0.02 0.02 0.05 0.05 
0.04 0.02 0.02 0.02 0.04 0.05 0.03 0.02 0.05 0.04 
0.03 0.05 0.03 0.04 0.03 0.04 0.04 0.02 0.04 0.02 
0.03 0.03 0.05 0.03 0.02 0.05 0.02 0.05 0.04 0.03 
0.03 0.03 0.02 0.03 0.02 0.02 0.03 0.03 0.05 0.03 
0.04 0.03 0.05 0.04 0.03 0.04 0.02 0.05 0.03 0.04 
0.04 0.03 0.03 0.02 0.03 0.03 0.05 0.03 0.02 0.02 
0.05 0.03 0.02 0.03 0.02 0.05 0.02 0.02 0.03 0.05 
0.04 0.05 0.05 0.03 0.04 0.03 0.02 0.03 0.04 0.05 
0.03 0.05 0.05 0.04 0.05 0.05 0.04 0.03 0.04 0.03 
0.03 0.04 0.02 0.03 0.03 0.03 0.02 0.05 0.03 0.05 
0.02 0.04 0.02 0.03 0.02 0.05 0.04 0.05 0.02 0.04 
0.05 0.05 0.03 0.03 0.04 0.04 0.04 0.04 0.03 0.04 
0.03 0.03 0.04 0.05 0.05 0.05 0.02 0.03 0.03 0.04 
0.04 0.02 0.05 0.05 0.05 0.04 0.02 0.02 0.04 0.04 
0.05 0.02 0.03 0.05 0.03 0.04 0.05 0.02 0.02 0.03 
0.04 0.05 0.04 0.02 0.02 0.04 0.03 0.02 0.04 0.05 
0.05 0.04 0.05 0.04 0.02 0.04 0.04 0.03 0.03 0.05 
0.02 0.04 0.02 0.02 0.04 0.04 0.02 0.03 0.03 0.03 
0.03 0.05 0.03 0.04 0.05 0.03 0.02 0.02 0.05 0.03 
0.04 0.03 0.02 0.05 0.05 0.02 0.02 0.04 0.04 0.05 
0.04 0.05 0.02 0.05 0.03 0.02 0.03 0.03 0.05 0.03 
0.03 0.05 0.05 0.03 0.03 0.05 0.03 0.02 0.02 0.02 
0.05 0.05 0.02 0.05 0.02 0.05 0.05 0.03 0.02 0.04 
0.03 0.02 0.02 0.05 0.02 0.04 0.03 0.02 0.02 0.03 
0.05 0.05 0.02 0.03 0.02 0.03 0.03 0.05 0.04 0.02 
0.04 0.03 0.04 0.03 0.02 0.03 0.02 0.03 0.03 0.04 
0.02 0.04 0.05 0.02 0.05 0.03 0.03 0.03 0.03 0.04 
0.03 0.02 0.05 0.04 0.04 0.05 0.05 0.02 0.04 0.04 
0.03 0.04 0.04 0.05 0.02 0.05 0.03 0.05 0.04 0.04 
0.02 0.02 0.02 0.02 0.02 0.03 0.04 0.03 0.02 0.05 
0.02 0.05 0.03 0.05 0.05 0.04 0.03 0.04 0.03 0.04 
0.03 0.02 0.03 0.04 0.03 0.03 0.05 0.02 0.03 0.02 
0.04 0.02 0.04 0.02 0.03 0.05 0.05 0.04 0.05 0.04 
0.05 0.05 0.05 0.04 0.02 0.05 0.05 0.05 0.03 0.03 
0.04 0.02 0.03 0.03 0.04 0.05 0.03 0.02 0.02 0.05 
0.02 0.03 0.04 0.04 0.04 0.02 0.05 0.05 0.04 0.05 
0.04 0.04 0.05 0.02 0.04 0.03 0.05 0.02 0.05 0.03 
0.05 0.02 0.04 0.04 0.04 0.04 0.02 0.03 0.05 0.02 
0.04 0.04 0.05 0.03 0.02 0.03 0.02 0.04 0.04 0.05 
0.02 0.05 0.04 0.03 0.04 0.05 0.02 0.02 0.03 0.02 
0.03 0.03 0.02 0.02 0.05 0.05 0.05 0.03 0.04 0.04 
0.03 0.03 0.03 0.04 0.03 0.04 0.04 0.05 0.05 0.02 
0.03 0.05 0.05 0.05 0.02 0.03 0.04 0.02 0.05 0.05 
0.02 0.03 0.05 0.03 0.05 0.04 0.05 0.05 0.03 0.04 
0.04 0.02 0.05 0.03 0.05 0.05 0.04 0.02 0.05 0.03 
0.02 0.02 0.05 0.04 0.02 0.05 0.02 0.04 0.04 0.02 
0.05 0.03 0.05 0.02 0.05 0.04 0.02 0.04 0.02 0.03 
0.05 0.03 0.04 0.05 0.02 0.03 0.05 0.02 0.04 0.05 
0.03 0.03 0.02 0.04 0.05 0.04 0.02 0.02 0.03 0.05 
0.02 0.05 0.02 0.02 0.02 0.03 0.05 0.03 0.04 0.04 
0.04 0.05 0.02 0.03 0.05 0.05 0.02 0.02 0.03 0.04 
0.03 0.05 0.04 0.03 0.05 0.03 0.03 0.04 0.03 0.02 
0.02 0.02 0.05 0.03 0.03 0.03 0.03 0.03 0.02 0.05 
0.03 0.02 0.05 0.02 0.05 0.05 0.02 0.05 0.05 0.04 
0.03 0.04 0.04 0.03 0.05 0.03 0.04 0.03 0.02 0.05 
0.02 0.03 0.04 0.03 0.02 0.03 0.02 0.04 0.02 0.04 
0.05 0.04 0.05 0.02 0.03 0.02 0.05 0.03 0.03 0.04 
0.05 0.02 0.04 0.03 0.04 0.04 0.03 0.05 0.04 0.02 
0.03 0.04 0.04 0.04 0.05 0.03 0.05 0.03 0.03 0.03 
0.04 0.05 0.03 0.05 0.02 0.02 0.05 0.03 0.04 0.02 
0.05 0.05 0.05 0.04 0.04 0.02 0.04 0.02 0.04 0.02 
0.03 0.03 0.02 0.05 0.05 0.02 0.02 0.05 0.03 0.05 
0.03 0.04 0.02 0.05 0.04 0.04 0.03 0.02 0.02 0.04 
0.04 0.05 0.02 0.03 0.05 0.02 0.05 0.02 0.04 0.02 
0.05 0.02 0.05 0.05 0.02 0.05 0.03 0.04 0.04 0.04 
0.05 0.05 0.03 0.03 0.03 0.02 0.05 0.02 0.04 0.04 
0.02 0.04 0.04 0.02 0.05 0.03 0.05 0.02 0.04 0.05 
0.03 0.04 0.05 0.05 0.03 0.03 0.04 0.02 0.04 0.04 
0.03 0.03 0.04 0.03 0.04 0.04 0.03 0.02 0.04 0.04 
0.02 0.04 0.02 0.02 0.02 0.04 0.03 0.04 0.04 0.04 
0.04 0.03 0.02 0.03 0.03 0.05 0.05 0.04 0.04 0.05 
0.04 0.04 0.03 0.03 0.02 0.02 0.04 0.03 0.04 0.03 
0.03 0.03 0.02 0.05 0.04 0.02 0.04 0.03 0.03 0.04 
0.04 0.04 0.05 0.05 0.04 0.03 0.03 0.03 0.03 0.04 
0.03 0.03 0.02 0.03 0.03 0.02 0.03 0.05 0.02 0.04 
0.05 0.05 0.05 0.03 0.04 0.02 0.02 0.05 0.02 0.05 
0.05 0.02 0.03 0.02 0.02 0.03 0.03 0.02 0.04 0.04 
0.05 0.05 0.03 0.04 0.02 0.02 0.02 0.02 0.02 0.03 
0.05 0.05 0.02 0.02 0.05 0.03 0.02 0.03 0.03 0.02 
0.03 0.04 0.05 0.04 0.02 0.02 0.03 0.04 0.05 0.05 
0.02 0.04 0.02 0.05 0.02 0.03 0.05 0.04 0.05 0.04 
0.05 0.03 0.04 0.05 0.03 0.05 0.03 0.03 0.04 0.02 
0.05 0.04 0.05 0.05 0.05 0.05 0.05 0.02 0.02 0.02 
0.02 0.03 0.05 0.05 0.04 0.03 0.04 0.05 0.05 0.04 
0.03 0.04 0.05 0.04 0.03 0.03 0.02 0.04 0.04 0.04 
0.04 0.02 0.03 0.03 0.02 0.03 0.05 0.03 0.03 0.04 
0.02 0.05 0.05 0.05 0.03 0.04 0.04 0.02 0.02 0.05 
0.02 0.02 0.02 0.02 0.05 0.05 0.05 0.05 0.04 0.05 
0.04 0.05 0.03 0.05 0.05 0.04 0.02 0.05 0.04 0.02 
0.03 0.02 0.05 0.04 0.02 0.03 0.04 0.05 0.04 0.05 
0.03 0.05 0.02 0.03 0.04 0.02 0.03 0.03 0.04 0.05 
0.03 0.04 0.02 0.05 0.05 0.04 0.04 0.04 0.02 0.03 
0.041459 0.041459 0.0248754 0.0331672 0.041459 0.041459 0.041459 0.0331672 0.0331672 0.041459 
0.0248754 0.0248754 0.041459 0.041459 0.0248754 0.0248754 0.0331672 0.041459 0.0331672 0.041459 
0.0331672 0.0165836 0.0248754 0.0248754 0.0165836 0.0248754 0.0331672 0.041459 0.0248754 0.0165836 
0.0165836 0.0165836 0.0331672 0.0165836 0.0165836 0.0633174 0.0248754 0.0331672 0.0165836 0.041459 
0.0331672 0.041459 0.0331672 0.0165836 0.0248754 0.121124 0.041459 0.0331672 0.0165836 0.0331672 
0.0248754 0.0331672 0.0165836 0.041459 0.0165836 0.0952591 0.0331672 0.041459 0.0165836 0.0331672 
0.0331672 0.041459 0.041459 0.0331672 0.041459 0.100171 0.0165836 0.041459 0.0331672 0.0165836 
0.0165836 0.0331672 0.0165836 0.0165836 0.0165836 0.103668 0.0165836 0.0165836 0.041459 0.041459 
0.0165836 0.041459 0.0331672 0.0331672 0.0331672 0.12826 0.0331672 0.0248754 0.0331672 0.0165836 
0.0248754 0.041459 0.0248754 0.041459 0.0248754 0.115924 0.0461809 0.136388 0.0331672 0.041459 
0.03 0.05 0.05 0.03 0.05 0.03 0.04 0.02 0.05 0.02 
0.04 0.03 0.04 0.04 0.02 0.02 0.05 0.05 0.05 0.04 
0.04 0.05 0.02 0.05 0.03 0.04 0.04 0.04 0.03 0.02 
0.04 0.03 0.03 0.05 0.04 0.05 0.03 0.04 0.02 0.04 
0.04 0.05 0.02 0.05 0.03 0.05 0.05 0.05 0.04 0.02 
0.04 0.05 0.04 0.05 0.02 0.05 0.02 0.03 0.04 0.05 
0.05 0.03 0.02 0.05 0.03 0.04 0.03 0.03 0.05 0.02 
0.03 0.04 0.02 0.03 0.05 0.03 0.03 0.02 0.05 0.05 
0.02 0.04 0.05 0.04 0.03 0.04 0.02 0.05 0.05 0.03 
0.02 0.04 0.03 0.05 0.05 0.03 0.02 0.03 0.05 0.02 
0.04 0.04 0.05 0.02 0.02 0.05 0.02 0.04 0.02 0.03 
0.04 0.05 0.03 0.04 0.05 0.03 0.03 0.05 0.03 0.05 
0.03 0.02 0.05 0.05 0.02 0.03 0.05 0.03 0.05 0.02 
0.03 0.02 0.05 0.03 0.03 0.03 0.04 0.02 0.03 0.04 
0.03 0.05 0.05 0.04 0.05 0.02 0.03 0.03 0.04 0.04 
0.02 0.04 0.03 0.05 0.02 0.02 0.02 0.04 0.05 0.04 
0.02 0.03 0.04 0.04 0.02 0.02 0.02 0.03 0.05 0.04 
0.05 0.02 0.03 0.03 0.04 0.05 0.02 0.05 0.04 0.04 
0.05 0.02 0.02 0.04 0.02 0.02 0.04 0.04 0.03 0.04 
0.05 0.05 0.04 0.02 0.04 0.03 0.02 0.02 0.04 0.02 
0.03 0.03 0.03 0.02 0.05 0.05 0.04 0.02 0.02 0.04 
0.04 0.05 0.03 0.04 0.04 0.02 0.04 0.04 0.04 0.03 
0.02 0.05 0.03 0.03 0.05 0.04 0.02 0.05 0.03 0.05 
0.02 0.04 0.04 0.05 0.04 0.02 0.05 0.03 0.02 0.03 
0.03 0.02 0.02 0.03 0.02 0.04 0.03 0.03 0.03 0.03 
0.04 0.05 0.02 0.03 0.03 0.04 0.02 0.02 0.02 0.03 
0.02 0.04 0.02 0.03 0.02 0.05 0.05 0.02 0.03 0.02 
0.03 0.05 0.02 0.05 0.04 0.03 0.05 0.03 0.02 0.04 
0.03 0.04 0.03 0.02 0.05 0.04 0.05 0.03 0.04 0.04 
0.02 0.03 0.04 0.05 0.05 0.03 0.02 0.03 0.02 0.02 
0.02 0.04 0.04 0.04 0.04 0.03 0.05 0.05 0.02 0.03 
0.04 0.05 0.02 0.05 0.02 0.04 0.05 0.04 0.04 0.03 
0.05 0.04 0.04 0.04 0.04 0.04 0.05 0.02 0.05 0.02 
0.02 0.05 0.02 0.04 0.04 0.05 0.04 0.05 0.05 0.02 
0.02 0.02 0.02 0.02 0.05 0.02 0.03 0.02 0.02 0.03 
0.02 0.02 0.05 0.05 0.05 0.05 0.02 0.05 0.04 0.05 
0.02 0.03 0.03 0.04 0.05 0.03 0.05 0.02 0.02 0.02 
0.03 0.04 0.02 0.04 0.04 0.03 0.02 0.04 0.04 0.02 
0.04 0.03 0.04 0.02 0.02 0.04 0.05 0.02 0.02 0.05 
0.02 0.03 0.05 0.02 0.05 0.05 0.03 0.02 0.04 0.03 
0.05 0.03 0.04 0.04 0.02 0.02 0.02 0.05 0.05 0.02 
0.04 0.03 0.05 0.05 0.03 0.02 0.04 0.03 0.03 0.03 
0.02 0.05 0.05 0.04 0.05 0.04 0.05 0.03 0.05 0.03 
0.05 0.03 0.03 0.02 0.04 0.02 0.05 0.04 0.03 0.03 
0.04 0.05 0.02 0.02 0.03 0.04 0.03 0.02 0.04 0.03 
0.02 0.05 0.05 0.03 0.04 0.03 0.03 0.03 0.04 0.02 
0.04 0.04 0.04 0.02 0.04 0.04 0.03 0.04 0.03 0.02 
0.05 0.03 0.02 0.04 0.04 0.03 0.04 0.03 0.03 0.04 
0.04 0.05 0.05 0.04 0.05 0.05 0.04 0.04 0.05 0.02 
0.04 0.03 0.05 0.04 0.02 0.05 0.02 0.05 0.03 0.04 
0.03 0.04 0.02 0.03 0.02 0.02 0.03 0.05 0.03 0.03 
0.03 0.04 0.02 0.04 0.02 0.05 0.02 0.02 0.03 0.02 
0.05 0.02 0.05 0.02 0.05 0.03 0.04 0.02 0.05 0.05 
0.05 0.03 0.05 0.03 0.05 0.02 0.04 0.05 0.02 0.03 
0.05 0.05 0.05 0.02 0.05 0.03 0.05 0.03 0.02 0.04 
0.03 0.04 0.04 0.03 0.05 0.03 0.05 0.05 0.03 0.05 
0.04 0.03 0.02 0.03 0.03 0.03 0.02 0.03 0.03 0.05 
0.05 0.05 0.03 0.04 0.03 0.05 0.04 0.03 0.03 0.05 
0.04 0.02 0.04 0.02 0.05 0.02 0.05 0.02 0.05 0.02 
0.02 0.04 0.02 0.02 0.02 0.03 0.05 0.02 0.03 0.05 
0.02 0.05 0.03 0.04 0.03 0.03 0.04 0.05 0.04 0.05 
0.04 0.03 0.03 0.02 0.04 0.04 0.05 0.04 0.05 0.04 
0.04 0.04 0.02 0.03 0.05 0.04 0.03 0.04 0.04 0.04 
0.05 0.03 0.04 0.04 0.03 0.04 0.05 0.02 0.03 0.05 
0.04 0.03 0.05 0.05 0.02 0.02 0.03 0.04 0.04 0.02 
0.02 0.03 0.05 0.03 0.03 0.04 0.03 0.04 0.05 0.03 
0.03 0.04 0.02 0.02 0.03 0.03 0.02 0.04 0.04 0.04 
0.03 0.03 0.03 0.03 0.02 0.02 0.05 0.05 0.05 0.03 
0.03 0.04 0.04 0.05 0.02 0.02 0.05 0.03 0.04 0.03 
0.03 0.04 0.02 0.04 0.02 0.02 0.03 0.04 0.03 0.03 
0.02 0.04 0.03 0.02 0.03 0.03 0.02 0.02 0.03 0.05 
0.04 0.05 0.05 0.04 0.03 0.05 0.03 0.04 0.02 0.02 
0.03 0.02 0.03 0.03 0.04 0.05 0.03 0.05 0.02 0.03 
0.02 0.02 0.04 0.04 0.04 0.04 0.04 0.02 0.04 0.02 
0.05 0.02 0.03 0.04 0.02 0.05 0.03 0.05 0.03 0.04 
0.05 0.03 0.04 0.05 0.02 0.02 0.04 0.05 0.03 0.04 
0.02 0.04 0.05 0.03 0.02 0.03 0.02 0.04 0.04 0.02 
0.03 0.03 0.02 0.02 0.02 0.03 0.04 0.03 0.04 0.02 
0.05 0.03 0.03 0.04 0.05 0.03 0.02 0.04 0.03 0.04 
0.03 0.04 0.04 0.03 0.02 0.04 0.04 0.04 0.04 0.05 
0.03 0.05 0.02 0.02 0.02 0.05 0.04 0.02 0.02 0.02 
0.05 0.02 0.02 0.02 0.05 0.03 0.04 0.05 0.04 0.04 
0.04 0.03 0.05 0.04 0.02 0.02 0.04 0.02 0.05 0.03 
0.03 0.03 0.04 0.05 0.02 0.03 0.04 0.04 0.05 0.03 
0.02 0.02 0.05 0.03 0.02 0.02 0.05 0.04 0.05 0.02 
0.04 0.05 0.05 0.05 0.04 0.04 0.04 0.05 0.03 0.05 
0.05 0.02 0.02 0.04 0.05 0.02 0.02 0.04 0.05 0.04 
0.05 0.04 0.04 0.03 0.05 0.04 0.02 0.03 0.04 0.02 
0.03 0.04 0.05 0.02 0.04 0.02 0.02 0.05 0.03 0.04 
0.02 0.02 0.04 0.04 0.02 0.05 0.03 0.04 0.04 0.03 
0.05 0.02 0.05 0.05 0.05 0.03 0.05 0.05 0.03 0.02 
0.05 0.02 0.04 0.02 0.04 0.02 0.03 0.05 0.02 0.05 
0.05 0.02 0.05 0.02 0.05 0.04 0.02 0.05 0.02 0.05 
0.02 0.05 0.02 0.02 0.02 0.03 0.02 0.02 0.02 0.04 
0.04 0.02 0.04 0.02 0.02 0.03 0.02 0.05 0.05 0.02 
0.05 0.02 0.03 0.03 0.05 0.04 0.03 0.04 0.05 0.03 
0.05 0.05 0.03 0.03 0.05 0.05 0.03 0.02 0.04 0.03 
0.04 0.05 0.05 0.05 0.05 0.05 0.04 0.05 0.04 0.04 
0.02 0.02 0.02 0.04 0.02 0.03 0.03 0.03 0.04 0.04 
0.04 0.03 0.05 0.02 0.04 0.02 0.04 0.05 0.05 0.04 
0.04 0.02 0.03 0.02 0.02 0.04 0.04 0.05 0.03 0.02 
0.05 0.02 0.05 0.02 0.05 0.02 0.02 0.05 0.05 0.05 
0.04 0.03 0.03 0.02 0.05 0.03 0.04 0.03 0.05 0.03 
0.04 0.05 0.03 0.04 0.05 0.05 0.02 0.02 0.05 0.05 
0.04 0.02 0.05 0.04 0.05 0.04 0.03 0.05 0.04 0.03 
0.04 0.04 0.02 0.04 0.03 0.03 0.03 0.04 0.02 0.03 
0.04 0.03 0.04 0.04 0.02 0.05 0.02 0.05 0.05 0.02 
0.05 0.05 0.02 0.03 0.04 0.04 0.05 0.03 0.02 0.05 
0.02 0.03 0.03 0.03 0.02 0.03 0.03 0.04 0.05 0.02 
0.05 0.02 0.05 0.02 0.05 0.02 0.02 0.02 0.04 0.02 
0.04 0.05 0.03 0.04 0.03 0.02 0.04 0.04 0.05 0.04 
0.05 0.04 0.04 0.03 0.05 0.03 0.04 0.04 0.04 0.05 
0.04 0.02 0.04 0.03 0.02 0.02 0.05 0.05 0.02 0.05 
0.03 0.05 0.05 0.03 0.05 0.04 0.04 0.02 0.05 0.03 
0.03 0.03 0.02 0.03 0.02 0.03 0.02 0.02 0.02 0.02 
0.04 0.04 0.05 0.04 0.02 0.03 0.03 0.05 0.03 0.02 
0.05 0.05 0.05 0.04 0.05 0.04 0.03 0.03 0.04 0.02 
0.05 0.03 0.02 0.02 0.03 0.02 0.05 0.05 0.02 0.03 
0.03 0.04 0.03 0.05 0.05 0.04 0.05 0.02 0.03 0.04 
0.03 0.03 0.02 0.02 0.05 0.02 0.04 0.02 0.02 0.02 
0.02 0.05 0.04 0.03 0.02 0.05 0.03 0.04 0.02 0.03 
0.03 0.04 0.04 0.04 0.04 0.03 0.05 0.05 0.03 0.02 
0.05 0.03 0.03 0.04 0.03 0.03 0.03 0.03 0.03 0.02 
0.02 0.02 0.05 0.02 0.05 0.04 0.02 0.03 0.05 0.04 
0.04 0.05 0.05 0.03 0.02 0.04 0.02 0.05 0.03 0.02 
0.04 0.03 0.04 0.02 0.03 0.03 0.03 0.05 0.04 0.03 
0.04 0.04 0.04 0.05 0.05 0.03 0.04 0.03 0.04 0.03 
0.04 0.05 0.05 0.05 0.04 0.05 0.02 0.02 0.02 0.03 
0.02 0.02 0.03 0.05 0.04 0.05 0.05 0.05 0.04 0.04 
0.04 0.03 0.04 0.04 0.03 0.04 0.05 0.05 0.03 0.04 
0.05 0.04 0.03 0.03 0.04 0.05 0.03 0.03 0.02 0.02 
0.04 0.04 0.02 0.05 0.05 0.02 0.02 0.02 0.04 0.04 
0.03 0.02 0.05 0.03 0.05 0.03 0.03 0.05 0.04 0.02 
0.02 0.03 0.02 0.05 0.04 0.03 0.04 0.03 0.02 0.03 
0.04 0.02 0.02 0.04 0.02 0.04 0.03 0.05 0.02 0.03 
0.02 0.03 0.02 0.02 0.04 0.04 0.05 0.05 0.02 0.03 
0.05 0.05 0.05 0.02 0.04 0.05 0.02 0.02 0.05 0.03 
0.04 0.04 0.02 0.05 0.04 0.03 0.04 0.03 0.02 0.02 
0.05 0.04 0.05 0.05 0.05 0.05 0.05 0.02 0.03 0.02 
0.02 0.02 0.05 0.05 0.05 0.03 0.04 0.02 0.03 0.05 
0.05 0.02 0.05 0.02 0.03 0.05 0.05 0.02 0.02 0.05 
0.03 0.04 0.03 0.05 0.04 0.05 0.03 0.05 0.03 0.05 
0.03 0.04 0.04 0.04 0.05 0.03 0.05 0.04 0.02 0.04 
0.03 0.05 0.02 0.02 0.02 0.02 0.03 0.03 0.05 0.05 
0.02 0.05 0.02 0.03 0.04 0.03 0.04 0.02 0.02 0.05 
0.03 0.02 0.03 0.04 0.02 0.05 0.04 0.02 0.05 0.02 
0.04 0.04 0.04 0.03 0.05 0.02 0.04 0.04 0.04 0.04 
0.03 0.03 0.05 0.02 0.02 0.04 0.03 0.05 0.04 0.02 
0.03 0.03 0.02 0.02 0.02 0.04 0.02 0.03 0.05 0.05 
0.02 0.02 0.02 0.04 0.04 0.03 0.05 0.03 0.03 0.04 
0.03 0.04 0.03 0.05 0.05 0.04 0.03 0.02 0.04 0.02 
0.02 0.02 0.05 0.05 0.05 0.04 0.03 0.02 0.04 0.03 
0.03 0.05 0.04 0.03 0.02 0.02 0.04 0.03 0.02 0.03 
0.02 0.05 0.03 0.05 0.05 0.04 0.02 0.05 0.04 0.05 
0.03 0.03 0.02 0.05 0.04 0.02 0.05 0.04 0.05 0.02 
0.04 0.05 0.04 0.04 0.02 0.05 0.03 0.04 0.03 0.03 
0.02 0.03 0.02 0.04 0.03 0.03 0.02 0.03 0.05 0.03 
0.03 0.02 0.04 0.05 0.04 0.05 0.04 0.05 0.03 0.04 
0.04 0.04 0.05 0.04 0.05 0.02 0.02 0.04 0.02 0.04 
0.02 0.03 0.03 0.04 0.04 0.02 0.04 0.03 0.05 0.05 
0.04 0.03 0.02 0.05 0.04 0.02 0.05 0.03 0.04 0.03 
0.03 0.05 0.02 0.02 0.02 0.02 0.03 0.04 0.04 0.04 
0.02 0.05 0.05 0.03 0.02 0.05 0.02 0.04 0.05 0.05 
0.04 0.03 0.04 0.03 0.03 0.04 0.05 0.02 0.03 0.02 
0.03 0.05 0.04 0.05 0.05 0.05 0.05 0.04 0.03 0.04 
0.02 0.03 0.02 0.03 0.02 0.02 0.02 0.04 0.05 0.05 
0.04 0.04 0.02 0.04 0.03 0.02 0.03 0.05 0.04 0.03 
0.02 0.02 0.04 0.03 0.03 0.04 0.02 0.02 0.05 0.05 
0.02 0.05 0.03 0.03 0.02 0.02 0.05 0.02 0.03 0.02 
0.05 0.05 0.02 0.05 0.05 0.02 0.03 0.05 0.04 0.03 
0.04 0.04 0.03 0.05 0.02 0.05 0.04 0.02 0.04 0.03 
0.05 0.03 0.03 0.03 0.03 0.04 0.03 0.05 0.05 0.03 
0.04 0.05 0.05 0.02 0.04 0.02 0.05 0.03 0.03 0.04 
0.02 0.02 0.05 0.03 0.04 0.02 0.05 0.05 0.04 0.04 
0.05 0.03 0.04 0.03 0.02 0.03 0.02 0.05 0.04 0.04 
0.04 0.03 0.02 0.05 0.03 0.04 0.05 0.04 0.04 0.04 
0.02 0.02 0.05 0.02 0.02 0.05 0.02 0.03 0.03 0.05 
0.05 0.03 0.03 0.04 0.03 0.04 0.02 0.04 0.03 0.04 
0.04 0.05 0.05 0.04 0.04 0.03 0.03 0.02 0.02 0.04 
0.05 0.04 0.05 0.03 0.02 0.03 0.04 0.04 0.02 0.05 
0.04 0.03 0.05 0.03 0.04 0.02 0.05 0.04 0.03 0.05 
0.05 0.05 0.05 0.03 0.05 0.03 0.02 0.05 0.04 0.05 
0.04 0.03 0.02 0.03 0.04 0.05 0.02 0.04 0.04 0.03 
0.03 0.02 0.02 0.05 0.03 0.05 0.02 0.04 0.05 0.03 
0.03 0.02 0.03 0.03 0.03 0.02 0.02 0.03 0.02 0.03 
0.02 0.04 0.02 0.02 0.04 0.03 0.02 0.03 0.03 0.02 
0.05 0.04 0.03 0.02 0.05 0.04 0.04 0.05 0.03 0.03 
0.02 0.03 0.04 0.05 0.04 0.03 0.04 0.04 0.02 0.03 
0.03 0.05 0.03 0.02 0.02 0.05 0.04 0.05 0.02 0.03 
0.05 0.02 0.04 0.04 0.05 0.05 0.04 0.04 0.02 0.02 
0.03 0.02 0.02 0.02 0.05 0.04 0.05 0.03 0.03 0.05 
0.02 0.03 0.04 0.04 0.03 0.02 0.02 0.02 0.03 0.05 
0.03 0.05 0.02 0.03 0.03 0.03 0.03 0.03 0.03 0.05 
0.02 0.04 0.05 0.02 0.03 0.03 0.02 0.05 0.05 0.05 
0.05 0.02 0.02 0.03 0.03 0.05 0.02 0.04 0.03 0.03 
0.02 0.05 0.02 0.04 0.02 0.03 0.04 0.02 0.05 0.02 
0.05 0.02 0.04 0.02 0.04 0.02 0.05 0.02 0.02 0.02 
0.04 0.02 0.04 0.02 0.04 0.02 0.05 0.03 0.04 0.05 
0.03 0.04 0.05 0.02 0.04 0.04 0.04 0.05 0.03 0.04 
0.02 0.03 0.05 0.03 0.02 0.03 0.02 0.02 0.04 0.03 
0.05 0.05 0.05 0.05 0.02 0.04 0.04 0.05 0.03 0.02 
0.03 0.04 0.03 0.05 0.03 0.04 0.02 0.04 0.04 0.05 
0.02 0.02 0.04 0.05 0.05 0.02 0.05 0.02 0.05 0.02 
0.02 0.03 0.04 0.03 0.02 0.04 0.03 0.05 0.03 0.03 
0.03 0.04 0.04 0.05 0.03 0.02 0.05 0.05 0.03 0.03 
0.04 0.05 0.04 0.03 0.04 0.03 0.02 0.03 0.05 0.02 
0.02 0.03 0.05 0.04 0.03 0.04 0.02 0.05 0.03 0.02 
0.04 0.03 0.05 0.03 0.03 0.03 0.02 0.04 0.03 0.03 
0.02 0.05 0.02 0.05 0.03 0.02 0.04 0.02 0.05 0.03 
0.02 0.03 0.02 0.05 0.03 0.02 0.02 0.04 0.04 0.05 
0.05 0.04 0.04 0.04 0.04 0.05 0.05 0.03 0.02 0.02 
0.02 0.02 0.05 0.04 0.05 0.04 0.03 0.02 0.03 0.02 
0.03 0.04 0.05 0.02 0.05 0.04 0.02 0.04 0.02 0.05 
0.05 0.03 0.03 0.02 0.04 0.02 0.02 0.05 0.05 0.04 
0.03 0.03 0.03 0.04 0.03 0.02 0.03 0.04 0.04 0.02 
0.04 0.03 0.02 0.03 0.03 0.04 0.02 0.04 0.05 0.02 
0.02 0.03 0.03 0.04 0.05 0.03 0.02 0.02 0.05 0.04 
0.03 0.05 0.04 0.03 0.02 0.04 0.04 0.03 0.03 0.02 
0.03 0.03 0.03 0.03 0.02 0.04 0.02 0.04 0.03 0.02 
0.05 0.05 0.02 0.05 0.03 0.03 0.03 0.02 0.04 0.04 
0.00939313 0.00563588 0.0075145 0.00939313 0.0075145 0.0075145 0.00939313 0.00939313 0.0075145 0.00563588 
0.00939313 0.0075145 0.00563588 0.00563588 0.00375725 0.0075145 0.00375725 0.00375725 0.00939313 0.00563588 
0.00563588 0.00375725 0.00563588 0.00375725 0.00939313 0.00939313 0.00563588 0.00563588 0.00563588 0.00563588 
0.00939313 0.00563588 0.00563588 0.00375725 0.00563588 0.00939313 0.0075145 0.00375725 0.00563588 0.0075145 
0.0075145 0.0075145 0.00939313 0.139158 0.00563588 0.00563588 0.0075145 0.148401 0.0075145 0.00375725 
0.00375725 0.00563588 0.00375725 0.0075145 0.148401 0.00939313 0.139158 0.00563588 0.00375725 0.0075145 
0.00375725 0.00939313 0.00939313 0.0075145 0.00563588 0.143721 0.00939313 0.00563588 0.00939313 0.00563588 
0.00375725 0.0075145 0.0075145 0.00939313 0.148401 0.00375725 0.143721 0.00939313 0.00375725 0.00939313 
0.00939313 0.0075145 0.00375725 0.143721 0.00939313 0.00939313 0.00375725 0.15 0.00563588 0.00939313 
0.00563588 0.00375725 0.0075145 0.00939313 0.00563588 0.00375725 0.00563588 0.00563588 0.0075145 0.0075145 
0.04 0.04 0.05 0.05 0.02 0.04 0.03 0.02 0.03 0.04 
0.04 0.04 0.03 0.05 0.03 0.02 0.03 0.04 0.05 0.02 
0.05 0.02 0.04 0.02 0.02 0.03 0.03 0.02 0.03 0.02 
0.04 0.05 0.03 0.04 0.02 0.05 0.03 0.02 0.04 0.02 
0.03 0.03 0.03 0.02 0.02 0.03 0.02 0.02 0.04 0.05 
0.05 0.05 0.03 0.02 0.02 0.02 0.02 0.04 0.03 0.05 
0.03 0.02 0.03 0.03 0.03 0.04 0.03 0.05 0.05 0.04 
0.04 0.03 0.05 0.03 0.03 0.04 0.05 0.05 0.03 0.03 
0.03 0.04 0.03 0.04 0.02 0.05 0.05 0.04 0.02 0.05 
0.03 0.03 0.03 0.03 0.05 0.03 0.05 0.05 0.05 0.05 
0.0055871 0.00698388 0.00279355 0.00698388 0.00698388 0.00698388 0.0055871 0.00698388 0.00698388 0.0055871 
0.00698388 0.00698388 0.00698388 0.00279355 0.00279355 0.00419033 0.00419033 0.00698388 0.00698388 0.00419033 
0.00698388 0.0055871 0.00279355 0.00419033 0.00419033 0.00419033 0.00419033 0.0055871 0.00279355 0.00698388 
0.00279355 0.00698388 0.00279355 0.0055871 0.00419033 0.133863 0.139725 0.0055871 0.00419033 0.00419033 
0.00698388 0.00698388 0.00279355 0.0055871 0.00279355 0.0854082 0.00279355 0.0055871 0.00419033 0.0055871 
0.0055871 0.00419033 0.0055871 0.00698388 0.139725 0.0969676 0.00279355 0.00698388 0.00698388 0.00279355 
0.00698388 0.00698388 0.00279355 0.142759 0.00698388 0.0722271 0.00279355 0.0055871 0.00419033 0.0055871 
0.00419033 0.0055871 0.00419033 0.0055871 0.139725 0.0310371 0.00698388 0.00419033 0.0055871 0.00419033 
0.0055871 0.00698388 0.00419033 0.00419033 0.00279355 0.138359 0.147286 0.00698388 0.00698388 0.0055871 
0.00279355 0.00279355 0.00419033 0.00419033 0.00698388 0.0898205 0.0828204 0.0463435 0.00419033 0.00698388 
0.02 0.02 0.03 0.04 0.04 0.05 0.04 0.05 0.03 0.03 
0.05 0.05 0.02 0.04 0.05 0.03 0.05 0.05 0.03 0.05 
0.05 0.02 0.02 0.04 0.04 0.05 0.05 0.03 0.03 0.04 
0.05 0.04 0.03 0.04 0.03 0.04 0.04 0.04 0.02 0.04 
0.04 0.05 0.05 0.05 0.03 0.05 0.05 0.04 0.04 0.03 
0.05 0.05 0.04 0.04 0.04 0.02 0.03 0.03 0.04 0.03 
0.04 0.02 0.05 0.02 0.02 0.05 0.02 0.03 0.02 0.03 
0.03 0.03 0.05 0.05 0.04 0.04 0.04 0.02 0.05 0.03 
0.03 0.03 0.02 0.03 0.04 0.04 0.02 0.02 0.04 0.04 
0.05 0.05 0.02 0.02 0.03 0.03 0.05 0.05 0.05 0.04 
0.04 0.04 0.05 0.02 0.03 0.05 0.04 0.03 0.03 0.03 
0.05 0.04 0.02 0.05 0.02 0.05 0.03 0.03 0.04 0.04 
0.03 0.04 0.02 0.03 0.05 0.04 0.05 0.03 0.03 0.05 
0.05 0.02 0.05 0.05 0.02 0.02 0.04 0.04 0.05 0.04 
0.03 0.05 0.02 0.02 0.04 0.03 0.02 0.03 0.05 0.03 
0.04 0.05 0.05 0.03 0.04 0.04 0.03 0.03 0.02 0.05 
0.05 0.04 0.02 0.05 0.02 0.05 0.02 0.02 0.02 0.02 
0.02 0.02 0.02 0.02 0.03 0.04 0.04 0.03 0.05 0.03 
0.02 0.03 0.02 0.02 0.04 0.05 0.03 0.04 0.04 0.05 
0.04 0.04 0.03 0.03 0.04 0.03 0.05 0.04 0.03 0.04 
0.05 0.03 0.02 0.04 0.04 0.03 0.02 0.05 0.05 0.02 
0.03 0.05 0.05 0.03 0.05 0.04 0.02 0.05 0.03 0.03 
0.04 0.04 0.05 0.03 0.03 0.02 0.04 0.02 0.04 0.03 
0.05 0.04 0.03 0.05 0.04 0.02 0.05 0.04 0.05 0.02 
0.05 0.03 0.04 0.05 0.05 0.04 0.05 0.05 0.05 0.03 
0.05 0.05 0.04 0.04 0.03 0.04 0.05 0.02 0.03 0.04 
0.02 0.02 0.05 0.02 0.03 0.03 0.03 0.04 0.05 0.02 
0.04 0.02 0.03 0.05 0.04 0.02 0.02 0.05 0.02 0.05 
0.02 0.02 0.04 0.04 0.03 0.03 0.04 0.03 0.04 0.04 
0.04 0.05 0.04 0.04 0.05 0.05 0.03 0.03 0.05 0.02 
0.03 0.04 0.03 0.03 0.03 0.02 0.02 0.03 0.05 0.05 
0.03 0.03 0.05 0.03 0.04 0.04 0.02 0.02 0.04 0.03 
0.02 0.03 0.02 0.05 0.02 0.05 0.02 0.02 0.03 0.02 
0.04 0.03 0.02 0.05 0.02 0.04 0.04 0.03 0.02 0.03 
0.03 0.02 0.02 0.05 0.03 0.02 0.02 0.04 0.03 0.05 
0.05 0.04 0.05 0.02 0.04 0.02 0.04 0.03 0.04 0.04 
0.03 0.02 0.05 0.02 0.05 0.02 0.02 0.04 0.03 0.03 
0.04 0.05 0.04 0.03 0.04 0.04 0.02 0.04 0.04 0.02 
0.04 0.05 0.02 0.02 0.04 0.05 0.02 0.04 0.03 0.02 
0.04 0.03 0.04 0.05 0.04 0.02 0.02 0.02 0.03 0.04 
0.04 0.03 0.04 0.05 0.02 0.04 0.03 0.04 0.03 0.04 
0.02 0.05 0.05 0.04 0.04 0.02 0.05 0.02 0.03 0.02 
0.04 0.02 0.05 0.05 0.02 0.05 0.02 0.05 0.05 0.03 
0.03 0.03 0.02 0.03 0.02 0.03 0.03 0.05 0.02 0.02 
0.03 0.04 0.05 0.05 0.05 0.05 0.04 0.03 0.05 0.03 
0.04 0.02 0.05 0.03 0.04 0.03 0.02 0.03 0.04 0.04 
0.03 0.04 0.03 0.04 0.05 0.03 0.02 0.05 0.04 0.02 
0.04 0.03 0.05 0.04 0.03 0.05 0.02 0.02 0.03 0.03 
0.03 0.03 0.02 0.03 0.02 0.02 0.05 0.05 0.03 0.04 
0.05 0.02 0.03 0.02 0.03 0.02 0.03 0.02 0.03 0.05 
0.04 0.02 0.03 0.02 0.03 0.02 0.05 0.03 0.04 0.05 
0.04 0.02 0.04 0.02 0.03 0.05 0.04 0.05 0.05 0.02 
0.03 0.04 0.03 0.04 0.04 0.03 0.03 0.05 0.05 0.03 
0.05 0.04 0.05 0.05 0.04 0.04 0.02 0.02 0.05 0.05 
0.03 0.02 0.02 0.05 0.02 0.03 0.04 0.03 0.05 0.05 
0.02 0.04 0.04 0.04 0.03 0.03 0.03 0.05 0.03 0.02 
0.04 0.05 0.04 0.04 0.03 0.04 0.03 0.03 0.03 0.03 
0.04 0.05 0.03 0.05 0.04 0.03 0.02 0.02 0.02 0.04 
0.02 0.05 0.02 0.03 0.05 0.05 0.03 0.04 0.02 0.04 
0.02 0.04 0.02 0.04 0.02 0.04 0.04 0.02 0.03 0.05 
0.04 0.03 0.03 0.05 0.02 0.03 0.04 0.03 0.04 0.05 
0.02 0.04 0.03 0.05 0.04 0.05 0.02 0.05 0.03 0.05 
0.04 0.03 0.03 0.04 0.03 0.03 0.04 0.05 0.04 0.02 
0.02 0.04 0.03 0.05 0.04 0.03 0.02 0.05 0.03 0.05 
0.05 0.05 0.02 0.04 0.04 0.02 0.05 0.03 0.05 0.02 
0.03 0.04 0.03 0.02 0.04 0.05 0.04 0.04 0.02 0.04 
0.02 0.03 0.05 0.05 0.02 0.04 0.04 0.02 0.02 0.03 
0.02 0.03 0.04 0.05 0.04 0.05 0.03 0.04 0.03 0.02 
0.04 0.04 0.02 0.05 0.05 0.03 0.02 0.03 0.02 0.03 
0.04 0.05 0.05 0.05 0.03 0.03 0.02 0.03 0.02 0.04 
0.02 0.05 0.04 0.05 0.02 0.03 0.03 0.02 0.04 0.05 
0.04 0.05 0.03 0.03 0.03 0.04 0.02 0.05 0.04 0.02 
0.02 0.02 0.04 0.04 0.02 0.03 0.05 0.02 0.04 0.03 
0.04 0.03 0.02 0.04 0.04 0.04 0.02 0.05 0.03 0.04 
0.04 0.04 0.04 0.03 0.04 0.02 0.05 0.04 0.03 0.05 
0.04 0.04 0.02 0.02 0.04 0.03 0.02 0.05 0.03 0.02 
0.03 0.05 0.05 0.02 0.05 0.03 0.02 0.02 0.03 0.04 
0.03 0.03 0.03 0.02 0.05 0.04 0.02 0.02 0.02 0.05 
0.02 0.03 0.03 0.05 0.02 0.02 0.03 0.04 0.04 0.02 
0.05 0.05 0.02 0.03 0.05 0.03 0.04 0.03 0.05 0.02 
0.05 0.04 0.05 0.02 0.03 0.05 0.04 0.03 0.04 0.03 
0.02 0.05 0.05 0.04 0.05 0.02 0.03 0.03 0.04 0.03 
0.03 0.03 0.04 0.05 0.03 0.05 0.03 0.04 0.03 0.02 
0.02 0.03 0.03 0.04 0.02 0.04 0.05 0.04 0.02 0.02 
0.04 0.03 0.03 0.02 0.02 0.05 0.05 0.04 0.03 0.02 
0.04 0.03 0.04 0.05 0.04 0.05 0.03 0.05 0.03 0.04 
0.04 0.03 0.04 0.02 0.03 0.03 0.02 0.03 0.04 0.03 
0.05 0.04 0.04 0.04 0.03 0.04 0.05 0.03 0.02 0.02 
0.03 0.04 0.03 0.03 0.04 0.03 0.02 0.05 0.04 0.02 
0.02 0.05 0.04 0.03 0.05 0.02 0.04 0.03 0.04 0.02 
0.04 0.05 0.05 0.03 0.04 0.04 0.04 0.03 0.05 0.03 
0.04 0.03 0.04 0.05 0.04 0.03 0.05 0.04 0.05 0.02 
0.03 0.05 0.05 0.03 0.05 0.05 0.03 0.05 0.03 0.02 
0.03 0.03 0.03 0.03 0.03 0.02 0.04 0.04 0.02 0.02 
0.05 0.02 0.02 0.04 0.03 0.02 0.02 0.03 0.05 0.03 
0.03 0.04 0.02 0.05 0.03 0.04 0.04 0.03 0.04 0.03 
0.02 0.05 0.03 0.04 0.05 0.05 0.03 0.02 0.03 0.03 
0.03 0.02 0.05 0.03 0.02 0.03 0.03 0.03 0.02 0.02 
0.02 0.05 0.04 0.05 0.05 0.05 0.05 0.04 0.03 0.02 
0.04 0.03 0.04 0.05 0.03 0.03 0.03 0.04 0.05 0.05 
0.05 0.02 0.02 0.03 0.03 0.04 0.04 0.05 0.03 0.05 
0.02 0.02 0.02 0.02 0.05 0.04 0.05 0.02 0.02 0.03 
0.02 0.05 0.03 0.02 0.05 0.05 0.05 0.03 0.03 0.04 
0.04 0.04 0.03 0.05 0.02 0.04 0.05 0.04 0.04 0.05 
0.02 0.03 0.04 0.03 0.05 0.04 0.02 0.04 0.05 0.02 
0.05 0.03 0.05 0.03 0.02 0.04 0.03 0.03 0.05 0.03 
0.05 0.03 0.04 0.02 0.04 0.02 0.04 0.04 0.04 0.04 
0.02 0.04 0.03 0.04 0.03 0.05 0.04 0.03 0.03 0.03 
0.04 0.03 0.02 0.04 0.05 0.02 0.05 0.02 0.04 0.03 
0.03 0.03 0.05 0.05 0.02 0.02 0.04 0.02 0.03 0.04 
0.02 0.02 0.05 0.03 0.03 0.02 0.05 0.02 0.05 0.04 
0.03 0.03 0.05 0.02 0.02 0.05 0.03 0.04 0.05 0.03 
0.02 0.04 0.03 0.05 0.02 0.03 0.05 0.05 0.02 0.05 
0.05 0.04 0.03 0.05 0.02 0.04 0.04 0.03 0.02 0.04 
0.04 0.02 0.02 0.03 0.05 0.02 0.05 0.05 0.03 0.05 
0.05 0.05 0.02 0.02 0.04 0.02 0.03 0.05 0.04 0.03 
0.03 0.04 0.04 0.03 0.04 0.05 0.02 0.04 0.05 0.02 
0.04 0.03 0.05 0.02 0.04 0.03 0.03 0.04 0.04 0.05 
0.05 0.04 0.05 0.03 0.04 0.03 0.05 0.05 0.03 0.02 
0.02 0.03 0.04 0.03 0.02 0.03 0.03 0.04 0.05 0.05 
0.04 0.05 0.02 0.05 0.05 0.02 0.02 0.02 0.03 0.02 
0.03 0.04 0.05 0.05 0.02 0.02 0.04 0.02 0.05 0.05 
0.02 0.03 0.05 0.04 0.04 0.03 0.05 0.03 0.02 0.05 
0.02 0.05 0.02 0.05 0.04 0.04 0.03 0.04 0.03 0.05 
0.03 0.03 0.05 0.03 0.04 0.02 0.03 0.05 0.03 0.03 
0.03 0.05 0.05 0.02 0.04 0.03 0.02 0.05 0.03 0.05 
0.04 0.03 0.03 0.04 0.03 0.03 0.03 0.05 0.05 0.05 
0.04 0.03 0.02 0.04 0.03 0.03 0.02 0.02 0.05 0.03 
0.03 0.03 0.02 0.04 0.02 0.05 0.04 0.05 0.05 0.03 
0.05 0.05 0.04 0.03 0.03 0.03 0.05 0.02 0.02 0.02 
0.05 0.04 0.03 0.04 0.04 0.05 0.04 0.02 0.04 0.05 
0.04 0.05 0.02 0.04 0.02 0.03 0.02 0.04 0.02 0.03 
0.04 0.05 0.05 0.03 0.04 0.04 0.02 0.02 0.03 0.05 
0.04 0.04 0.05 0.03 0.04 0.02 0.04 0.04 0.02 0.05 
0.05 0.03 0.05 0.05 0.05 0.03 0.03 0.04 0.02 0.04 
0.04 0.04 0.04 0.02 0.02 0.04 0.02 0.02 0.03 0.05 
0.02 0.02 0.03 0.04 0.04 0.03 0.04 0.03 0.02 0.05 
0.03 0.05 0.03 0.05 0.03 0.03 0.03 0.04 0.02 0.04 
0.04 0.04 0.03 0.02 0.05 0.03 0.05 0.04 0.05 0.05 
0.05 0.05 0.03 0.03 0.02 0.04 0.02 0.05 0.05 0.03 
0.03 0.02 0.05 0.04 0.03 0.05 0.04 0.02 0.05 0.05 
0.02 0.03 0.05 0.03 0.05 0.03 0.02 0.03 0.03 0.02 
0.04 0.05 0.02 0.03 0.02 0.03 0.04 0.05 0.05 0.02 
0.02 0.02 0.05 0.04 0.02 0.02 0.02 0.05 0.02 0.05 
0.04 0.02 0.05 0.04 0.05 0.02 0.04 0.04 0.03 0.05 
0.03 0.05 0.02 0.05 0.02 0.05 0.05 0.04 0.05 0.02 
0.02 0.05 0.04 0.02 0.03 0.05 0.02 0.02 0.04 0.04 
0.04 0.05 0.03 0.04 0.03 0.05 0.04 0.05 0.02 0.02 
0.03 0.02 0.04 0.04 0.02 0.03 0.05 0.04 0.05 0.04 
0.02 0.03 0.03 0.05 0.02 0.02 0.04 0.02 0.03 0.02 
0.04 0.05 0.05 0.05 0.04 0.03 0.02 0.02 0.04 0.03 
0.02 0.05 0.03 0.05 0.04 0.02 0.05 0.05 0.05 0.04 
0.05 0.03 0.04 0.04 0.04 0.02 0.05 0.02 0.02 0.04 
0.02 0.04 0.02 0.05 0.05 0.05 0.03 0.04 0.04 0.03 
0.05 0.03 0.04 0.03 0.04 0.04 0.03 0.04 0.02 0.03 
0.02 0.02 0.03 0.03 0.04 0.05 0.03 0.04 0.02 0.02 
0.03 0.02 0.04 0.02 0.02 0.02 0.04 0.05 0.03 0.02 
0.02 0.03 0.02 0.03 0.02 0.02 0.04 0.05 0.04 0.05 
0.04 0.03 0.02 0.02 0.02 0.03 0.02 0.03 0.03 0.05 
0.03 0.02 0.04 0.03 0.05 0.03 0.03 0.05 0.02 0.04 
