0.03 0.05 0.03 0.04 0.04 0.05 0.04 0.05 0.04 0.02 
0.02 0.04 0.05 0.02 0.03 0.05 0.03 0.05 0.03 0.02 
0.02 0.02 0.02 0.05 0.05 0.02 0.03 0.03 0.03 0.04 
0.05 0.05 0.03 0.05 0.02 0.03 0.04 0.03 0.02 0.02 
0.04 0.02 0.04 0.05 0.05 0.02 0.03 0.04 0.03 0.05 
0.04 0.04 0.05 0.04 0.05 0.03 0.04 0.03 0.04 0.02 
0.03 0.02 0.05 0.05 0.05 0.05 0.04 0.05 0.02 0.03 
0.04 0.05 0.03 0.05 0.02 0.05 0.05 0.03 0.03 0.02 
0.04 0.02 0.02 0.02 0.05 0.02 0.03 0.05 0.05 0.02 
0.02 0.02 0.02 0.02 0.05 0.05 0.03 0.05 0.02 0.03 
0.05 0.02 0.03 0.04 0.02 0.04 0.04 0.03 0.05 0.04 
0.04 0.03 0.04 0.04 0.05 0.03 0.05 0.02 0.03 0.04 
0.04 0.03 0.02 0.03 0.04 0.05 0.05 0.03 0.03 0.03 
0.02 0.04 0.05 0.04 0.03 0.03 0.04 0.03 0.03 0.04 
0.05 0.05 0.03 0.03 0.05 0.03 0.02 0.02 0.05 0.04 
0.04 0.04 0.02 0.02 0.02 0.04 0.05 0.05 0.02 0.03 
0.03 0.02 0.05 0.02 0.04 0.05 0.02 0.05 0.03 0.05 
0.02 0.05 0.02 0.04 0.03 0.02 0.03 0.04 0.02 0.04 
0.03 0.03 0.02 0.04 0.05 0.02 0.03 0.05 0.03 0.05 
0.02 0.03 0.02 0.05 0.05 0.02 0.02 0.03 0.02 0.04 
0.05 0.04 0.05 0.02 0.02 0.02 0.02 0.02 0.03 0.04 
0.03 0.05 0.05 0.02 0.04 0.04 0.04 0.04 0.03 0.04 
0.04 0.05 0.05 0.02 0.04 0.04 0.05 0.04 0.02 0.04 
0.05 0.05 0.02 0.05 0.05 0.03 0.04 0.05 0.04 0.03 
0.02 0.02 0.02 0.02 0.05 0.03 0.05 0.05 0.05 0.04 
0.02 0.02 0.02 0.04 0.05 0.04 0.02 0.05 0.03 0.03 
0.02 0.04 0.04 0.05 0.04 0.02 0.05 0.05 0.03 0.02 
0.02 0.02 0.05 0.04 0.04 0.02 0.05 0.04 0.04 0.03 
0.03 0.03 0.03 0.03 0.05 0.05 0.03 0.05 0.05 0.02 
0.02 0.04 0.02 0.05 0.02 0.02 0.02 0.05 0.05 0.03 
0.05 0.04 0.02 0.02 0.03 0.05 0.04 0.02 0.04 0.02 
0.04 0.03 0.03 0.04 0.05 0.03 0.05 0.02 0.03 0.03 
0.02 0.03 0.04 0.03 0.02 0.05 0.05 0.03 0.03 0.02 
0.02 0.04 0.02 0.02 0.03 0.02 0.02 0.04 0.03 0.02 
0.04 0.03 0.02 0.02 0.02 0.03 0.05 0.03 0.02 0.02 
0.05 0.02 0.03 0.04 0.02 0.03 0.04 0.02 0.02 0.02 
0.02 0.05 0.05 0.03 0.02 0.05 0.02 0.05 0.04 0.02 
0.05 0.02 0.02 0.04 0.04 0.02 0.02 0.02 0.03 0.05 
0.02 0.02 0.03 0.05 0.03 0.04 0.04 0.05 0.02 0.03 
0.05 0.05 0.04 0.02 0.04 0.02 0.02 0.03 0.05 0.04 
0.0286245 0.0477076 0.038166 0.038166 0.038166 0.0286245 0.0286245 0.0286245 0.0286245 0.019083 
0.038166 0.019083 0.038166 0.0286245 0.019083 0.0477076 0.0286245 0.038166 0.019083 0.038166 
0.038166 0.038166 0.0286245 0.0477076 0.038166 0.0477076 0.0286245 0.0477076 0.0286245 0.038166 
0.0477076 0.019083 0.019083 0.0286245 0.0286245 0.0468423 0.0286245 0.019083 0.0286245 0.038166 
0.0477076 0.038166 0.0477076 0.019083 0.038166 0.066646 0.0477076 0.0286245 0.038166 0.0477076 
0.038166 0.019083 0.051455 0.0588081 0.038166 0.0336601 0.019083 0.019083 0.0286245 0.0392232 
0.0477076 0.038166 0.0477076 0.0314618 0.019083 0.0509702 0.019083 0.038166 0.038166 0.0477076 
0.0286245 0.0286245 0.038166 0.0477076 0.019083 0.059971 0.038166 0.038166 0.019083 0.038166 
0.038166 0.019083 0.019083 0.0286245 0.019083 0.0702062 0.019083 0.0384563 0.0477076 0.038166 
0.0286245 0.0286245 0.038166 0.0477076 0.019083 0.0513436 0.0675571 0.0495698 0.038166 0.019083 
0.05 0.02 0.04 0.02 0.04 0.05 0.05 0.03 0.05 0.04 
0.04 0.04 0.02 0.02 0.04 0.02 0.02 0.05 0.02 0.04 
0.04 0.02 0.02 0.03 0.04 0.03 0.05 0.05 0.04 0.02 
0.02 0.04 0.03 0.02 0.03 0.03 0.02 0.03 0.02 0.03 
0.03 0.03 0.03 0.03 0.02 0.02 0.02 0.05 0.02 0.05 
0.05 0.03 0.03 0.05 0.03 0.03 0.05 0.04 0.04 0.02 
0.02 0.02 0.03 0.04 0.03 0.03 0.05 0.04 0.02 0.03 
0.05 0.05 0.03 0.04 0.02 0.04 0.04 0.03 0.02 0.02 
0.03 0.05 0.03 0.03 0.02 0.05 0.02 0.05 0.04 0.02 
0.04 0.03 0.03 0.02 0.03 0.02 0.02 0.05 0.03 0.02 
0.04 0.05 0.04 0.02 0.04 0.04 0.03 0.04 0.02 0.05 
0.02 0.02 0.04 0.03 0.02 0.02 0.04 0.04 0.02 0.03 
0.03 0.03 0.05 0.04 0.05 0.02 0.03 0.03 0.03 0.05 
0.03 0.02 0.03 0.02 0.04 0.03 0.05 0.04 0.05 0.05 
0.03 0.05 0.05 0.04 0.03 0.04 0.02 0.03 0.04 0.03 
0.02 0.04 0.04 0.03 0.04 0.02 0.04 0.02 0.03 0.05 
0.04 0.05 0.03 0.05 0.05 0.03 0.02 0.04 0.03 0.05 
0.02 0.05 0.02 0.04 0.03 0.03 0.05 0.03 0.03 0.03 
0.03 0.02 0.05 0.04 0.02 0.02 0.02 0.05 0.03 0.03 
0.05 0.05 0.05 0.03 0.05 0.03 0.04 0.03 0.03 0.05 
0.03 0.03 0.05 0.04 0.03 0.02 0.02 0.03 0.03 0.04 
0.02 0.02 0.03 0.05 0.05 0.04 0.02 0.05 0.05 0.05 
0.02 0.04 0.02 0.05 0.02 0.05 0.03 0.05 0.03 0.05 
0.05 0.02 0.03 0.04 0.04 0.03 0.05 0.02 0.03 0.03 
0.04 0.04 0.02 0.04 0.02 0.04 0.05 0.05 0.04 0.03 
0.03 0.02 0.05 0.02 0.03 0.04 0.02 0.03 0.02 0.02 
0.05 0.05 0.04 0.02 0.04 0.05 0.02 0.05 0.02 0.02 
0.03 0.03 0.05 0.02 0.05 0.05 0.02 0.02 0.03 0.04 
0.04 0.04 0.02 0.02 0.02 0.04 0.03 0.03 0.04 0.02 
0.05 0.04 0.04 0.05 0.03 0.05 0.04 0.02 0.05 0.03 
0.02 0.04 0.02 0.02 0.03 0.04 0.05 0.05 0.03 0.02 
0.05 0.04 0.03 0.05 0.05 0.02 0.03 0.05 0.05 0.03 
0.04 0.02 0.05 0.02 0.02 0.04 0.02 0.02 0.02 0.03 
0.05 0.03 0.04 0.03 0.04 0.02 0.02 0.03 0.03 0.02 
0.03 0.02 0.04 0.04 0.02 0.05 0.03 0.02 0.05 0.05 
0.05 0.05 0.02 0.04 0.04 0.05 0.02 0.02 0.05 0.04 
0.04 0.04 0.05 0.02 0.02 0.02 0.02 0.02 0.02 0.02 
0.02 0.05 0.04 0.03 0.05 0.05 0.02 0.03 0.03 0.05 
0.05 0.05 0.05 0.03 0.03 0.03 0.03 0.04 0.05 0.04 
0.02 0.05 0.03 0.05 0.05 0.05 0.02 0.04 0.02 0.05 
0.03 0.04 0.03 0.03 0.02 0.03 0.03 0.04 0.04 0.04 
0.02 0.03 0.04 0.03 0.04 0.04 0.04 0.03 0.04 0.02 
0.02 0.05 0.04 0.05 0.05 0.05 0.03 0.03 0.05 0.04 
0.05 0.02 0.05 0.03 0.04 0.05 0.03 0.05 0.03 0.04 
0.02 0.02 0.05 0.03 0.03 0.05 0.03 0.03 0.03 0.04 
0.03 0.03 0.05 0.04 0.05 0.05 0.02 0.05 0.02 0.02 
0.03 0.05 0.02 0.02 0.03 0.05 0.03 0.02 0.04 0.03 
0.03 0.05 0.04 0.03 0.02 0.05 0.03 0.02 0.05 0.05 
0.04 0.03 0.03 0.02 0.05 0.04 0.05 0.05 0.02 0.02 
0.03 0.03 0.03 0.02 0.03 0.03 0.05 0.02 0.05 0.02 
0.05 0.02 0.03 0.05 0.05 0.02 0.05 0.05 0.05 0.03 
0.05 0.03 0.02 0.03 0.05 0.02 0.04 0.05 0.03 0.03 
0.04 0.02 0.05 0.03 0.03 0.05 0.03 0.03 0.03 0.04 
0.05 0.05 0.04 0.05 0.02 0.03 0.05 0.03 0.05 0.05 
0.05 0.05 0.02 0.05 0.02 0.02 0.05 0.05 0.03 0.04 
0.05 0.03 0.04 0.02 0.02 0.03 0.02 0.02 0.03 0.05 
0.02 0.04 0.05 0.05 0.02 0.04 0.03 0.05 0.02 0.05 
0.05 0.02 0.04 0.02 0.04 0.05 0.03 0.02 0.03 0.04 
0.04 0.05 0.04 0.03 0.03 0.05 0.02 0.04 0.04 0.02 
0.02 0.02 0.02 0.04 0.05 0.02 0.04 0.04 0.04 0.04 
0.03 0.04 0.05 0.03 0.03 0.02 0.03 0.05 0.05 0.04 
0.02 0.04 0.02 0.03 0.04 0.02 0.04 0.02 0.02 0.05 
0.02 0.04 0.04 0.04 0.05 0.05 0.03 0.02 0.04 0.05 
0.03 0.02 0.02 0.02 0.05 0.02 0.05 0.02 0.04 0.03 
0.03 0.04 0.03 0.04 0.05 0.05 0.03 0.05 0.03 0.03 
0.04 0.05 0.04 0.03 0.02 0.05 0.05 0.02 0.04 0.05 
0.02 0.04 0.05 0.05 0.03 0.02 0.03 0.03 0.02 0.05 
0.02 0.05 0.03 0.03 0.02 0.05 0.02 0.05 0.03 0.04 
0.05 0.05 0.03 0.04 0.04 0.05 0.03 0.03 0.04 0.05 
0.03 0.02 0.03 0.05 0.02 0.02 0.05 0.03 0.03 0.04 
0.05 0.03 0.03 0.04 0.05 0.04 0.03 0.04 0.04 0.05 
0.03 0.04 0.02 0.02 0.05 0.05 0.03 0.02 0.05 0.03 
0.02 0.04 0.04 0.03 0.02 0.05 0.05 0.04 0.05 0.02 
0.03 0.03 0.05 0.02 0.05 0.05 0.02 0.02 0.02 0.04 
0.04 0.02 0.05 0.05 0.02 0.04 0.03 0.03 0.05 0.02 
0.05 0.03 0.02 0.04 0.04 0.02 0.05 0.04 0.05 0.03 
0.03 0.05 0.02 0.02 0.02 0.04 0.02 0.04 0.02 0.02 
0.02 0.05 0.03 0.04 0.05 0.05 0.05 0.03 0.05 0.02 
0.04 0.03 0.02 0.04 0.03 0.04 0.05 0.02 0.04 0.04 
0.03 0.05 0.04 0.02 0.04 0.04 0.05 0.02 0.05 0.02 
0.04 0.02 0.05 0.04 0.05 0.04 0.02 0.03 0.03 0.05 
0.05 0.03 0.04 0.05 0.04 0.05 0.02 0.05 0.02 0.04 
0.05 0.05 0.02 0.03 0.05 0.02 0.05 0.05 0.02 0.04 
0.05 0.05 0.03 0.03 0.05 0.04 0.04 0.03 0.04 0.04 
0.04 0.05 0.03 0.02 0.02 0.05 0.04 0.03 0.04 0.04 
0.05 0.05 0.03 0.03 0.02 0.03 0.02 0.04 0.05 0.04 
0.05 0.02 0.03 0.05 0.04 0.02 0.03 0.05 0.05 0.05 
0.04 0.04 0.05 0.05 0.02 0.04 0.03 0.03 0.03 0.05 
0.03 0.02 0.04 0.02 0.03 0.03 0.03 0.05 0.02 0.03 
0.02 0.02 0.03 0.04 0.03 0.05 0.03 0.02 0.03 0.03 
0.03 0.03 0.04 0.05 0.02 0.04 0.03 0.02 0.03 0.05 
0.02 0.04 0.03 0.05 0.05 0.03 0.03 0.02 0.03 0.05 
0.03 0.03 0.03 0.05 0.05 0.03 0.05 0.03 0.03 0.04 
0.03 0.02 0.05 0.03 0.04 0.04 0.03 0.05 0.02 0.04 
0.02 0.02 0.04 0.05 0.04 0.02 0.04 0.03 0.02 0.05 
0.05 0.04 0.02 0.02 0.04 0.02 0.04 0.05 0.03 0.02 
0.02 0.02 0.02 0.03 0.04 0.02 0.04 0.03 0.04 0.02 
0.04 0.04 0.03 0.02 0.04 0.04 0.04 0.02 0.02 0.05 
0.05 0.02 0.02 0.05 0.05 0.02 0.02 0.05 0.02 0.04 
0.04 0.04 0.03 0.04 0.05 0.02 0.04 0.04 0.03 0.05 
0.02 0.04 0.05 0.04 0.04 0.05 0.04 0.05 0.04 0.03 
0.04 0.02 0.03 0.03 0.03 0.03 0.03 0.04 0.05 0.03 
0.05 0.03 0.02 0.03 0.04 0.03 0.04 0.05 0.03 0.03 
0.04 0.02 0.03 0.04 0.03 0.02 0.04 0.04 0.05 0.05 
0.05 0.05 0.02 0.02 0.03 0.02 0.02 0.02 0.05 0.05 
0.02 0.05 0.02 0.03 0.04 0.03 0.05 0.05 0.05 0.03 
0.03 0.02 0.03 0.02 0.05 0.02 0.02 0.03 0.02 0.04 
0.02 0.03 0.02 0.05 0.03 0.04 0.05 0.05 0.05 0.05 
0.04 0.05 0.02 0.05 0.04 0.03 0.03 0.05 0.05 0.03 
0.03 0.03 0.02 0.04 0.02 0.02 0.03 0.02 0.04 0.03 
0.04 0.03 0.02 0.04 0.05 0.04 0.04 0.04 0.05 0.03 
0.04 0.04 0.03 0.02 0.04 0.02 0.02 0.04 0.02 0.03 
0.05 0.04 0.05 0.05 0.04 0.03 0.05 0.05 0.05 0.03 
0.05 0.05 0.04 0.05 0.05 0.04 0.02 0.03 0.05 0.05 
0.02 0.02 0.04 0.03 0.02 0.05 0.03 0.05 0.05 0.03 
0.03 0.04 0.04 0.05 0.05 0.02 0.04 0.03 0.05 0.04 
0.02 0.05 0.05 0.03 0.04 0.05 0.04 0.02 0.04 0.02 
0.05 0.04 0.05 0.05 0.03 0.03 0.03 0.04 0.02 0.04 
0.04 0.05 0.03 0.05 0.03 0.03 0.02 0.04 0.05 0.03 
0.03 0.03 0.04 0.04 0.03 0.05 0.05 0.03 0.03 0.02 
0.04 0.05 0.04 0.05 0.02 0.05 0.05 0.02 0.05 0.05 
0.03 0.02 0.02 0.05 0.03 0.02 0.03 0.05 0.02 0.04 
0.02 0.05 0.02 0.03 0.04 0.04 0.02 0.05 0.05 0.03 
0.05 0.04 0.04 0.02 0.03 0.05 0.02 0.04 0.02 0.03 
0.04 0.02 0.03 0.04 0.04 0.04 0.05 0.04 0.05 0.02 
0.04 0.04 0.02 0.02 0.02 0.04 0.03 0.02 0.02 0.05 
0.02 0.03 0.03 0.02 0.02 0.05 0.02 0.03 0.04 0.04 
0.04 0.04 0.02 0.04 0.05 0.02 0.02 0.05 0.03 0.02 
0.05 0.03 0.05 0.02 0.04 0.02 0.03 0.05 0.03 0.03 
0.03 0.04 0.04 0.04 0.02 0.02 0.02 0.04 0.03 0.05 
0.04 0.02 0.03 0.05 0.05 0.03 0.05 0.03 0.05 0.02 
0.02 0.04 0.04 0.03 0.04 0.03 0.02 0.04 0.05 0.04 
0.03 0.04 0.02 0.02 0.05 0.02 0.05 0.03 0.03 0.03 
0.05 0.02 0.03 0.05 0.05 0.04 0.04 0.03 0.05 0.03 
0.04 0.05 0.03 0.02 0.03 0.03 0.02 0.05 0.04 0.02 
0.05 0.03 0.05 0.02 0.05 0.05 0.04 0.05 0.03 0.02 
0.04 0.05 0.04 0.03 0.02 0.03 0.02 0.05 0.02 0.03 
0.04 0.05 0.05 0.04 0.04 0.03 0.05 0.03 0.02 0.05 
0.02 0.02 0.03 0.02 0.02 0.03 0.05 0.02 0.02 0.04 
0.02 0.05 0.05 0.02 0.02 0.02 0.05 0.05 0.05 0.05 
0.02 0.02 0.04 0.03 0.05 0.03 0.04 0.05 0.02 0.05 
0.05 0.02 0.03 0.04 0.05 0.04 0.05 0.03 0.05 0.04 
0.05 0.05 0.05 0.02 0.03 0.02 0.03 0.05 0.03 0.02 
0.04 0.05 0.04 0.04 0.03 0.03 0.02 0.05 0.04 0.03 
0.02 0.04 0.04 0.04 0.02 0.03 0.03 0.04 0.03 0.05 
0.02 0.04 0.03 0.04 0.02 0.02 0.03 0.02 0.04 0.04 
0.05 0.02 0.05 0.02 0.02 0.02 0.03 0.02 0.04 0.05 
0.05 0.04 0.03 0.03 0.04 0.03 0.04 0.05 0.05 0.05 
0.02 0.05 0.05 0.05 0.04 0.05 0.04 0.02 0.02 0.05 
0.03 0.04 0.03 0.04 0.05 0.03 0.05 0.03 0.05 0.03 
0.02 0.03 0.02 0.05 0.04 0.04 0.04 0.04 0.04 0.04 
0.04 0.02 0.02 0.04 0.05 0.03 0.03 0.05 0.03 0.05 
0.03 0.04 0.05 0.02 0.05 0.04 0.02 0.02 0.05 0.03 
0.02 0.05 0.05 0.02 0.03 0.03 0.02 0.03 0.05 0.03 
0.04 0.03 0.05 0.05 0.04 0.05 0.04 0.02 0.05 0.05 
0.03 0.03 0.03 0.03 0.05 0.04 0.04 0.05 0.02 0.05 
0.03 0.03 0.04 0.05 0.04 0.04 0.04 0.05 0.03 0.02 
0.02 0.02 0.04 0.03 0.02 0.03 0.03 0.05 0.02 0.05 
0.03 0.02 0.02 0.05 0.04 0.02 0.02 0.04 0.03 0.02 
0.03 0.05 0.04 0.03 0.02 0.04 0.05 0.05 0.05 0.03 
0.05 0.03 0.02 0.04 0.04 0.03 0.03 0.02 0.05 0.05 
0.05 0.02 0.03 0.03 0.02 0.04 0.04 0.03 0.05 0.03 
0.03 0.03 0.02 0.02 0.02 0.02 0.03 0.05 0.02 0.04 
0.03 0.02 0.03 0.05 0.05 0.04 0.05 0.03 0.02 0.03 
0.02 0.05 0.02 0.02 0.05 0.02 0.04 0.05 0.04 0.02 
0.03 0.03 0.04 0.03 0.05 0.05 0.03 0.04 0.02 0.04 
0.03 0.04 0.05 0.04 0.05 0.04 0.03 0.02 0.05 0.04 
0.02 0.04 0.04 0.03 0.03 0.04 0.05 0.02 0.02 0.05 
0.05 0.05 0.04 0.02 0.02 0.02 0.03 0.02 0.02 0.04 
0.04 0.02 0.02 0.03 0.05 0.02 0.04 0.03 0.04 0.02 
0.02 0.02 0.05 0.03 0.04 0.04 0.05 0.03 0.05 0.04 
0.03 0.02 0.05 0.05 0.04 0.04 0.05 0.05 0.03 0.05 
0.04 0.05 0.04 0.05 0.04 0.03 0.02 0.02 0.03 0.04 
0.04 0.03 0.05 0.04 0.05 0.04 0.02 0.03 0.05 0.04 
0.03 0.04 0.03 0.03 0.05 0.02 0.05 0.04 0.02 0.05 
0.03 0.05 0.02 0.05 0.02 0.02 0.02 0.03 0.05 0.03 
0.03 0.02 0.03 0.03 0.05 0.05 0.04 0.05 0.03 0.04 
0.04 0.05 0.05 0.04 0.05 0.02 0.03 0.05 0.02 0.05 
0.02 0.04 0.03 0.02 0.05 0.03 0.03 0.03 0.04 0.05 
0.03 0.05 0.05 0.02 0.05 0.04 0.05 0.03 0.03 0.03 
0.02 0.02 0.05 0.03 0.04 0.04 0.03 0.02 0.04 0.05 
0.03 0.02 0.02 0.04 0.03 0.05 0.03 0.05 0.02 0.04 
0.03 0.04 0.03 0.03 0.05 0.05 0.02 0.05 0.02 0.05 
0.05 0.05 0.02 0.04 0.02 0.02 0.04 0.05 0.02 0.03 
0.04 0.05 0.04 0.04 0.02 0.04 0.02 0.02 0.02 0.04 
0.02 0.04 0.03 0.02 0.04 0.05 0.03 0.05 0.03 0.03 
0.03 0.03 0.05 0.05 0.02 0.04 0.05 0.04 0.02 0.03 
0.04 0.03 0.04 0.04 0.02 0.03 0.03 0.02 0.03 0.05 
0.05 0.02 0.02 0.02 0.03 0.04 0.04 0.05 0.02 0.04 
0.03 0.05 0.02 0.02 0.02 0.04 0.05 0.05 0.03 0.03 
0.03 0.05 0.03 0.05 0.05 0.04 0.04 0.05 0.05 0.04 
0.04 0.04 0.05 0.05 0.03 0.04 0.03 0.04 0.04 0.05 
0.02 0.04 0.02 0.02 0.04 0.04 0.03 0.04 0.05 0.02 
0.03 0.05 0.05 0.03 0.04 0.02 0.03 0.02 0.02 0.04 
0.04 0.02 0.03 0.03 0.03 0.03 0.04 0.05 0.04 0.02 
0.03 0.03 0.04 0.03 0.02 0.04 0.02 0.05 0.04 0.05 
0.05 0.02 0.02 0.04 0.04 0.03 0.03 0.04 0.05 0.03 
0.02 0.04 0.05 0.04 0.05 0.04 0.05 0.04 0.05 0.04 
0.05 0.03 0.02 0.03 0.05 0.05 0.03 0.02 0.04 0.04 
0.02 0.02 0.02 0.02 0.05 0.05 0.03 0.02 0.04 0.03 
0.02 0.04 0.02 0.04 0.05 0.04 0.04 0.03 0.03 0.03 
0.03 0.03 0.05 0.03 0.04 0.04 0.05 0.03 0.04 0.04 
0.04 0.04 0.03 0.05 0.04 0.05 0.05 0.05 0.02 0.03 
0.05 0.02 0.04 0.03 0.05 0.02 0.02 0.05 0.02 0.05 
0.02 0.04 0.04 0.03 0.04 0.05 0.02 0.03 0.03 0.05 
0.02 0.02 0.03 0.04 0.05 0.02 0.05 0.04 0.02 0.05 
0.05 0.04 0.02 0.02 0.05 0.04 0.02 0.04 0.05 0.03 
0.03 0.05 0.04 0.02 0.03 0.05 0.03 0.05 0.05 0.05 
0.02 0.04 0.04 0.04 0.05 0.02 0.05 0.03 0.03 0.05 
0.04 0.04 0.02 0.05 0.03 0.04 0.04 0.02 0.02 0.03 
0.03 0.04 0.03 0.02 0.05 0.03 0.04 0.05 0.04 0.04 
0.02 0.04 0.02 0.02 0.03 0.02 0.05 0.04 0.02 0.05 
0.02 0.02 0.05 0.04 0.04 0.03 0.02 0.05 0.04 0.05 
0.02 0.03 0.03 0.04 0.03 0.05 0.03 0.04 0.05 0.03 
0.02 0.04 0.04 0.04 0.03 0.05 0.05 0.03 0.04 0.02 
0.05 0.05 0.02 0.02 0.04 0.05 0.05 0.04 0.05 0.02 
0.03 0.04 0.03 0.02 0.05 0.02 0.04 0.03 0.04 0.05 
0.04 0.04 0.04 0.05 0.04 0.05 0.04 0.02 0.04 0.04 
0.03 0.02 0.04 0.03 0.02 0.04 0.02 0.05 0.03 0.03 
0.02 0.02 0.04 0.04 0.05 0.03 0.05 0.03 0.04 0.05 
0.02 0.03 0.02 0.05 0.04 0.05 0.02 0.03 0.02 0.03 
0.05 0.02 0.02 0.03 0.05 0.05 0.03 0.03 0.05 0.05 
0.04 0.04 0.04 0.03 0.04 0.02 0.02 0.04 0.03 0.04 
0.03 0.04 0.05 0.03 0.03 0.04 0.02 0.04 0.03 0.03 
0.03 0.05 0.02 0.02 0.03 0.05 0.02 0.02 0.02 0.02 
0.05 0.02 0.05 0.02 0.05 0.04 0.02 0.03 0.04 0.05 
0.02 0.04 0.03 0.03 0.03 0.05 0.03 0.05 0.03 0.05 
0.05 0.02 0.04 0.04 0.02 0.05 0.04 0.02 0.04 0.05 
0.04 0.05 0.04 0.02 0.03 0.02 0.03 0.03 0.04 0.03 
0.02 0.05 0.02 0.04 0.02 0.03 0.04 0.05 0.05 0.02 
0.03 0.04 0.04 0.03 0.05 0.03 0.04 0.04 0.04 0.03 
0.04 0.02 0.04 0.04 0.05 0.05 0.05 0.02 0.02 0.02 
0.03 0.02 0.02 0.03 0.02 0.03 0.05 0.03 0.02 0.03 
0.03 0.02 0.04 0.02 0.03 0.03 0.02 0.02 0.03 0.03 
0.03 0.04 0.04 0.02 0.02 0.05 0.03 0.05 0.02 0.02 
0.05 0.02 0.04 0.05 0.03 0.04 0.04 0.03 0.05 0.05 
0.02 0.03 0.02 0.02 0.03 0.04 0.04 0.02 0.05 0.03 
0.04 0.02 0.03 0.04 0.05 0.02 0.04 0.04 0.04 0.05 
0.05 0.02 0.04 0.03 0.03 0.03 0.03 0.03 0.05 0.04 
0.05 0.05 0.03 0.05 0.04 0.02 0.02 0.05 0.05 0.04 
0.04 0.03 0.04 0.04 0.03 0.02 0.03 0.03 0.03 0.05 
0.03 0.05 0.05 0.03 0.04 0.04 0.03 0.02 0.03 0.03 
0.03 0.04 0.03 0.04 0.02 0.05 0.03 0.05 0.05 0.02 
0.04 0.02 0.05 0.04 0.04 0.04 0.04 0.02 0.04 0.03 
0.02 0.03 0.02 0.03 0.03 0.03 0.03 0.03 0.03 0.03 
0.02 0.05 0.02 0.02 0.03 0.04 0.02 0.04 0.03 0.02 
0.04 0.03 0.05 0.03 0.04 0.03 0.02 0.03 0.04 0.03 
0.03 0.05 0.03 0.04 0.02 0.04 0.05 0.04 0.05 0.04 
0.04 0.04 0.05 0.05 0.04 0.03 0.02 0.02 0.04 0.03 
0.02 0.04 0.04 0.02 0.05 0.02 0.04 0.05 0.03 0.02 
0.03 0.05 0.05 0.02 0.05 0.02 0.03 0.03 0.05 0.05 
0.04 0.05 0.04 0.03 0.02 0.03 0.05 0.04 0.05 0.04 
0.03 0.03 0.05 0.05 0.02 0.05 0.05 0.02 0.02 0.03 
0.02 0.03 0.02 0.04 0.02 0.03 0.03 0.05 0.05 0.04 
0.04 0.05 0.05 0.03 0.05 0.02 0.05 0.02 0.02 0.03 
0.04 0.04 0.03 0.05 0.03 0.03 0.04 0.03 0.03 0.05 
0.04 0.02 0.05 0.03 0.02 0.05 0.05 0.03 0.02 0.04 
0.05 0.04 0.04 0.03 0.04 0.05 0.03 0.02 0.03 0.04 
0.04 0.03 0.02 0.04 0.03 0.05 0.02 0.05 0.03 0.03 
0.03 0.05 0.04 0.05 0.02 0.02 0.04 0.04 0.04 0.03 
0.04 0.03 0.02 0.05 0.03 0.02 0.02 0.03 0.02 0.03 
0.04 0.04 0.03 0.04 0.02 0.05 0.02 0.05 0.04 0.03 
0.04 0.02 0.03 0.02 0.05 0.03 0.03 0.04 0.03 0.05 
0.02 0.02 0.05 0.05 0.03 0.04 0.04 0.03 0.03 0.03 
0.05 0.05 0.02 0.02 0.05 0.02 0.04 0.03 0.03 0.05 
0.04 0.04 0.03 0.04 0.03 0.05 0.02 0.04 0.03 0.05 
0.03 0.04 0.05 0.05 0.03 0.03 0.02 0.02 0.02 0.04 
0.02 0.05 0.04 0.03 0.05 0.05 0.03 0.02 0.05 0.05 
0.03 0.03 0.04 0.03 0.03 0.04 0.04 0.02 0.04 0.05 
0.02 0.05 0.03 0.05 0.04 0.05 0.04 0.05 0.05 0.05 
0.04 0.03 0.05 0.02 0.03 0.05 0.05 0.04 0.02 0.03 
0.05 0.02 0.04 0.05 0.03 0.05 0.03 0.02 0.04 0.05 
0.05 0.05 0.03 0.02 0.04 0.04 0.02 0.02 0.02 0.03 
0.04 0.04 0.04 0.02 0.05 0.05 0.02 0.03 0.02 0.05 
0.05 0.03 0.03 0.04 0.03 0.04 0.03 0.03 0.02 0.05 
0.04 0.03 0.02 0.02 0.04 0.02 0.02 0.04 0.03 0.03 
0.05 0.03 0.04 0.04 0.02 0.03 0.02 0.02 0.05 0.03 
0.03 0.05 0.03 0.03 0.03 0.04 0.03 0.02 0.05 0.02 
0.05 0.05 0.02 0.04 0.03 0.04 0.03 0.02 0.05 0.03 
0.02 0.05 0.04 0.05 0.04 0.02 0.04 0.02 0.03 0.04 
0.02 0.03 0.05 0.02 0.05 0.02 0.03 0.03 0.02 0.04 
0.05 0.04 0.03 0.04 0.04 0.02 0.03 0.02 0.02 0.02 
0.05 0.03 0.04 0.02 0.04 0.04 0.05 0.04 0.02 0.02 
0.05 0.02 0.02 0.04 0.05 0.05 0.02 0.04 0.03 0.05 
0.04 0.05 0.02 0.03 0.05 0.04 0.05 0.02 0.05 0.05 
0.04 0.04 0.04 0.03 0.02 0.05 0.04 0.02 0.04 0.02 
0.05 0.04 0.03 0.02 0.04 0.05 0.04 0.02 0.04 0.04 
0.05 0.05 0.03 0.05 0.03 0.05 0.02 0.04 0.02 0.05 
0.02 0.04 0.03 0.05 0.02 0.04 0.03 0.05 0.02 0.03 
0.04 0.03 0.05 0.05 0.02 0.02 0.04 0.03 0.04 0.04 
0.04 0.05 0.02 0.02 0.05 0.05 0.04 0.03 0.05 0.04 
0.02 0.02 0.04 0.03 0.05 0.02 0.02 0.05 0.05 0.04 
0.04 0.03 0.05 0.03 0.02 0.03 0.02 0.05 0.05 0.05 
0.03 0.04 0.05 0.05 0.04 0.04 0.04 0.05 0.05 0.03 
0.03 0.02 0.03 0.02 0.05 0.03 0.04 0.04 0.03 0.05 
0.03 0.04 0.05 0.02 0.03 0.03 0.04 0.04 0.04 0.02 
0.03 0.03 0.04 0.02 0.03 0.03 0.02 0.05 0.04 0.04 
0.05 0.05 0.04 0.02 0.04 0.05 0.03 0.02 0.02 0.04 
0.03 0.03 0.05 0.02 0.04 0.02 0.02 0.02 0.05 0.02 
0.05 0.04 0.05 0.02 0.02 0.05 0.04 0.02 0.04 0.04 
0.05 0.03 0.04 0.05 0.02 0.02 0.02 0.02 0.03 0.03 
0.03 0.03 0.02 0.02 0.03 0.05 0.04 0.04 0.04 0.04 
0.03 0.04 0.04 0.05 0.02 0.03 0.04 0.05 0.04 0.02 
0.03 0.05 0.04 0.03 0.02 0.03 0.04 0.03 0.03 0.03 
0.04 0.05 0.02 0.05 0.05 0.03 0.02 0.04 0.04 0.04 
0.02 0.04 0.02 0.05 0.02 0.03 0.02 0.04 0.04 0.04 
0.04 0.02 0.03 0.05 0.03 0.02 0.02 0.05 0.03 0.02 
0.05 0.02 0.05 0.02 0.03 0.02 0.05 0.04 0.02 0.05 
0.03 0.05 0.02 0.05 0.03 0.03 0.03 0.03 0.05 0.05 
0.03 0.03 0.03 0.04 0.05 0.02 0.03 0.05 0.02 0.04 
0.05 0.03 0.03 0.02 0.03 0.02 0.03 0.05 0.05 0.02 
0.03 0.03 0.03 0.04 0.02 0.02 0.03 0.05 0.02 0.04 
0.04 0.03 0.05 0.03 0.02 0.05 0.04 0.04 0.05 0.02 
0.05 0.04 0.03 0.04 0.02 0.02 0.02 0.02 0.04 0.02 
0.05 0.03 0.03 0.05 0.05 0.04 0.05 0.05 0.05 0.04 
0.03 0.05 0.05 0.03 0.03 0.02 0.04 0.04 0.03 0.03 
0.05 0.04 0.05 0.05 0.05 0.02 0.04 0.04 0.04 0.05 
0.04 0.04 0.04 0.04 0.03 0.03 0.05 0.05 0.02 0.05 
0.03 0.03 0.04 0.02 0.03 0.03 0.03 0.04 0.04 0.04 
0.02 0.04 0.02 0.05 0.04 0.03 0.05 0.02 0.05 0.04 
0.02 0.04 0.04 0.02 0.03 0.04 0.05 0.05 0.05 0.03 
0.02 0.02 0.03 0.04 0.02 0.02 0.04 0.03 0.05 0.02 
0.02 0.04 0.04 0.05 0.05 0.03 0.03 0.02 0.02 0.04 
0.04 0.05 0.02 0.02 0.02 0.05 0.03 0.04 0.04 0.02 
0.05 0.05 0.02 0.04 0.03 0.05 0.04 0.02 0.05 0.02 
0.03 0.02 0.03 0.03 0.05 0.03 0.03 0.04 0.05 0.05 
0.05 0.02 0.02 0.05 0.02 0.04 0.02 0.03 0.02 0.03 
0.02 0.05 0.04 0.04 0.05 0.03 0.02 0.03 0.04 0.05 
0.04 0.03 0.04 0.04 0.05 0.02 0.02 0.05 0.02 0.03 
0.05 0.04 0.04 0.03 0.05 0.02 0.03 0.03 0.05 0.03 
0.03 0.04 0.03 0.03 0.03 0.03 0.02 0.03 0.04 0.02 
0.03 0.03 0.04 0.05 0.02 0.03 0.04 0.03 0.04 0.03 
0.03 0.02 0.04 0.05 0.02 0.02 0.05 0.04 0.05 0.05 
0.03 0.05 0.05 0.05 0.04 0.04 0.03 0.03 0.04 0.05 
0.03 0.03 0.02 0.03 0.02 0.05 0.02 0.03 0.03 0.05 
0.03 0.04 0.05 0.05 0.03 0.05 0.02 0.02 0.04 0.04 
0.03 0.05 0.05 0.02 0.05 0.05 0.03 0.04 0.03 0.02 
0.02 0.03 0.04 0.02 0.03 0.02 0.05 0.04 0.03 0.03 
0.05 0.03 0.02 0.05 0.03 0.05 0.04 0.04 0.03 0.05 
0.02 0.05 0.05 0.04 0.02 0.05 0.05 0.02 0.05 0.02 
0.02 0.05 0.03 0.02 0.04 0.04 0.02 0.04 0.02 0.02 
0.02 0.05 0.04 0.03 0.02 0.02 0.04 0.05 0.05 0.05 
0.02 0.03 0.04 0.03 0.02 0.03 0.04 0.04 0.05 0.03 
0.04 0.05 0.05 0.02 0.04 0.02 0.02 0.03 0.05 0.02 
0.02 0.03 0.05 0.03 0.05 0.04 0.02 0.02 0.05 0.04 
0.03 0.05 0.02 0.05 0.05 0.05 0.04 0.04 0.02 0.05 
0.03 0.03 0.04 0.05 0.02 0.02 0.04 0.05 0.04 0.02 
0.05 0.04 0.02 0.05 0.02 0.03 0.05 0.02 0.03 0.04 
0.03 0.02 0.04 0.03 0.04 0.05 0.04 0.02 0.03 0.02 
0.03 0.04 0.03 0.04 0.03 0.02 0.05 0.05 0.05 0.03 
0.0279737 0.0186492 0.0466229 0.0279737 0.0279737 0.0466229 0.0279737 0.0279737 0.0354145 0.0466229 
0.0186492 0.0279737 0.0466229 0.0466229 0.0409711 0.0372983 0.0279737 0.0372983 0.0279737 0.0186492 
0.0186492 0.0279737 0.0186492 0.0466229 0.0466229 0.0280298 0.0372983 0.0372983 0.0466229 0.0279737 
0.0279737 0.0521642 0.0186492 0.0279737 0.0372983 0.0433734 0.0822425 0.0279737 0.0494444 0.0372983 
0.0466229 0.0186492 0.0186492 0.0186492 0.0372983 0.0412648 0.0466229 0.0279737 0.0186492 0.0372983 
0.0466229 0.0279737 0.0186492 0.0466229 0.0754049 0.0186492 0.0279737 0.0279737 0.0466229 0.0186492 
0.0279737 0.0466229 0.0186492 0.0654041 0.0279737 0.0372983 0.0279737 0.0372983 0.0372983 0.0466229 
0.0279737 0.0372983 0.0186492 0.0466229 0.0876492 0.0186492 0.0279737 0.0372983 0.0279737 0.0466229 
0.0186492 0.0466229 0.0186492 0.0372983 0.0372983 0.0653713 0.0825149 0.0372983 0.0279737 0.0279737 
0.0186492 0.0466229 0.0186492 0.0279737 0.0186492 0.0279737 0.0186492 0.0279737 0.0466229 0.0279737 
0.02 0.05 0.04 0.02 0.02 0.03 0.05 0.02 0.03 0.03 
0.02 0.04 0.04 0.03 0.05 0.03 0.03 0.02 0.05 0.05 
0.05 0.02 0.03 0.02 0.04 0.02 0.03 0.02 0.02 0.03 
0.02 0.04 0.03 0.05 0.04 0.05 0.03 0.05 0.03 0.04 
0.02 0.03 0.02 0.02 0.02 0.05 0.05 0.03 0.04 0.03 
0.02 0.05 0.04 0.05 0.03 0.02 0.03 0.02 0.05 0.03 
0.03 0.03 0.04 0.05 0.02 0.04 0.04 0.03 0.03 0.02 
0.05 0.03 0.03 0.03 0.05 0.05 0.02 0.04 0.04 0.05 
0.04 0.03 0.04 0.02 0.04 0.04 0.04 0.02 0.05 0.05 
0.02 0.05 0.05 0.02 0.05 0.02 0.03 0.04 0.03 0.04 
0.03 0.04 0.02 0.03 0.02 0.04 0.03 0.03 0.05 0.04 
0.02 0.03 0.04 0.05 0.04 0.02 0.02 0.05 0.05 0.05 
0.03 0.05 0.02 0.05 0.05 0.02 0.05 0.05 0.03 0.02 
0.05 0.02 0.05 0.02 0.03 0.03 0.02 0.03 0.04 0.03 
0.04 0.05 0.02 0.05 0.04 0.03 0.03 0.05 0.02 0.05 
0.05 0.04 0.04 0.02 0.02 0.04 0.03 0.05 0.04 0.04 
0.04 0.05 0.04 0.04 0.03 0.02 0.05 0.02 0.04 0.05 
0.05 0.03 0.04 0.02 0.03 0.02 0.05 0.02 0.04 0.02 
0.02 0.02 0.05 0.02 0.03 0.04 0.05 0.03 0.05 0.05 
0.04 0.04 0.05 0.03 0.03 0.02 0.04 0.02 0.03 0.02 
0.02 0.04 0.02 0.05 0.03 0.03 0.04 0.02 0.05 0.05 
0.04 0.05 0.05 0.05 0.03 0.04 0.04 0.04 0.02 0.04 
0.02 0.02 0.04 0.02 0.05 0.05 0.03 0.02 0.04 0.03 
0.04 0.02 0.05 0.03 0.03 0.03 0.05 0.03 0.05 0.02 
0.03 0.02 0.05 0.05 0.04 0.02 0.03 0.04 0.02 0.04 
0.04 0.04 0.03 0.03 0.02 0.02 0.02 0.02 0.05 0.03 
0.04 0.04 0.03 0.02 0.03 0.02 0.04 0.02 0.04 0.05 
0.03 0.04 0.03 0.03 0.04 0.05 0.03 0.05 0.02 0.05 
0.05 0.02 0.02 0.03 0.02 0.03 0.04 0.04 0.05 0.05 
0.03 0.04 0.04 0.03 0.04 0.05 0.05 0.03 0.04 0.03 
0.04 0.05 0.03 0.04 0.05 0.05 0.02 0.03 0.04 0.02 
0.05 0.05 0.02 0.02 0.03 0.02 0.03 0.02 0.05 0.03 
0.05 0.05 0.04 0.03 0.03 0.02 0.02 0.05 0.03 0.05 
0.05 0.04 0.04 0.02 0.04 0.03 0.05 0.02 0.05 0.02 
0.04 0.02 0.04 0.02 0.02 0.04 0.03 0.04 0.02 0.05 
0.02 0.04 0.05 0.02 0.04 0.03 0.03 0.04 0.05 0.05 
0.02 0.03 0.02 0.04 0.04 0.04 0.02 0.03 0.02 0.05 
0.03 0.02 0.02 0.02 0.05 0.04 0.03 0.05 0.05 0.04 
0.05 0.03 0.02 0.03 0.05 0.02 0.05 0.05 0.05 0.03 
0.02 0.05 0.02 0.04 0.02 0.05 0.05 0.05 0.05 0.05 
0.05 0.05 0.05 0.02 0.02 0.02 0.05 0.04 0.03 0.04 
0.02 0.05 0.05 0.04 0.03 0.04 0.04 0.05 0.03 0.04 
0.04 0.03 0.04 0.04 0.05 0.03 0.04 0.02 0.05 0.04 
0.03 0.02 0.04 0.03 0.05 0.05 0.03 0.02 0.04 0.05 
0.04 0.05 0.04 0.05 0.03 0.03 0.02 0.02 0.02 0.05 
0.04 0.03 0.05 0.02 0.04 0.04 0.02 0.04 0.05 0.04 
0.04 0.05 0.04 0.02 0.05 0.03 0.04 0.03 0.02 0.05 
0.03 0.05 0.05 0.02 0.05 0.04 0.04 0.02 0.05 0.05 
0.05 0.02 0.05 0.05 0.02 0.04 0.05 0.03 0.02 0.03 
0.02 0.03 0.02 0.05 0.03 0.02 0.02 0.05 0.04 0.05 
0.02 0.02 0.02 0.03 0.05 0.02 0.02 0.05 0.03 0.02 
0.02 0.02 0.02 0.02 0.04 0.05 0.02 0.02 0.05 0.05 
0.02 0.03 0.04 0.03 0.03 0.02 0.05 0.05 0.05 0.04 
0.02 0.02 0.02 0.05 0.04 0.03 0.03 0.05 0.05 0.05 
0.03 0.05 0.05 0.05 0.02 0.03 0.03 0.04 0.05 0.03 
0.04 0.04 0.03 0.04 0.05 0.04 0.05 0.05 0.04 0.05 
0.05 0.05 0.04 0.02 0.03 0.02 0.04 0.03 0.05 0.03 
0.03 0.05 0.04 0.02 0.05 0.04 0.02 0.04 0.02 0.04 
0.03 0.05 0.02 0.02 0.04 0.04 0.02 0.04 0.04 0.02 
0.04 0.02 0.04 0.02 0.04 0.05 0.02 0.04 0.02 0.05 
0.03 0.03 0.03 0.02 0.05 0.03 0.04 0.05 0.03 0.04 
0.03 0.04 0.03 0.02 0.05 0.03 0.03 0.04 0.05 0.04 
0.04 0.04 0.03 0.03 0.05 0.04 0.05 0.04 0.02 0.02 
0.04 0.03 0.02 0.05 0.03 0.05 0.02 0.03 0.05 0.05 
0.04 0.03 0.02 0.04 0.02 0.03 0.05 0.03 0.02 0.03 
0.03 0.03 0.04 0.05 0.03 0.03 0.05 0.05 0.04 0.03 
0.02 0.03 0.05 0.05 0.02 0.03 0.04 0.03 0.04 0.05 
0.03 0.04 0.02 0.05 0.02 0.05 0.05 0.04 0.05 0.02 
0.04 0.02 0.04 0.02 0.02 0.03 0.05 0.04 0.05 0.04 
0.04 0.02 0.05 0.03 0.04 0.04 0.04 0.02 0.02 0.05 
0.03 0.04 0.03 0.05 0.02 0.02 0.04 0.04 0.02 0.03 
0.03 0.05 0.05 0.03 0.04 0.04 0.05 0.04 0.03 0.02 
0.05 0.02 0.04 0.05 0.03 0.02 0.04 0.05 0.04 0.05 
0.02 0.05 0.02 0.03 0.02 0.04 0.03 0.04 0.04 0.03 
0.02 0.05 0.02 0.03 0.05 0.05 0.05 0.04 0.05 0.05 
0.02 0.05 0.05 0.02 0.04 0.03 0.03 0.04 0.02 0.03 
0.04 0.03 0.05 0.02 0.02 0.02 0.04 0.04 0.05 0.03 
0.05 0.03 0.02 0.05 0.04 0.04 0.04 0.02 0.02 0.05 
0.04 0.04 0.04 0.02 0.04 0.04 0.02 0.02 0.03 0.05 
0.03 0.05 0.04 0.04 0.03 0.03 0.02 0.03 0.05 0.04 
0.04 0.02 0.03 0.02 0.04 0.03 0.05 0.02 0.02 0.02 
0.02 0.04 0.04 0.03 0.02 0.02 0.02 0.04 0.04 0.04 
0.03 0.05 0.05 0.03 0.02 0.02 0.05 0.03 0.03 0.05 
0.05 0.03 0.03 0.05 0.04 0.02 0.02 0.02 0.04 0.02 
0.05 0.04 0.02 0.05 0.03 0.04 0.03 0.04 0.03 0.04 
0.03 0.05 0.03 0.04 0.04 0.03 0.03 0.04 0.05 0.05 
0.03 0.04 0.02 0.03 0.03 0.03 0.04 0.02 0.05 0.05 
0.05 0.04 0.03 0.05 0.04 0.05 0.05 0.05 0.02 0.03 
0.03 0.05 0.03 0.02 0.05 0.05 0.05 0.04 0.04 0.04 
0.05 0.05 0.03 0.02 0.05 0.05 0.05 0.03 0.05 0.04 
0.03 0.03 0.02 0.04 0.04 0.05 0.02 0.04 0.03 0.03 
0.02 0.04 0.05 0.04 0.04 0.05 0.02 0.05 0.04 0.02 
0.03 0.03 0.02 0.03 0.02 0.04 0.02 0.04 0.04 0.02 
0.02 0.03 0.05 0.03 0.04 0.02 0.02 0.02 0.03 0.02 
0.04 0.05 0.04 0.02 0.03 0.04 0.02 0.05 0.03 0.02 
0.03 0.05 0.05 0.04 0.03 0.03 0.02 0.05 0.02 0.02 
0.02 0.03 0.04 0.02 0.02 0.03 0.05 0.04 0.03 0.04 
0.02 0.03 0.03 0.02 0.05 0.02 0.03 0.03 0.04 0.05 
0.04 0.02 0.03 0.05 0.04 0.03 0.03 0.04 0.05 0.03 
0.05 0.04 0.02 0.05 0.03 0.05 0.03 0.03 0.05 0.02 
0.0286311 0.0477185 0.0381748 0.0381748 0.0677287 0.0381748 0.0190874 0.0190874 0.0381748 0.0190874 
0.0477185 0.0190874 0.0477185 0.0477185 0.0286311 0.0477185 0.0190874 0.0286311 0.0381748 0.0477185 
0.0190874 0.0381748 0.0286311 0.0190874 0.0190874 0.0381748 0.0477185 0.0190874 0.0286311 0.0190874 
0.0190874 0.0381748 0.0190874 0.0286311 0.0286311 0.0498285 0.060329 0.0190874 0.0286311 0.0381748 
0.0477185 0.0190874 0.0477185 0.0286311 0.0286311 0.0381748 0.0286311 0.0477185 0.0477185 0.0381748 
0.0286311 0.0190874 0.0190874 0.0286311 0.0486402 0.0477185 0.0477185 0.0286311 0.0190874 0.0286311 
0.0477185 0.0381748 0.0381748 0.0666215 0.0381748 0.0477185 0.0286311 0.0381748 0.0190874 0.0286311 
0.0477185 0.0381748 0.0381748 0.0190874 0.0679267 0.0477185 0.0190874 0.0477185 0.0286311 0.0477185 
0.0477185 0.0381748 0.0381748 0.0477185 0.0190874 0.058185 0.0377962 0.0381748 0.0381748 0.0698727 
0.0381748 0.0381748 0.0190874 0.0477185 0.0286311 0.0477185 0.0190874 0.0286311 0.0381748 0.0477185 
0.04 0.03 0.03 0.04 0.02 0.05 0.02 0.02 0.05 0.05 
0.02 0.04 0.05 0.04 0.02 0.04 0.04 0.05 0.03 0.05 
0.04 0.03 0.05 0.03 0.03 0.03 0.02 0.02 0.03 0.03 
0.03 0.03 0.04 0.04 0.03 0.04 0.05 0.03 0.05 0.04 
0.02 0.04 0.02 0.05 0.02 0.04 0.02 0.03 0.02 0.04 
0.05 0.02 0.05 0.05 0.03 0.03 0.04 0.02 0.02 0.03 
0.05 0.02 0.02 0.05 0.02 0.05 0.05 0.03 0.04 0.03 
0.02 0.02 0.05 0.02 0.05 0.03 0.04 0.05 0.03 0.03 
0.02 0.04 0.05 0.02 0.05 0.05 0.02 0.04 0.04 0.02 
0.03 0.02 0.04 0.03 0.04 0.02 0.04 0.05 0.03 0.04 
0.03 0.03 0.05 0.05 0.02 0.03 0.02 0.02 0.02 0.05 
0.03 0.05 0.04 0.03 0.02 0.03 0.05 0.05 0.05 0.02 
0.05 0.03 0.04 0.02 0.04 0.02 0.03 0.04 0.05 0.05 
0.04 0.04 0.04 0.02 0.03 0.04 0.03 0.03 0.03 0.04 
0.02 0.03 0.02 0.03 0.02 0.04 0.05 0.03 0.03 0.05 
0.04 0.05 0.05 0.03 0.03 0.03 0.03 0.02 0.05 0.03 
0.03 0.03 0.02 0.03 0.05 0.03 0.04 0.03 0.04 0.03 
0.04 0.02 0.02 0.05 0.04 0.03 0.04 0.03 0.04 0.05 
0.04 0.04 0.04 0.05 0.04 0.04 0.04 0.05 0.03 0.02 
0.03 0.04 0.05 0.02 0.03 0.04 0.02 0.04 0.02 0.03 
0.03 0.05 0.03 0.05 0.03 0.02 0.04 0.02 0.03 0.05 
0.02 0.02 0.02 0.03 0.04 0.04 0.04 0.03 0.04 0.04 
0.03 0.03 0.05 0.03 0.02 0.03 0.05 0.05 0.04 0.02 
0.02 0.04 0.02 0.02 0.04 0.05 0.02 0.05 0.04 0.05 
0.03 0.02 0.03 0.05 0.03 0.03 0.03 0.05 0.05 0.03 
0.03 0.04 0.03 0.04 0.05 0.04 0.03 0.03 0.03 0.04 
0.02 0.05 0.03 0.04 0.04 0.03 0.02 0.02 0.02 0.04 
0.03 0.05 0.02 0.04 0.05 0.02 0.03 0.05 0.04 0.04 
0.05 0.04 0.05 0.02 0.04 0.03 0.04 0.03 0.04 0.03 
0.02 0.03 0.03 0.05 0.04 0.04 0.05 0.02 0.02 0.02 
0.05 0.02 0.04 0.04 0.05 0.03 0.04 0.05 0.04 0.03 
0.04 0.03 0.04 0.03 0.04 0.02 0.05 0.03 0.05 0.04 
0.04 0.05 0.02 0.04 0.05 0.05 0.04 0.05 0.02 0.03 
0.04 0.02 0.04 0.02 0.05 0.04 0.02 0.03 0.05 0.02 
0.04 0.04 0.04 0.02 0.03 0.05 0.04 0.02 0.04 0.04 
0.02 0.03 0.03 0.02 0.03 0.05 0.04 0.05 0.04 0.03 
0.04 0.03 0.02 0.04 0.04 0.03 0.02 0.05 0.03 0.04 
0.02 0.05 0.04 0.04 0.05 0.02 0.04 0.03 0.02 0.05 
0.02 0.05 0.02 0.03 0.05 0.04 0.03 0.04 0.02 0.04 
0.03 0.02 0.04 0.03 0.03 0.05 0.05 0.05 0.05 0.02 
0.03 0.05 0.02 0.03 0.02 0.02 0.04 0.03 0.03 0.02 
0.05 0.02 0.04 0.05 0.04 0.05 0.04 0.02 0.03 0.04 
0.03 0.05 0.05 0.05 0.03 0.05 0.02 0.03 0.05 0.02 
0.03 0.04 0.02 0.03 0.02 0.05 0.03 0.02 0.03 0.04 
0.02 0.02 0.04 0.04 0.04 0.04 0.05 0.04 0.04 0.04 
0.05 0.05 0.02 0.02 0.02 0.04 0.02 0.05 0.05 0.02 
0.03 0.05 0.02 0.03 0.05 0.05 0.04 0.05 0.04 0.04 
0.05 0.05 0.04 0.05 0.05 0.02 0.05 0.02 0.03 0.04 
0.05 0.02 0.02 0.03 0.03 0.05 0.03 0.02 0.04 0.05 
0.05 0.02 0.05 0.05 0.04 0.02 0.04 0.04 0.02 0.04 
0.04 0.03 0.04 0.02 0.02 0.03 0.02 0.05 0.05 0.04 
0.03 0.04 0.02 0.03 0.02 0.05 0.03 0.05 0.04 0.03 
0.03 0.03 0.04 0.02 0.04 0.04 0.05 0.05 0.02 0.05 
0.02 0.05 0.03 0.04 0.05 0.04 0.04 0.03 0.03 0.03 
0.03 0.04 0.05 0.03 0.04 0.02 0.02 0.02 0.04 0.03 
0.02 0.03 0.03 0.04 0.03 0.03 0.02 0.05 0.02 0.04 
0.03 0.03 0.04 0.04 0.03 0.03 0.05 0.03 0.04 0.04 
0.02 0.03 0.04 0.03 0.04 0.02 0.05 0.02 0.03 0.02 
0.02 0.04 0.03 0.03 0.04 0.05 0.04 0.03 0.05 0.04 
0.02 0.03 0.05 0.03 0.03 0.05 0.04 0.03 0.04 0.02 
0.02 0.04 0.05 0.03 0.03 0.02 0.04 0.02 0.05 0.05 
0.03 0.03 0.05 0.05 0.03 0.05 0.03 0.05 0.04 0.03 
0.02 0.03 0.04 0.05 0.04 0.05 0.04 0.03 0.03 0.02 
0.05 0.04 0.03 0.03 0.03 0.02 0.02 0.05 0.02 0.03 
0.02 0.04 0.04 0.02 0.05 0.04 0.04 0.02 0.05 0.05 
0.05 0.03 0.03 0.03 0.03 0.03 0.04 0.02 0.02 0.02 
0.04 0.05 0.03 0.05 0.02 0.02 0.03 0.04 0.05 0.04 
0.05 0.05 0.02 0.03 0.05 0.05 0.02 0.04 0.04 0.04 
0.04 0.04 0.04 0.03 0.02 0.04 0.04 0.05 0.05 0.02 
0.03 0.05 0.04 0.02 0.03 0.02 0.03 0.04 0.04 0.02 
0.05 0.03 0.04 0.04 0.05 0.03 0.02 0.05 0.02 0.04 
0.03 0.03 0.02 0.03 0.03 0.04 0.04 0.02 0.03 0.04 
0.05 0.05 0.02 0.02 0.03 0.02 0.02 0.04 0.02 0.03 
0.05 0.05 0.04 0.03 0.03 0.02 0.03 0.03 0.04 0.05 
0.03 0.04 0.02 0.05 0.04 0.03 0.03 0.04 0.04 0.04 
0.04 0.05 0.04 0.05 0.04 0.02 0.04 0.02 0.04 0.05 
0.03 0.03 0.02 0.03 0.02 0.03 0.02 0.02 0.03 0.05 
0.03 0.05 0.05 0.03 0.05 0.02 0.03 0.05 0.05 0.03 
0.04 0.02 0.05 0.04 0.05 0.02 0.04 0.04 0.04 0.04 
0.05 0.05 0.02 0.04 0.02 0.02 0.05 0.04 0.02 0.03 
0.02 0.04 0.03 0.04 0.03 0.04 0.03 0.03 0.02 0.03 
0.04 0.03 0.05 0.04 0.04 0.03 0.04 0.05 0.05 0.04 
0.05 0.05 0.05 0.04 0.04 0.03 0.03 0.04 0.05 0.02 
0.04 0.02 0.02 0.02 0.04 0.02 0.02 0.04 0.05 0.04 
0.03 0.02 0.05 0.04 0.02 0.03 0.03 0.03 0.05 0.04 
0.03 0.02 0.03 0.05 0.05 0.05 0.03 0.04 0.04 0.04 
0.05 0.05 0.03 0.02 0.05 0.05 0.05 0.04 0.02 0.05 
0.03 0.03 0.05 0.05 0.04 0.04 0.05 0.04 0.02 0.05 
0.04 0.02 0.03 0.02 0.02 0.03 0.04 0.03 0.03 0.02 
0.02 0.05 0.04 0.04 0.02 0.05 0.02 0.02 0.05 0.02 
0.03 0.03 0.04 0.03 0.02 0.03 0.02 0.04 0.04 0.04 
0.05 0.02 0.03 0.02 0.03 0.03 0.02 0.03 0.03 0.05 
0.04 0.04 0.03 0.04 0.04 0.05 0.04 0.04 0.03 0.03 
0.05 0.05 0.03 0.05 0.03 0.04 0.04 0.04 0.05 0.05 
0.04 0.03 0.03 0.04 0.04 0.05 0.03 0.03 0.05 0.02 
0.04 0.05 0.04 0.02 0.04 0.05 0.02 0.03 0.04 0.05 
0.03 0.05 0.02 0.02 0.02 0.05 0.03 0.05 0.05 0.02 
0.04 0.03 0.04 0.04 0.04 0.04 0.04 0.04 0.02 0.02 
0.02 0.05 0.04 0.05 0.03 0.04 0.04 0.05 0.02 0.03 
0.05 0.04 0.02 0.05 0.04 0.02 0.05 0.02 0.03 0.03 
0.0239153 0.0249438 0.0249438 0.0249438 0.0124719 0.0249438 0.0230745 0.019109 0.0124719 0.0456422 
0.0311798 0.0311798 0.0249438 0.0311798 0.0249438 0.0187079 0.0249438 0.0311798 0.0311798 0.0392346 
0.0187079 0.0153517 0.0187079 0.0137171 0.0187079 0.0249438 0.0187079 0.0124719 0.0187079 0.0187079 
0.0356361 0.0311798 0.0336893 0.0124719 0.0312983 0.0266022 0.0311798 0.0265368 0.0124719 0.0124719 
0.0124719 0.0187079 0.0187079 0.147774 0.030519 0.0211823 0.0311798 0.148342 0.0311798 0.0249438 
0.0124719 0.0284679 0.0325899 0.0187079 0.134092 0.0124719 0.068707 0.0311798 0.0124719 0.0372564 
0.0249438 0.0311798 0.0311798 0.0124719 0.0187079 0.144961 0.0124719 0.0124719 0.0187079 0.0187079 
0.0187079 0.0249438 0.0336653 0.111409 0.144961 0.0349481 0.148342 0.0311798 0.0871267 0.0124719 
0.0311798 0.0363941 0.0187079 0.144961 0.0124719 0.0249438 0.0124719 0.145821 0.016961 0.0187079 
0.0311798 0.0249438 0.0187079 0.0187079 0.0249438 0.0311798 0.0187079 0.0187079 0.0311798 0.0261837 
0.0381397 0.0190699 0.0190699 0.0476747 0.0676665 0.0286048 0.0286048 0.0476747 0.0190699 0.0381397 
0.0286048 0.0381397 0.0286048 0.0286048 0.0190699 0.0190699 0.0476747 0.0476747 0.0286048 0.0286048 
0.0381397 0.0476747 0.0190699 0.0381397 0.0190699 0.0476747 0.0286048 0.0381397 0.0190699 0.0286048 
0.0190699 0.0381397 0.0381397 0.0286048 0.0286048 0.0497847 0.0412037 0.0476747 0.0476747 0.0286048 
0.0286048 0.0286048 0.0190699 0.0190699 0.0286048 0.0476747 0.0476747 0.0381397 0.0476747 0.0286048 
0.0476747 0.0381397 0.0381397 0.0476747 0.0486073 0.0476747 0.0286048 0.0190699 0.0476747 0.0190699 
0.0381397 0.0190699 0.0476747 0.0570386 0.0476747 0.0190699 0.0476747 0.0476747 0.0476747 0.0190699 
0.0381397 0.0190699 0.0190699 0.0190699 0.0392691 0.0286048 0.0190699 0.0381397 0.0476747 0.0476747 
0.0286048 0.0476747 0.0286048 0.0381397 0.0286048 0.0676665 0.0663813 0.0286048 0.0190699 0.0507386 
0.0286048 0.0476747 0.0190699 0.0286048 0.0381397 0.0476747 0.0476747 0.0286048 0.0190699 0.0381397 
0.04 0.04 0.03 0.03 0.05 0.03 0.03 0.05 0.04 0.02 
0.04 0.05 0.04 0.04 0.05 0.03 0.04 0.03 0.03 0.05 
0.03 0.05 0.02 0.04 0.02 0.03 0.03 0.02 0.04 0.03 
0.04 0.05 0.04 0.03 0.02 0.03 0.04 0.03 0.03 0.04 
0.02 0.03 0.03 0.05 0.03 0.03 0.02 0.03 0.05 0.02 
0.02 0.04 0.02 0.03 0.04 0.04 0.05 0.03 0.02 0.02 
0.02 0.03 0.03 0.03 0.05 0.04 0.05 0.05 0.03 0.04 
0.03 0.02 0.02 0.04 0.05 0.04 0.04 0.02 0.02 0.05 
0.02 0.03 0.05 0.05 0.04 0.02 0.05 0.04 0.02 0.04 
0.03 0.05 0.05 0.04 0.04 0.03 0.03 0.04 0.05 0.05 
0.05 0.03 0.04 0.04 0.05 0.03 0.05 0.03 0.05 0.03 
0.02 0.05 0.02 0.02 0.03 0.03 0.04 0.04 0.04 0.04 
0.05 0.03 0.02 0.04 0.03 0.05 0.03 0.05 0.02 0.02 
0.02 0.03 0.03 0.05 0.02 0.02 0.04 0.04 0.05 0.03 
0.04 0.03 0.04 0.05 0.03 0.04 0.03 0.04 0.03 0.03 
0.04 0.02 0.04 0.03 0.02 0.03 0.03 0.03 0.04 0.04 
0.02 0.02 0.04 0.02 0.04 0.02 0.02 0.05 0.02 0.05 
0.03 0.04 0.02 0.05 0.02 0.05 0.02 0.05 0.05 0.04 
0.02 0.05 0.03 0.05 0.04 0.05 0.03 0.04 0.05 0.03 
0.04 0.02 0.02 0.03 0.04 0.04 0.05 0.03 0.04 0.04 
0.04 0.03 0.04 0.04 0.05 0.03 0.03 0.05 0.03 0.02 
0.04 0.05 0.04 0.03 0.03 0.05 0.03 0.03 0.02 0.05 
0.02 0.03 0.04 0.04 0.03 0.03 0.05 0.04 0.04 0.03 
0.04 0.03 0.02 0.04 0.04 0.02 0.04 0.03 0.02 0.04 
0.05 0.02 0.02 0.05 0.02 0.02 0.05 0.03 0.03 0.02 
0.02 0.02 0.04 0.04 0.03 0.02 0.03 0.04 0.04 0.04 
0.02 0.02 0.02 0.03 0.02 0.02 0.02 0.04 0.02 0.03 
0.03 0.02 0.05 0.03 0.03 0.03 0.05 0.02 0.05 0.04 
0.04 0.04 0.03 0.04 0.04 0.02 0.02 0.04 0.05 0.02 
0.04 0.02 0.03 0.02 0.03 0.05 0.02 0.02 0.02 0.02 
0.03 0.02 0.04 0.03 0.02 0.03 0.04 0.04 0.03 0.03 
0.05 0.02 0.05 0.02 0.02 0.03 0.05 0.03 0.03 0.03 
0.05 0.02 0.05 0.05 0.02 0.02 0.05 0.04 0.03 0.03 
0.03 0.03 0.05 0.02 0.02 0.03 0.04 0.03 0.05 0.04 
0.02 0.04 0.05 0.04 0.02 0.05 0.05 0.02 0.04 0.04 
0.04 0.03 0.02 0.04 0.05 0.05 0.03 0.05 0.03 0.03 
0.05 0.02 0.02 0.02 0.04 0.04 0.03 0.04 0.05 0.04 
0.05 0.05 0.04 0.02 0.02 0.05 0.03 0.05 0.02 0.04 
0.04 0.05 0.04 0.05 0.05 0.04 0.02 0.02 0.04 0.02 
0.03 0.04 0.05 0.03 0.02 0.04 0.02 0.04 0.04 0.03 
0.05 0.02 0.02 0.04 0.03 0.05 0.04 0.03 0.05 0.04 
0.02 0.02 0.03 0.04 0.03 0.03 0.03 0.05 0.04 0.04 
0.05 0.02 0.04 0.03 0.02 0.02 0.04 0.02 0.02 0.05 
0.05 0.02 0.04 0.05 0.02 0.05 0.05 0.02 0.03 0.03 
0.03 0.03 0.04 0.03 0.04 0.03 0.05 0.04 0.02 0.04 
0.05 0.03 0.05 0.04 0.02 0.04 0.04 0.02 0.03 0.04 
0.05 0.03 0.04 0.05 0.04 0.04 0.02 0.02 0.02 0.03 
0.03 0.03 0.04 0.03 0.02 0.02 0.03 0.03 0.03 0.04 
0.05 0.02 0.05 0.03 0.03 0.05 0.03 0.04 0.02 0.04 
0.03 0.04 0.04 0.04 0.03 0.05 0.02 0.04 0.03 0.05 
0.05 0.05 0.05 0.05 0.02 0.04 0.04 0.02 0.05 0.02 
0.05 0.02 0.02 0.02 0.04 0.03 0.02 0.05 0.04 0.03 
0.03 0.03 0.03 0.03 0.03 0.03 0.05 0.02 0.03 0.02 
0.05 0.02 0.02 0.04 0.02 0.04 0.02 0.04 0.04 0.03 
0.02 0.03 0.02 0.02 0.02 0.05 0.05 0.04 0.04 0.05 
0.03 0.04 0.03 0.03 0.05 0.05 0.04 0.04 0.02 0.03 
0.03 0.05 0.05 0.03 0.02 0.02 0.03 0.02 0.03 0.03 
0.04 0.04 0.04 0.03 0.04 0.03 0.04 0.04 0.02 0.05 
0.04 0.02 0.03 0.03 0.05 0.05 0.04 0.03 0.03 0.05 
0.05 0.05 0.02 0.04 0.03 0.05 0.02 0.02 0.02 0.02 
0.0290343 0.0483904 0.0193562 0.0290343 0.0483904 0.0193562 0.0483904 0.0193562 0.0387123 0.0290343 
0.0483904 0.0483904 0.0290343 0.0387123 0.0231685 0.0290343 0.0387123 0.0193562 0.0193562 0.0290343 
0.0193562 0.0387123 0.0290343 0.0193562 0.0290343 0.0387123 0.0387123 0.0290343 0.0193562 0.0387123 
0.0483904 0.0290343 0.0483904 0.0193562 0.0387123 0.0417315 0.0685241 0.0387123 0.0416411 0.0387123 
0.0193562 0.0483904 0.0387123 0.0483904 0.0483904 0.0331515 0.0193562 0.0193562 0.0290343 0.0193562 
0.0483904 0.0193562 0.0193562 0.0290343 0.0686824 0.0387123 0.0483904 0.0387123 0.0290343 0.0193562 
0.0193562 0.0290343 0.0483904 0.063108 0.0387123 0.0483904 0.0483904 0.0290343 0.0290343 0.0387123 
0.0387123 0.0290343 0.0483904 0.0483904 0.0518549 0.0193562 0.0193562 0.0193562 0.0387123 0.0193562 
0.0483904 0.0483904 0.0193562 0.0290343 0.0290343 0.0354995 0.0527538 0.0193562 0.0483904 0.0290343 
0.0387123 0.0193562 0.0290343 0.0483904 0.0290343 0.0387123 0.0483904 0.0290343 0.0290343 0.0483904 
0.03 0.02 0.05 0.05 0.04 0.04 0.05 0.04 0.02 0.04 
0.03 0.03 0.02 0.03 0.02 0.02 0.04 0.03 0.05 0.04 
0.02 0.03 0.04 0.02 0.05 0.02 0.02 0.04 0.05 0.02 
0.02 0.02 0.04 0.02 0.04 0.03 0.04 0.03 0.02 0.02 
0.02 0.03 0.04 0.03 0.02 0.02 0.05 0.05 0.03 0.02 
0.04 0.04 0.02 0.03 0.04 0.04 0.05 0.03 0.02 0.04 
0.02 0.02 0.04 0.05 0.02 0.02 0.03 0.04 0.04 0.02 
0.04 0.05 0.05 0.02 0.05 0.02 0.04 0.05 0.04 0.03 
0.05 0.05 0.05 0.02 0.02 0.04 0.03 0.02 0.03 0.05 
0.04 0.04 0.04 0.02 0.03 0.02 0.02 0.02 0.02 0.02 
0.05 0.04 0.04 0.05 0.02 0.05 0.03 0.02 0.02 0.03 
0.05 0.04 0.04 0.03 0.03 0.04 0.03 0.05 0.03 0.02 
0.03 0.03 0.04 0.03 0.05 0.03 0.02 0.02 0.04 0.03 
0.05 0.05 0.03 0.03 0.05 0.03 0.03 0.03 0.02 0.05 
0.02 0.04 0.02 0.03 0.02 0.04 0.05 0.05 0.02 0.03 
0.04 0.04 0.05 0.03 0.02 0.05 0.05 0.04 0.02 0.04 
0.05 0.02 0.04 0.02 0.02 0.04 0.05 0.04 0.05 0.03 
0.03 0.05 0.05 0.04 0.03 0.03 0.05 0.02 0.05 0.04 
0.02 0.03 0.05 0.04 0.04 0.03 0.02 0.03 0.02 0.05 
0.05 0.04 0.02 0.04 0.03 0.05 0.03 0.05 0.03 0.04 
0.0476937 0.0286162 0.0190775 0.0381549 0.0676934 0.0381549 0.0190775 0.0381549 0.0286162 0.0190775 
0.0476937 0.0190775 0.0476937 0.0286162 0.0381549 0.0286162 0.0381549 0.0476937 0.0190775 0.0190775 
0.0286162 0.0286162 0.0381549 0.0476937 0.0190775 0.0381549 0.0286162 0.0190775 0.0286162 0.0381549 
0.0381549 0.0286162 0.0381549 0.0190775 0.0190775 0.0498037 0.0698363 0.0476937 0.0190775 0.0190775 
0.0381549 0.0381549 0.0476937 0.0476937 0.0381549 0.0476937 0.0286162 0.0476937 0.0286162 0.0190775 
0.0381549 0.0476937 0.0381549 0.0381549 0.067699 0.0286162 0.0286162 0.0286162 0.0476937 0.0381549 
0.0381549 0.0190775 0.0286162 0.0570556 0.0190775 0.0476937 0.0476937 0.0286162 0.0190775 0.0286162 
0.0381549 0.0381549 0.0286162 0.0476937 0.058358 0.0190775 0.0190775 0.0190775 0.0190775 0.0286162 
0.0476937 0.0476937 0.0476937 0.0286162 0.0381549 0.0676934 0.0473238 0.0381549 0.0381549 0.0412201 
0.0190775 0.0381549 0.0190775 0.0286162 0.0476937 0.0381549 0.0286162 0.0381549 0.0381549 0.0476937 
0.0110007 0.00622978 0.00311489 0.00622978 0.0356729 0.00778723 0.00727281 0.0610617 0.0503855 0.00467234 
0.00778723 0.0602444 0.00778723 0.0121433 0.00528568 0.00622978 0.0701659 0.0113107 0.00311489 0.0787186 
0.00716695 0.0297179 0.00311489 0.00311489 0.0303823 0.00311489 0.00467234 0.00622978 0.00467234 0.00467234 
0.0489589 0.00311489 0.00635627 0.00982831 0.00311489 0.138176 0.137262 0.00622978 0.00358607 0.0249727 
0.00467234 0.00467234 0.00467234 0.0211189 0.0568609 0.125208 0.00311489 0.00925364 0.0758332 0.00778723 
0.0117892 0.00467234 0.0476884 0.00728311 0.134541 0.0398611 0.0539128 0.00467234 0.00778723 0.012322 
0.00622978 0.0409709 0.00778723 0.143418 0.00467234 0.0844387 0.0142714 0.0148948 0.00311489 0.0570548 
0.0376414 0.00467234 0.00311489 0.00622978 0.116238 0.11997 0.0304506 0.0295203 0.00778723 0.00311489 
0.0259618 0.0189087 0.0277679 0.0172674 0.00311489 0.137262 0.12429 0.0124676 0.00311489 0.0419982 
0.00778723 0.00311489 0.0781001 0.0108567 0.00311489 0.0882962 0.117 0.109608 0.00778723 0.00622978 
0.03 0.04 0.05 0.03 0.05 0.05 0.03 0.04 0.04 0.04 
0.05 0.03 0.04 0.03 0.05 0.05 0.04 0.05 0.02 0.03 
0.02 0.03 0.02 0.05 0.02 0.04 0.02 0.05 0.05 0.03 
0.04 0.03 0.02 0.03 0.03 0.05 0.02 0.03 0.05 0.05 
0.04 0.05 0.04 0.03 0.03 0.02 0.02 0.03 0.03 0.02 
0.04 0.02 0.05 0.03 0.04 0.02 0.02 0.02 0.05 0.04 
0.05 0.04 0.04 0.05 0.04 0.02 0.05 0.05 0.05 0.03 
0.05 0.05 0.05 0.05 0.03 0.05 0.02 0.02 0.04 0.02 
0.05 0.04 0.05 0.05 0.03 0.03 0.02 0.03 0.02 0.02 
0.02 0.03 0.02 0.03 0.03 0.04 0.02 0.04 0.02 0.03 
0.04 0.02 0.05 0.04 0.05 0.05 0.05 0.02 0.04 0.04 
0.05 0.05 0.04 0.05 0.05 0.05 0.02 0.05 0.03 0.04 
0.05 0.04 0.02 0.04 0.05 0.02 0.02 0.02 0.02 0.02 
0.05 0.03 0.03 0.03 0.05 0.04 0.02 0.02 0.05 0.05 
0.02 0.03 0.03 0.04 0.05 0.02 0.03 0.02 0.03 0.05 
0.02 0.02 0.03 0.04 0.03 0.05 0.03 0.05 0.05 0.02 
0.02 0.05 0.05 0.04 0.05 0.02 0.03 0.04 0.02 0.02 
0.05 0.03 0.02 0.05 0.03 0.04 0.04 0.02 0.05 0.02 
0.04 0.02 0.04 0.02 0.05 0.03 0.02 0.05 0.04 0.04 
0.02 0.05 0.02 0.02 0.02 0.05 0.03 0.03 0.03 0.04 
0.036942 0.036942 0.018471 0.0461775 0.0661746 0.018471 0.0277065 0.0277065 0.0277065 0.0277065 
0.0461775 0.0277065 0.0461775 0.0277065 0.0221072 0.0277065 0.018471 0.0461775 0.0461775 0.018471 
0.018471 0.0461775 0.0461775 0.0277065 0.018471 0.018471 0.0277065 0.0277065 0.0277065 0.0461775 
0.0461775 0.0277065 0.0277065 0.0277065 0.036942 0.0511671 0.0875301 0.0277065 0.0489708 0.018471 
0.036942 0.018471 0.018471 0.018471 0.0461775 0.0316336 0.0277065 0.0461775 0.018471 0.018471 
0.036942 0.0461775 0.036942 0.018471 0.0763103 0.0277065 0.036942 0.018471 0.0277065 0.036942 
0.036942 0.036942 0.036942 0.0791221 0.036942 0.018471 0.036942 0.018471 0.0461775 0.0277065 
0.018471 0.0277065 0.036942 0.036942 0.0696853 0.0277065 0.0461775 0.018471 0.0461775 0.036942 
0.0461775 0.036942 0.018471 0.0277065 0.036942 0.0538705 0.0782841 0.0277065 0.036942 0.0590817 
0.036942 0.018471 0.0461775 0.0277065 0.036942 0.0461775 0.0461775 0.0461775 0.0461775 0.0277065 
0.04 0.05 0.03 0.03 0.04 0.02 0.02 0.03 0.05 0.02 
0.02 0.05 0.02 0.04 0.04 0.02 0.05 0.03 0.05 0.05 
0.04 0.05 0.03 0.02 0.05 0.02 0.02 0.04 0.05 0.03 
0.02 0.04 0.02 0.02 0.04 0.04 0.02 0.04 0.04 0.04 
0.03 0.02 0.05 0.05 0.03 0.03 0.05 0.05 0.03 0.03 
0.05 0.03 0.03 0.03 0.05 0.03 0.05 0.05 0.03 0.05 
0.02 0.05 0.03 0.04 0.04 0.03 0.04 0.02 0.04 0.02 
0.02 0.04 0.05 0.04 0.03 0.04 0.05 0.04 0.04 0.03 
0.03 0.04 0.03 0.05 0.04 0.05 0.05 0.05 0.05 0.04 
0.04 0.04 0.05 0.04 0.05 0.02 0.04 0.04 0.03 0.02 
0.05 0.04 0.03 0.04 0.05 0.05 0.04 0.04 0.05 0.05 
0.03 0.04 0.04 0.02 0.03 0.04 0.02 0.03 0.04 0.04 
0.04 0.05 0.04 0.03 0.02 0.02 0.04 0.05 0.05 0.05 
0.05 0.02 0.03 0.04 0.02 0.02 0.03 0.04 0.03 0.02 
0.03 0.02 0.03 0.05 0.04 0.02 0.02 0.04 0.03 0.04 
0.02 0.05 0.02 0.05 0.05 0.02 0.04 0.03 0.05 0.03 
0.05 0.02 0.04 0.04 0.05 0.03 0.05 0.02 0.05 0.03 
0.05 0.05 0.02 0.04 0.02 0.02 0.02 0.02 0.02 0.02 
0.03 0.04 0.03 0.02 0.03 0.05 0.02 0.05 0.05 0.03 
0.04 0.04 0.05 0.04 0.03 0.02 0.04 0.04 0.02 0.02 
0.02 0.04 0.03 0.02 0.03 0.03 0.02 0.04 0.04 0.03 
0.02 0.05 0.04 0.04 0.02 0.03 0.03 0.03 0.04 0.04 
0.03 0.04 0.04 0.05 0.03 0.03 0.02 0.04 0.04 0.04 
0.05 0.04 0.04 0.02 0.02 0.05 0.05 0.03 0.03 0.02 
0.04 0.05 0.02 0.05 0.02 0.05 0.04 0.03 0.04 0.04 
0.02 0.04 0.05 0.04 0.02 0.04 0.02 0.05 0.03 0.04 
0.05 0.02 0.04 0.03 0.02 0.03 0.02 0.02 0.04 0.02 
0.05 0.05 0.02 0.03 0.05 0.02 0.04 0.02 0.05 0.05 
0.02 0.03 0.03 0.03 0.03 0.02 0.04 0.05 0.02 0.02 
0.03 0.02 0.02 0.03 0.03 0.05 0.05 0.03 0.05 0.05 
0.05 0.02 0.03 0.05 0.03 0.05 0.02 0.02 0.03 0.03 
0.03 0.04 0.05 0.02 0.03 0.05 0.05 0.03 0.03 0.05 
0.05 0.02 0.03 0.03 0.05 0.04 0.02 0.02 0.03 0.04 
0.02 0.05 0.05 0.03 0.02 0.05 0.03 0.04 0.02 0.04 
0.05 0.05 0.03 0.05 0.04 0.02 0.02 0.04 0.04 0.03 
0.02 0.03 0.02 0.05 0.02 0.05 0.05 0.05 0.03 0.05 
0.02 0.02 0.02 0.04 0.04 0.05 0.03 0.04 0.05 0.05 
0.02 0.05 0.02 0.05 0.02 0.04 0.02 0.05 0.02 0.02 
0.05 0.04 0.04 0.04 0.02 0.02 0.03 0.03 0.04 0.05 
0.03 0.02 0.05 0.03 0.03 0.02 0.02 0.02 0.02 0.02 
0.0192656 0.0288985 0.0481641 0.0192656 0.0385313 0.0288985 0.0385313 0.0385313 0.0363391 0.0481641 
0.0192656 0.0385313 0.0288985 0.0481641 0.0481641 0.0288985 0.0192656 0.0481641 0.0192656 0.0288985 
0.0385313 0.0288985 0.0481641 0.0288985 0.0288985 0.0479117 0.0288985 0.0481641 0.0192656 0.0192656 
0.0192656 0.0537054 0.0288985 0.0481641 0.0288985 0.0513306 0.0643837 0.0385313 0.0481641 0.0481641 
0.0192656 0.0288985 0.0192656 0.0192656 0.0481641 0.0385313 0.0288985 0.0288985 0.0192656 0.0192656 
0.0385313 0.0481641 0.0192656 0.0192656 0.0378207 0.0481641 0.0385313 0.0385313 0.0481641 0.0385313 
0.0385313 0.0385313 0.0192656 0.0334996 0.0288985 0.0192656 0.0192656 0.0385313 0.0192656 0.0481641 
0.0385313 0.0288985 0.0481641 0.0385313 0.0672023 0.0192656 0.0192656 0.0481641 0.0288985 0.0481641 
0.0192656 0.0192656 0.0481641 0.0192656 0.0385313 0.0507404 0.0512595 0.0385313 0.0288985 0.0192656 
0.0192656 0.0192656 0.0481641 0.0288985 0.0385313 0.0481641 0.0385313 0.0481641 0.0481641 0.0481641 
0.04 0.05 0.04 0.04 0.04 0.02 0.03 0.04 0.03 0.02 
0.02 0.03 0.03 0.03 0.03 0.05 0.05 0.03 0.05 0.03 
0.05 0.05 0.03 0.02 0.04 0.04 0.02 0.05 0.05 0.02 
0.02 0.05 0.03 0.05 0.03 0.03 0.04 0.04 0.02 0.04 
0.04 0.03 0.03 0.05 0.02 0.03 0.04 0.05 0.04 0.03 
0.05 0.04 0.04 0.03 0.03 0.05 0.04 0.05 0.03 0.05 
0.04 0.02 0.04 0.02 0.02 0.03 0.02 0.03 0.03 0.03 
0.05 0.02 0.05 0.04 0.05 0.04 0.03 0.05 0.02 0.02 
0.03 0.05 0.03 0.03 0.03 0.05 0.04 0.04 0.05 0.03 
0.04 0.02 0.04 0.05 0.05 0.05 0.03 0.02 0.02 0.03 
0.02 0.04 0.02 0.05 0.03 0.03 0.02 0.02 0.03 0.03 
0.04 0.03 0.03 0.04 0.03 0.02 0.04 0.02 0.02 0.05 
0.05 0.03 0.02 0.03 0.04 0.04 0.03 0.04 0.03 0.03 
0.05 0.04 0.03 0.03 0.03 0.03 0.04 0.05 0.03 0.03 
0.05 0.03 0.03 0.03 0.04 0.04 0.05 0.02 0.05 0.03 
0.04 0.02 0.05 0.02 0.03 0.02 0.02 0.05 0.02 0.02 
0.03 0.03 0.02 0.05 0.04 0.02 0.05 0.02 0.03 0.02 
0.04 0.05 0.03 0.04 0.05 0.05 0.04 0.02 0.05 0.05 
0.04 0.02 0.02 0.03 0.04 0.04 0.05 0.03 0.05 0.02 
0.04 0.04 0.04 0.03 0.04 0.04 0.02 0.04 0.03 0.03 
0.03 0.03 0.02 0.02 0.05 0.04 0.02 0.04 0.04 0.05 
0.03 0.04 0.03 0.02 0.03 0.02 0.04 0.02 0.05 0.05 
0.05 0.04 0.04 0.05 0.03 0.05 0.02 0.05 0.04 0.02 
0.02 0.03 0.04 0.05 0.05 0.04 0.02 0.03 0.03 0.04 
0.03 0.03 0.03 0.05 0.02 0.05 0.04 0.03 0.05 0.03 
0.05 0.03 0.04 0.04 0.05 0.04 0.05 0.05 0.02 0.03 
0.05 0.04 0.03 0.02 0.05 0.03 0.03 0.05 0.02 0.03 
0.02 0.02 0.05 0.02 0.04 0.02 0.03 0.05 0.05 0.03 
0.05 0.05 0.04 0.02 0.02 0.04 0.05 0.05 0.05 0.03 
0.02 0.03 0.02 0.02 0.02 0.03 0.03 0.02 0.05 0.02 
0.0380558 0.0190279 0.0190279 0.0190279 0.0285418 0.0380558 0.0475697 0.0380558 0.0190279 0.0285418 
0.0380558 0.0380558 0.0190279 0.0380558 0.0475697 0.0190279 0.0475697 0.0380558 0.0475697 0.0536552 
0.0380558 0.0380558 0.0285418 0.0380558 0.0285418 0.0285418 0.0380558 0.0380558 0.0475697 0.0285418 
0.0380558 0.0475697 0.0475697 0.0475697 0.0285418 0.0664534 0.0475697 0.0475697 0.0475697 0.0380558 
0.0190279 0.0475697 0.0475697 0.0475697 0.0380558 0.02853 0.0190279 0.0475697 0.0190279 0.0475697 
0.0666019 0.0475697 0.0220454 0.0380558 0.0380558 0.0666019 0.0285418 0.0475697 0.0475697 0.0190279 
0.0285418 0.0285418 0.0380558 0.0380558 0.0475697 0.0601408 0.0190279 0.0190279 0.0380558 0.0190279 
0.0475697 0.0475697 0.0380558 0.0190279 0.0380558 0.0472897 0.0475697 0.0285418 0.0285418 0.0475697 
0.0285418 0.0380558 0.0285418 0.0380558 0.0190279 0.0309326 0.0380267 0.0190279 0.0475697 0.0475697 
0.0655121 0.0190279 0.0190279 0.0190279 0.0190279 0.0584812 0.0275896 0.0502768 0.0190279 0.0285418 
0.04 0.03 0.02 0.02 0.03 0.03 0.04 0.03 0.05 0.03 
0.03 0.03 0.05 0.03 0.02 0.05 0.02 0.02 0.03 0.03 
0.02 0.02 0.05 0.03 0.05 0.03 0.04 0.02 0.02 0.03 
0.02 0.02 0.03 0.04 0.04 0.02 0.05 0.02 0.04 0.05 
0.05 0.03 0.05 0.05 0.02 0.02 0.05 0.04 0.03 0.05 
0.03 0.05 0.05 0.02 0.04 0.04 0.02 0.04 0.05 0.02 
0.04 0.02 0.02 0.03 0.03 0.05 0.03 0.05 0.05 0.04 
0.03 0.05 0.05 0.03 0.04 0.02 0.03 0.03 0.02 0.04 
0.03 0.02 0.03 0.04 0.02 0.03 0.03 0.03 0.03 0.05 
0.04 0.04 0.03 0.02 0.02 0.04 0.05 0.03 0.03 0.02 
0.05 0.04 0.05 0.02 0.05 0.05 0.03 0.03 0.04 0.03 
0.04 0.02 0.03 0.03 0.03 0.05 0.05 0.05 0.03 0.02 
0.03 0.02 0.02 0.05 0.05 0.04 0.02 0.04 0.05 0.05 
0.02 0.02 0.05 0.04 0.05 0.02 0.04 0.05 0.04 0.05 
0.04 0.05 0.02 0.02 0.04 0.02 0.04 0.03 0.03 0.05 
0.02 0.04 0.05 0.03 0.02 0.05 0.05 0.05 0.02 0.05 
0.02 0.05 0.05 0.04 0.02 0.04 0.02 0.02 0.05 0.05 
0.02 0.03 0.04 0.03 0.02 0.02 0.03 0.05 0.02 0.03 
0.02 0.03 0.02 0.03 0.04 0.04 0.04 0.02 0.04 0.02 
0.03 0.04 0.02 0.04 0.03 0.02 0.05 0.03 0.03 0.02 
0.04 0.04 0.05 0.04 0.05 0.04 0.04 0.04 0.05 0.02 
0.02 0.02 0.05 0.03 0.02 0.05 0.02 0.03 0.03 0.02 
0.04 0.05 0.05 0.03 0.05 0.02 0.03 0.05 0.02 0.03 
0.03 0.03 0.02 0.02 0.04 0.02 0.05 0.05 0.02 0.02 
0.02 0.03 0.03 0.02 0.03 0.05 0.04 0.02 0.05 0.04 
0.05 0.03 0.03 0.05 0.05 0.02 0.05 0.05 0.02 0.02 
0.05 0.03 0.05 0.03 0.05 0.04 0.04 0.05 0.03 0.04 
0.04 0.04 0.04 0.03 0.03 0.03 0.05 0.05 0.05 0.04 
0.05 0.03 0.05 0.02 0.02 0.05 0.04 0.02 0.04 0.05 
0.03 0.02 0.04 0.02 0.04 0.05 0.03 0.04 0.04 0.04 
0.03 0.05 0.05 0.05 0.02 0.04 0.04 0.02 0.05 0.05 
0.04 0.04 0.02 0.04 0.03 0.03 0.04 0.02 0.04 0.02 
0.05 0.02 0.05 0.03 0.02 0.04 0.04 0.04 0.02 0.04 
0.05 0.05 0.02 0.05 0.05 0.02 0.02 0.03 0.02 0.04 
0.02 0.05 0.02 0.04 0.05 0.04 0.02 0.02 0.02 0.04 
0.02 0.04 0.03 0.02 0.02 0.05 0.04 0.05 0.03 0.05 
0.05 0.03 0.03 0.04 0.03 0.03 0.03 0.05 0.03 0.04 
0.05 0.04 0.05 0.05 0.03 0.02 0.05 0.02 0.02 0.05 
0.05 0.03 0.02 0.02 0.05 0.04 0.05 0.05 0.05 0.03 
0.03 0.03 0.03 0.04 0.02 0.05 0.04 0.05 0.03 0.03 
0.05 0.03 0.02 0.04 0.03 0.03 0.04 0.04 0.04 0.04 
0.02 0.04 0.03 0.05 0.02 0.02 0.04 0.04 0.03 0.04 
0.02 0.05 0.05 0.03 0.03 0.05 0.03 0.02 0.04 0.05 
0.04 0.02 0.02 0.04 0.03 0.02 0.04 0.03 0.03 0.03 
0.05 0.05 0.05 0.04 0.04 0.03 0.02 0.05 0.02 0.03 
0.03 0.05 0.03 0.02 0.05 0.05 0.02 0.03 0.04 0.04 
0.02 0.04 0.02 0.04 0.05 0.03 0.05 0.05 0.05 0.05 
0.03 0.04 0.03 0.03 0.05 0.05 0.02 0.03 0.02 0.02 
0.04 0.04 0.03 0.03 0.04 0.05 0.02 0.04 0.05 0.02 
0.03 0.04 0.04 0.02 0.03 0.05 0.02 0.04 0.02 0.02 
0.05 0.05 0.04 0.05 0.05 0.05 0.04 0.02 0.03 0.05 
0.05 0.02 0.02 0.04 0.04 0.02 0.02 0.04 0.05 0.02 
0.02 0.04 0.03 0.02 0.03 0.05 0.05 0.03 0.04 0.05 
0.02 0.03 0.04 0.05 0.05 0.04 0.03 0.03 0.05 0.05 
0.04 0.05 0.04 0.04 0.05 0.04 0.02 0.03 0.05 0.05 
0.03 0.02 0.05 0.05 0.03 0.05 0.02 0.03 0.04 0.02 
0.02 0.02 0.05 0.04 0.05 0.03 0.05 0.04 0.03 0.04 
0.02 0.05 0.03 0.02 0.05 0.05 0.03 0.03 0.05 0.04 
0.05 0.02 0.03 0.05 0.04 0.03 0.03 0.05 0.04 0.02 
0.02 0.04 0.05 0.02 0.02 0.05 0.02 0.04 0.05 0.05 
0.04 0.03 0.03 0.03 0.03 0.02 0.05 0.02 0.05 0.05 
0.04 0.04 0.04 0.03 0.05 0.05 0.03 0.05 0.04 0.05 
0.02 0.02 0.02 0.04 0.03 0.02 0.05 0.05 0.04 0.05 
0.05 0.04 0.04 0.05 0.04 0.04 0.05 0.05 0.02 0.04 
0.03 0.03 0.03 0.03 0.03 0.05 0.05 0.02 0.05 0.02 
0.02 0.02 0.02 0.03 0.05 0.05 0.03 0.04 0.03 0.04 
0.04 0.02 0.02 0.05 0.05 0.02 0.03 0.05 0.04 0.05 
0.02 0.03 0.02 0.04 0.02 0.02 0.04 0.05 0.04 0.02 
0.04 0.04 0.03 0.05 0.05 0.02 0.02 0.04 0.02 0.04 
0.02 0.05 0.04 0.02 0.05 0.04 0.05 0.02 0.03 0.03 
0.04 0.03 0.02 0.03 0.02 0.04 0.05 0.04 0.05 0.02 
0.03 0.02 0.04 0.02 0.02 0.02 0.03 0.03 0.04 0.02 
0.04 0.04 0.05 0.02 0.03 0.05 0.04 0.04 0.04 0.03 
0.04 0.05 0.04 0.05 0.04 0.05 0.04 0.02 0.03 0.04 
0.02 0.02 0.05 0.05 0.05 0.03 0.05 0.03 0.05 0.05 
0.02 0.03 0.05 0.05 0.02 0.04 0.03 0.03 0.04 0.04 
0.04 0.05 0.05 0.02 0.05 0.03 0.04 0.04 0.05 0.05 
0.05 0.04 0.04 0.03 0.05 0.02 0.02 0.05 0.02 0.02 
0.02 0.03 0.04 0.02 0.05 0.04 0.02 0.05 0.02 0.03 
0.04 0.03 0.04 0.03 0.02 0.05 0.05 0.05 0.02 0.04 
0.0285735 0.0285735 0.0476225 0.0285735 0.0675924 0.0285735 0.0476225 0.019049 0.0476225 0.0476225 
0.038098 0.0476225 0.038098 0.019049 0.0285735 0.0285735 0.038098 0.019049 0.019049 0.0476225 
0.038098 0.0285735 0.0285735 0.038098 0.0285735 0.019049 0.019049 0.038098 0.019049 0.019049 
0.038098 0.019049 0.019049 0.0285735 0.0476225 0.0497324 0.069732 0.038098 0.019049 0.038098 
0.0476225 0.019049 0.019049 0.0285735 0.0285735 0.0476225 0.019049 0.038098 0.038098 0.0476225 
0.0285735 0.038098 0.019049 0.019049 0.067617 0.038098 0.0476225 0.038098 0.038098 0.019049 
0.019049 0.038098 0.0285735 0.0665164 0.038098 0.0476225 0.038098 0.038098 0.038098 0.019049 
0.0285735 0.019049 0.0285735 0.038098 0.0582865 0.0285735 0.019049 0.0285735 0.0476225 0.038098 
0.019049 0.038098 0.019049 0.038098 0.019049 0.0580679 0.0377531 0.0285735 0.038098 0.069732 
0.0285735 0.038098 0.038098 0.038098 0.038098 0.019049 0.0285735 0.019049 0.038098 0.0476225 
0.04 0.05 0.02 0.05 0.02 0.04 0.04 0.03 0.05 0.02 
0.04 0.03 0.04 0.04 0.03 0.02 0.05 0.03 0.02 0.03 
0.02 0.03 0.02 0.02 0.04 0.05 0.02 0.04 0.04 0.02 
0.05 0.02 0.05 0.05 0.04 0.04 0.03 0.03 0.05 0.05 
0.05 0.04 0.05 0.02 0.04 0.04 0.03 0.04 0.02 0.03 
0.04 0.03 0.05 0.05 0.05 0.02 0.04 0.05 0.05 0.02 
0.04 0.03 0.04 0.05 0.03 0.02 0.03 0.04 0.04 0.05 
0.03 0.05 0.02 0.03 0.02 0.05 0.04 0.04 0.03 0.04 
0.04 0.03 0.04 0.04 0.03 0.05 0.03 0.02 0.05 0.05 
0.04 0.02 0.04 0.03 0.03 0.03 0.04 0.03 0.05 0.02 
0.02 0.04 0.05 0.05 0.05 0.02 0.03 0.03 0.02 0.02 
0.05 0.05 0.02 0.03 0.03 0.02 0.05 0.04 0.04 0.05 
0.04 0.05 0.04 0.04 0.04 0.02 0.04 0.02 0.02 0.04 
0.02 0.02 0.05 0.04 0.02 0.02 0.03 0.03 0.03 0.03 
0.02 0.02 0.05 0.04 0.02 0.03 0.04 0.04 0.03 0.05 
0.02 0.03 0.03 0.04 0.04 0.05 0.05 0.05 0.02 0.02 
0.05 0.05 0.05 0.04 0.05 0.04 0.04 0.02 0.05 0.02 
0.03 0.05 0.03 0.04 0.02 0.03 0.05 0.05 0.05 0.04 
0.04 0.02 0.05 0.04 0.03 0.04 0.02 0.04 0.05 0.03 
0.03 0.03 0.02 0.03 0.03 0.04 0.05 0.05 0.03 0.04 
0.05 0.03 0.04 0.04 0.05 0.04 0.04 0.04 0.02 0.02 
0.03 0.05 0.03 0.03 0.03 0.04 0.04 0.03 0.04 0.03 
0.03 0.04 0.02 0.04 0.04 0.03 0.05 0.02 0.03 0.04 
0.05 0.04 0.05 0.03 0.05 0.02 0.04 0.05 0.05 0.02 
0.05 0.04 0.05 0.02 0.03 0.04 0.02 0.04 0.02 0.03 
0.05 0.02 0.02 0.05 0.05 0.03 0.02 0.04 0.02 0.03 
0.05 0.04 0.03 0.05 0.03 0.03 0.02 0.02 0.04 0.04 
0.03 0.05 0.05 0.04 0.05 0.03 0.03 0.02 0.02 0.02 
0.04 0.03 0.04 0.04 0.05 0.02 0.03 0.03 0.02 0.05 
0.04 0.02 0.04 0.02 0.05 0.04 0.04 0.05 0.02 0.02 
0.03 0.05 0.02 0.03 0.03 0.03 0.02 0.04 0.04 0.05 
0.04 0.03 0.02 0.02 0.04 0.04 0.02 0.02 0.04 0.05 
0.05 0.03 0.04 0.03 0.05 0.05 0.04 0.04 0.05 0.05 
0.04 0.02 0.03 0.04 0.05 0.03 0.03 0.03 0.02 0.02 
0.02 0.05 0.03 0.04 0.03 0.05 0.02 0.02 0.03 0.05 
0.04 0.04 0.04 0.03 0.05 0.04 0.02 0.05 0.02 0.04 
0.03 0.04 0.02 0.05 0.02 0.04 0.03 0.05 0.04 0.02 
0.04 0.02 0.05 0.04 0.02 0.05 0.05 0.05 0.04 0.02 
0.03 0.04 0.04 0.05 0.05 0.05 0.04 0.04 0.05 0.03 
0.02 0.04 0.03 0.02 0.05 0.02 0.05 0.05 0.02 0.05 
